-9.987552816873926931e-01 1.001156712454711162e+00 1.236756316871774359e-03
-9.863487249565594528e-01 1.011141472028394217e+00 1.200898199380895370e-02
-9.584481425293754908e-01 1.035640022741084909e+00 2.789931275322080767e-02
-9.060924966458009377e-01 1.049086217210225991e+00 5.999811561865482645e-02
-8.163631945953894187e-01 1.070177899652594578e+00 7.365280592618803079e-02
-7.459572494400712461e-01 1.103039117670417735e+00 1.150295529677414358e-01
-6.693114509097805032e-01 1.091381731023017831e+00 1.290515311486181427e-01
-5.891422052993656733e-01 1.099154356755863260e+00 1.709848544039768714e-01
-5.138809765313415712e-01 1.143875207004608097e+00 1.804407136286710345e-01
-3.801740530056489931e-01 1.140210326077319092e+00 1.768154543141212676e-01
-2.776184638944296790e-01 1.176781137072058003e+00 2.251160197155171461e-01
-1.605590022969974884e-01 1.205247733792132125e+00 2.345820026918874757e-01
-7.029713457204296578e-02 1.172323385171398780e+00 2.903925032437836284e-01
5.261556106741185901e-03 1.080505774461380852e+00 3.472700034374333611e-01
3.936470768335777887e-02 1.080569198797376229e+00 4.501388155341429220e-01
9.097229988845992321e-02 1.080133185591027445e+00 5.014440454175098649e-01
1.360361221637132190e-01 1.022802267301577306e+00 5.144018931542927442e-01
1.974988748906109925e-01 1.019917558565046400e+00 5.228990669280751957e-01
2.378363930495905332e-01 1.036198536742665377e+00 4.835458176401291608e-01
3.214093461996112011e-01 1.012526179573974616e+00 6.526285827410673868e-01
4.409937145333154840e-01 9.922588005116638188e-01 6.469972279587566932e-01
5.355769063254480766e-01 9.693142474532405739e-01 6.432078501273027493e-01
5.894313856706774324e-01 9.166332115752784393e-01 6.483194729146444235e-01
6.192523504700516712e-01 8.716498646762659286e-01 5.519153534354851454e-01
6.077296628677180124e-01 8.929099923267698191e-01 5.153442566658255064e-01
6.330005419624489260e-01 8.633365264283757723e-01 5.256260572412314591e-01
6.235229539804170162e-01 8.684953880946967297e-01 6.777586566222875142e-01
6.882638746539976315e-01 8.611655672601632450e-01 7.136286791545976005e-01
7.282057632790571722e-01 8.876884019092384781e-01 7.449046317066437828e-01
7.144873949432548610e-01 8.779088230257581227e-01 8.412803430080912914e-01
7.548942808667533644e-01 8.992394051820915557e-01 7.847458335044684707e-01
7.972313187139339341e-01 8.955336612183090184e-01 7.780896032118408412e-01
7.871843230023790605e-01 8.915562817534596896e-01 8.098034668284194160e-01
8.810585240155714981e-01 9.581155611991525323e-01 8.137632039449345100e-01
8.164963466514155721e-01 9.150922236980623126e-01 7.904544311123365974e-01
9.030519364914009195e-01 9.048801099211016830e-01 8.312955806895387934e-01
8.547857023540093024e-01 9.792415779317182878e-01 8.564521951644769038e-01
8.543873208640815342e-01 9.486185581907349285e-01 8.243777377777354864e-01
8.720570963159656186e-01 9.185142651096699362e-01 8.462324857318428428e-01
8.884763395665342678e-01 9.357180586713754744e-01 8.545586042799592219e-01
8.435798627707823405e-01 9.595649105452352945e-01 8.425922025919330149e-01
8.619355290471826248e-01 1.011193350088271270e+00 8.644090632013978759e-01
8.713204688517142138e-01 9.362121507483734950e-01 8.727332880311593488e-01
8.694439495379573390e-01 9.415002357080107798e-01 8.724688209589257504e-01
9.266460964304495951e-01 9.061279011787658488e-01 8.666108552232214546e-01
9.618089294449010396e-01 9.204596023630222668e-01 8.042701918649154402e-01
9.810771265847163525e-01 8.915856717306073209e-01 9.183724121298696419e-01
1.013649071601892437e+00 8.638971376270474511e-01 8.945099323789803547e-01
1.033002248994198125e+00 8.462507162426621266e-01 9.439009338337610577e-01
1.073158269304677725e+00 9.250867268396119059e-01 9.342237705453186880e-01
9.671498874685253710e-01 9.691690944225629378e-01 8.319739656644574710e-01
9.490013675573446550e-01 1.000275362779147414e+00 8.894405049313367506e-01
1.003752070870363999e+00 9.533572937278121939e-01 9.230655939356091633e-01
9.876248919397493387e-01 9.621442049986291822e-01 1.014943047411079879e+00
1.021537212459577404e+00 1.028230868651985874e+00 9.645375186920553956e-01
9.034098846585508769e-01 9.851762444355917081e-01 9.718961342872374232e-01
9.528642526360894260e-01 9.476631753435571515e-01 9.650357147918974254e-01
1.043758383047617588e+00 8.626151877637444620e-01 9.434694338928771851e-01
1.056339138377578202e+00 8.829297391950982066e-01 8.797587282122926178e-01
1.085385024055355752e+00 9.841224487217817840e-01 9.191434058934273565e-01
1.065993345720048113e+00 1.000466085006280315e+00 9.327612948649220970e-01
1.058679482179188724e+00 9.906015102542362616e-01 9.053306735875773503e-01
1.077637209384610939e+00 9.743763894715469220e-01 8.814752359824455930e-01
1.054577135386256748e+00 9.118704650161049141e-01 8.893865327891883332e-01
1.030678184394586250e+00 9.549875019007442178e-01 9.562501704715129502e-01
1.047725758895302839e+00 9.452096465381923940e-01 9.399434305609702944e-01
1.127021934388394264e+00 9.527724200779502661e-01 9.328377235495028952e-01
1.103024399113385456e+00 1.039120713663682194e+00 8.968985404841935960e-01
1.121384255653104400e+00 9.953824751129715098e-01 8.696485460037438608e-01
1.128166648890005730e+00 9.321595928199538639e-01 8.604124828775568945e-01
1.122446159963984114e+00 9.287781605135998486e-01 8.894677820432717041e-01
1.019547655807767850e+00 8.902255412381102628e-01 8.884334129874226216e-01
9.682950770388427664e-01 9.399743371953099835e-01 8.762341200581895695e-01
9.576140162796101807e-01 9.644432829228989368e-01 8.521451908397632558e-01
9.415239391721899054e-01 9.279848746076480026e-01 8.695885128030597100e-01
1.020642812717486692e+00 9.740286175536485569e-01 8.476951635621795544e-01
9.777756362280116686e-01 1.045724534316935017e+00 8.844529036521929788e-01
9.528099949725918894e-01 1.067111728823018302e+00 8.875586014212605290e-01
1.032229935068233129e+00 1.072115804760661151e+00 8.862547406701559716e-01
9.853194119495766179e-01 9.913773065039992449e-01 8.676422542832538110e-01
9.905154157596656184e-01 9.648972930034651618e-01 8.851839204952485218e-01
1.024910129884790910e+00 1.045154743809430631e+00 9.036039136884788103e-01
1.067308319386952364e+00 9.902165374041251855e-01 8.873918882298379440e-01
1.082679847323072986e+00 9.296852096552596922e-01 8.790704739861162631e-01
1.003460386989010411e+00 9.739799129940550637e-01 8.883779954360699893e-01
9.327794772120772127e-01 1.019331670390853484e+00 8.961306621885702928e-01
8.848843347678225779e-01 1.115624748017782553e+00 9.181967783592124288e-01
9.224481524739774896e-01 1.050206542471565196e+00 9.221376654480988311e-01
8.490201584404794000e-01 1.036903389177114665e+00 9.170781658523369240e-01
8.639510343531602299e-01 1.041387690118718901e+00 9.045319399706869268e-01
8.338143032022379275e-01 1.042970301739129635e+00 9.321267599579774465e-01
7.945454174364530164e-01 9.976025653536912952e-01 9.293465093649797559e-01
7.908180013553216536e-01 1.043426099139584284e+00 9.692279564355298360e-01
8.265025031448898218e-01 9.991329053493935852e-01 9.924067367719580091e-01
9.022743678225301212e-01 1.029976239469084565e+00 1.182851695138144255e+00
9.180787633105216283e-01 9.951877447742442095e-01 1.164330329095462746e+00
9.010529293965644504e-01 9.661170253161183163e-01 1.110604822856708696e+00
9.144064569289441780e-01 1.042020924033266294e+00 1.228832589832409949e+00
9.233563585004539442e-01 9.972356381272070580e-01 1.246873941259619922e+00
8.847066899494940850e-01 1.005426020342730320e+00 1.273231839893943729e+00
9.630668014241700048e-01 1.042365686155610982e+00 1.299331283655266178e+00
9.418120691531373101e-01 1.055837234641236577e+00 1.316120851620287580e+00
9.363850313440494899e-01 9.979163878072407901e-01 1.302430006072590851e+00
9.876340530177019073e-01 1.031402683728397163e+00 1.275990418801294268e+00
1.017941851192572633e+00 1.037428724930784307e+00 1.228494499972285992e+00
9.359437740157352525e-01 1.030400945868002349e+00 1.277897658108049894e+00
1.011708138931580070e+00 1.013754199154275337e+00 1.359865896387538298e+00
9.311667444995050946e-01 1.049172024928169300e+00 1.401717644740976487e+00
9.008139876522168743e-01 9.795554655379768993e-01 1.391555261746640459e+00
8.939457065819442771e-01 1.032191409099924462e+00 1.338569227916848625e+00
9.471756092918997005e-01 1.008624841940898298e+00 1.225827263661755984e+00
9.159783998279200645e-01 9.383378874551033810e-01 1.113110518478061861e+00
9.250108241303364176e-01 8.766000722581819282e-01 1.170118715920548169e+00
9.248893205403168061e-01 9.508445445380246941e-01 1.160793695794293034e+00
1.326024231527916486e+00 9.283851575405596135e-01 2.438131684552432787e+00
8.541906282442838227e-01 9.497572007953500872e-01 2.573837092339520627e+00
8.130042253900771065e-02 9.857234260469649456e-01 2.568762341829941676e+00
-6.561471144233387287e-01 9.459984516502597529e-01 2.570620487678057398e+00
-1.005863992799413298e+00 9.830618453807192791e-01 2.549297692258498671e+00
-1.215158286047034686e+00 1.048563137038899473e+00 2.525252179200029978e+00
-1.410364937944690533e+00 9.843716254270592492e-01 2.527214322605973340e+00
-1.436765710067809509e+00 1.026195472410610821e+00 2.494701190938199531e+00
-1.402782744805218584e+00 1.014255965443744190e+00 2.448466258703378085e+00
-1.280787066002180952e+00 1.087653326240280327e+00 2.386896127623552299e+00
-1.071809362429987367e+00 1.054064300940094512e+00 2.323517050949805096e+00
-9.331194847941838288e-01 1.035733917502545065e+00 2.179550798784761323e+00
-8.363354511673473102e-01 1.071182566535083591e+00 2.079521486396917584e+00
-7.441328297148757098e-01 1.036252621301207766e+00 2.035454263302714395e+00
-6.775964492832231567e-01 1.042124859886745414e+00 1.891795925203465956e+00
-5.589489146279423837e-01 1.012398620613301548e+00 1.783840305946044147e+00
-4.285116742091032993e-01 1.037652662363292677e+00 1.742804099575131493e+00
-2.487236112799120213e-01 1.026175022868452968e+00 1.705193631867082393e+00
-1.358684940157312560e-01 1.098090358784355791e+00 1.697348045623577217e+00
3.677237971865587873e-03 1.053626467061912209e+00 1.663209673742325867e+00
4.446972782120860862e-02 1.076053675772486784e+00 1.604720665842707783e+00
1.362218301127213205e-01 1.033489582868601486e+00 1.584976632533344976e+00
2.223320101415885430e-01 1.061661959957140855e+00 1.497178894588905740e+00
3.206261985917448487e-01 1.153795056220684900e+00 1.519065656923611840e+00
2.747059688509558284e-01 1.120944286886820462e+00 1.512891199553285659e+00
3.784840389736089383e-01 1.091777498148384984e+00 1.484554721575975567e+00
4.239298914799811691e-01 1.100533729089304913e+00 1.474182092560888391e+00
5.552265247928265257e-01 1.089230061672730621e+00 1.468083483727688154e+00
5.886645215759023220e-01 1.058033921302748537e+00 1.471414745746286501e+00
6.207232710888197502e-01 1.029183306277678511e+00 1.437174774805221045e+00
6.244831639926533562e-01 1.106915781830626999e+00 1.432161657690856016e+00
6.350379160612230622e-01 1.101859361697157702e+00 1.422771042861381785e+00
6.658274094810280319e-01 1.135063932274761100e+00 1.388144446979632907e+00
7.622026703006158366e-01 1.028782097687295005e+00 1.370993901903887258e+00
7.913599953229998318e-01 1.116177110981809939e+00 1.427023693913871183e+00
7.537257341416616629e-01 1.061646060516597156e+00 1.432035191844067024e+00
7.074128747911582193e-01 9.992387647906186832e-01 1.410421758151493732e+00
7.906196712077070421e-01 1.119077805106741375e+00 1.372850287251521140e+00
7.838882573013122856e-01 1.137764071174476976e+00 1.370249605826296957e+00
7.968470660034381314e-01 1.076011232081045099e+00 1.405781821704023216e+00
8.467728641118502653e-01 1.072157476406764509e+00 1.406285248263710708e+00
8.508146623942934861e-01 1.058757234708068040e+00 1.414368399626602324e+00
8.457581419210210560e-01 1.027024160335789915e+00 1.391428714954859869e+00
8.457482145305732502e-01 1.181391629188651704e+00 1.398143421368991168e+00
8.564517772783429850e-01 1.177888045473394429e+00 1.386420488479840119e+00
8.791446244094424101e-01 1.192744449566417009e+00 1.387880857937607182e+00
6.713558124777259106e-01 1.171709470497755312e+00 1.415422474622185955e+00
6.740341263078020173e-01 1.126004766251659461e+00 1.409638625338034190e+00
6.945278329463452360e-01 1.062634249795853414e+00 1.471132301310075219e+00
6.954899065545373515e-01 9.948174233104518649e-01 1.470754710515209895e+00
7.012473840832086358e-01 9.933150238749136607e-01 1.460816092506199260e+00
7.165269819742157154e-01 9.782260268437278361e-01 1.528442280120962948e+00
7.126704284417214597e-01 1.029217397136153789e+00 1.548587609194076897e+00
7.436248825872270318e-01 1.036347468414067663e+00 1.574888149651613167e+00
7.730192709279338770e-01 9.860198167411851067e-01 1.537496494878184183e+00
7.843974481482018923e-01 9.907973006962064177e-01 1.528890193454879975e+00
7.561051605113668916e-01 1.080514071616947902e+00 1.534201121050769112e+00
7.947072061645980012e-01 1.041914715301136329e+00 1.552298760923529031e+00
7.107989637549969597e-01 9.910623011810152372e-01 1.501469281971314240e+00
7.467676806780567667e-01 9.701000004474964467e-01 1.425834332413047356e+00
7.339829749885080634e-01 9.878551581233100398e-01 1.513450857199343469e+00
7.725537784246008233e-01 1.035825134185765162e+00 1.515737894467945157e+00
8.537465554971950255e-01 1.045106509250871341e+00 1.480788229429940817e+00
9.136201496848170844e-01 1.075225767360634022e+00 1.482577449619361998e+00
8.882924457304448573e-01 1.045623849068062938e+00 1.482497312287674118e+00
8.771037166353206072e-01 1.105559403078718583e+00 1.465994119453166489e+00
8.764517089191876664e-01 1.059633900853035771e+00 1.326266201770220032e+00
8.626941772611120829e-01 1.050085066667467038e+00 1.342381443288905407e+00
8.603693530255188682e-01 1.021679879016465398e+00 1.162506322812212778e+00
8.899523210681584695e-01 1.038794593305680358e+00 1.182433220238742866e+00
8.359760136165338418e-01 1.013211999961841636e+00 1.227699533845558744e+00
9.228438441956626770e-01 9.917341777940639203e-01 1.238431717177926661e+00
8.932597411990680358e-01 9.616977035189006040e-01 1.231627926209853063e+00
8.931570823473756748e-01 1.006081926701324347e+00 1.226281187033616549e+00
8.842376743972806263e-01 1.007186588533794724e+00 1.191974862678461644e+00
8.838201779103931344e-01 9.958698549935992572e-01 1.171385011269329368e+00
8.916735433983017378e-01 9.942561318886948829e-01 1.090596414798407299e+00
8.818863201373344785e-01 8.792077630887651374e-01 1.085036865189839883e+00
8.827764152621695448e-01 8.705602292464177383e-01 1.069543576516677641e+00
9.176384690644635578e-01 9.477687505940197710e-01 1.076128164316894065e+00
9.545408798519529059e-01 9.187909448507692867e-01 1.034021537660817058e+00
9.089970036621775051e-01 9.212186615477840901e-01 1.016217057750724129e+00
9.374881216886516988e-01 9.635745474907857488e-01 1.011235366084200837e+00
8.902217979504198908e-01 9.304857042138419132e-01 9.857244497094463931e-01
8.872363065500795676e-01 9.398488506818321042e-01 1.075883190117788990e+00
7.650758366140598676e-01 9.523176610333994319e-01 1.059632757896500355e+00
8.602364863342474299e-01 8.760216164466385624e-01 9.338909125092023089e-01
8.938847127102770296e-01 8.746500942042431115e-01 9.865084429241407493e-01
9.357754470194765695e-01 8.642021983389592821e-01 9.873058219755218579e-01
9.670190998508292335e-01 9.243044644237666807e-01 9.791268242965627255e-01
9.763113488206595081e-01 9.493632664808762112e-01 9.996074062462925180e-01
9.797335491017371556e-01 9.378782546237867113e-01 9.881551598354947341e-01
1.013007869947522233e+00 9.070989350078595415e-01 1.051670982812229926e+00
1.018662393073119787e+00 8.980152801117445849e-01 1.063894667786489556e+00
1.008006966218237599e+00 9.022872456129324981e-01 1.025022486310934289e+00
1.007689437592248272e+00 9.015771587940000220e-01 1.061353013227596787e+00
9.424765491852192811e-01 9.386357822152363584e-01 1.094440069321035880e+00
9.788546558352684279e-01 9.926559609857751321e-01 1.134834084432222445e+00
1.015101317471395426e+00 9.291455381409601255e-01 1.139039180461516754e+00
9.774884200101348064e-01 8.362371595981483718e-01 1.069427129724595860e+00
1.032918241675316207e+00 8.289241765067878465e-01 1.067676934776285336e+00
9.467895129683376876e-01 8.696301622040040202e-01 1.072711625175448713e+00
9.077022213692149677e-01 9.096236014440874929e-01 1.057024769880735793e+00
9.630793640990449322e-01 1.009775182137574667e+00 1.043031308092932097e+00
9.345724273250666236e-01 1.025614024140419245e+00 1.112656529013960283e+00
9.779523158646122871e-01 1.067739026224249876e+00 1.057691710132119489e+00
9.852333103095480826e-01 1.110119538457116972e+00 1.032195173256222454e+00
9.671520254634435876e-01 1.128888062847436924e+00 1.009461141357187453e+00
9.274719992704667515e-01 1.034251149154824079e+00 1.010871550824442799e+00
9.831008088444761484e-01 1.045650207955213684e+00 1.035032962524450095e+00
1.015103514443266297e+00 1.086178349019695455e+00 1.090802840589517375e+00
9.630368917228000480e-01 1.066160960513920619e+00 1.045059012569302670e+00
9.198078266851892337e-01 1.081721258242862138e+00 1.055574412074337110e+00
9.489584751059108036e-01 1.041787274099304161e+00 1.062324588449017337e+00
9.700919084033921003e-01 1.049742715496186252e+00 9.792410679716377908e-01
9.698996461385696044e-01 1.074749439001601248e+00 9.801965108353493106e-01
1.135710501517058102e+00 1.045218444653229994e+00 1.004859273232855621e+00
1.224474158035673721e+00 9.835688434658387269e-01 9.971327449880598159e-01
1.216570330805641031e+00 9.620614365664441614e-01 9.412506634743810219e-01
1.307914113716580840e+00 9.597539176158815799e-01 9.805312422870285927e-01
1.251371048199161562e+00 9.110324295868308386e-01 1.000746523816567368e+00
1.183425825996994751e+00 9.394190435509355286e-01 9.915991635608508714e-01
1.155860481635394343e+00 9.530469069285287809e-01 1.076145527502815558e+00
9.671159204613960503e-01 9.349831577369653868e-01 1.075874347202631309e+00
1.044832233058861970e+00 9.875620250368054576e-01 1.013132549677781657e+00
1.027867821141032367e+00 1.016310998215324668e+00 1.005340607045640766e+00
1.115571369481019870e+00 1.018619932891125845e+00 9.576401739826501114e-01
1.129419019486976650e+00 1.034698547405688451e+00 9.975783194971691303e-01
1.132994275020911434e+00 1.081590701251832876e+00 9.617166888553654314e-01
1.133923532274295765e+00 1.064548239082342862e+00 9.250727023824959483e-01
1.213330476679915559e+00 1.113345542500874252e+00 9.916569327676627577e-01
1.186258193940475492e+00 1.128564912459278480e+00 9.670244046954044048e-01
1.116708083078801206e+00 1.099686446488654434e+00 1.001380814987068657e+00
1.124048813194921115e+00 1.086752320207934996e+00 1.020682550581850645e+00
1.098874622705475979e+00 1.081766857691262684e+00 1.029905079570331727e+00
1.110029174648385242e+00 1.008048789536256429e+00 1.019240297720477972e+00
1.113362485250842804e+00 9.690662545491642854e-01 9.419939155600984826e-01
1.095241986988143124e+00 1.022610063222761489e+00 9.549555436694107113e-01
1.114269913690332015e+00 1.047596114769830722e+00 9.786924426677333644e-01
1.083823969595854253e+00 1.031944804814571848e+00 9.499589394368602724e-01
1.108251218814110262e+00 9.838828288115838427e-01 9.251611993664634603e-01
9.266112861067343776e-01 1.023117295181896980e+00 9.448182109791933847e-01
