9.684735323002845675e+00
1.627934999180627074e+01
1.993982650352657160e+01
2.111077693838316094e+01
2.137552043471776742e+01
2.173036773916676268e+01
2.223747553076608341e+01
2.282924669160108522e+01
2.336936500366255132e+01
2.389579952814154140e+01
2.429676918773608207e+01
2.470659869690513233e+01
2.508680558268727978e+01
2.542415847434189047e+01
2.572397555846589157e+01
2.614734645393507861e+01
2.653486392546278339e+01
2.706602786098038393e+01
2.763921597675276587e+01
2.821882796854785980e+01
2.883633898674678875e+01
2.940602043695891155e+01
2.997840703836675402e+01
3.060045619251034310e+01
3.116296305138426348e+01
3.167891619362467992e+01
3.227310950536178780e+01
3.319692419990495580e+01
3.383697588177335547e+01
3.403136524269140040e+01
3.422594759292309163e+01
3.442986738443843109e+01
3.466824573134532983e+01
3.493226410124385950e+01
3.520227516053493844e+01
3.545072542236501079e+01
3.568192396479241779e+01
3.592712932881836707e+01
3.617827101453590899e+01
3.644784397875011450e+01
3.671712824324861657e+01
3.699736576371551422e+01
3.727880209305602932e+01
3.759789620570185775e+01
3.808003417818201797e+01
3.886173811811269729e+01
3.961079717199238104e+01
4.018734048010482240e+01
4.089546203323018148e+01
4.173278464473663263e+01
4.259195199291328038e+01
4.343000852464080452e+01
4.430815860651127736e+01
4.490355313459283337e+01
4.529508482499949196e+01
4.562466837787150098e+01
4.599893297016558336e+01
4.646563188212702755e+01
4.687161175586568618e+01
4.728858604754074690e+01
4.771027813469972045e+01
4.826712374273193262e+01
4.887312199380195921e+01
4.949941079890749762e+01
5.004794448336702573e+01
5.062017273842681675e+01
5.113926106217107304e+01
5.153824109048431268e+01
5.196227682850229002e+01
5.237419247260552879e+01
5.273064987537602377e+01
5.310402363510945634e+01
5.343371638875614593e+01
5.379066871066702760e+01
5.411769088045681286e+01
5.438631278685489434e+01
5.465126046401504567e+01
5.490804609196932518e+01
5.526785890640602616e+01
5.557799495200546147e+01
5.585217048801803941e+01
5.609854968467610803e+01
5.637765905649448683e+01
5.664570007358683057e+01
5.690463219652524174e+01
5.717521043592568475e+01
5.744545872046327872e+01
5.779534950836841034e+01
5.812465526043371256e+01
5.846369003728527503e+01
5.893690010678089664e+01
5.938935366380089675e+01
5.984292874454160938e+01
6.034613775989613771e+01
6.089243140017141087e+01
6.143037018613268430e+01
6.199386412013042502e+01
6.259398900844775682e+01
6.332783784755245904e+01
6.412671628558271664e+01
6.482860814920992709e+01
6.561912872884178682e+01
6.648304508514475231e+01
6.726557167766908663e+01
6.802937360870643602e+01
6.881211435017752365e+01
6.956616262822497276e+01
7.008543240884363001e+01
7.058987252205793084e+01
7.100479749400190599e+01
7.142559924091956702e+01
7.182051677711039872e+01
7.219771234347830102e+01
7.253385058501861238e+01
7.296120539891700219e+01
7.343571434701559042e+01
7.402901213485704091e+01
7.465181903490075399e+01
7.519549047027115307e+01
7.563242438095041109e+01
7.599755507188419301e+01
7.632056624781270671e+01
7.670628088528876276e+01
7.734935699099760598e+01
7.797562357606933858e+01
7.856263779159152705e+01
7.923746841673496988e+01
7.975733494830875259e+01
8.005606726486482216e+01
8.029956461992961181e+01
8.060919218379567042e+01
8.108173787020375300e+01
8.153240877422895494e+01
8.191237969921733963e+01
8.233491973620270699e+01
8.278846007902976112e+01
8.314547512809714647e+01
8.360904349118173684e+01
8.415988444711229022e+01
8.468714438043132020e+01
8.516359969160886578e+01
8.562298422147364363e+01
8.605479430470862212e+01
8.644290883302886641e+01
8.679654005073987832e+01
8.711684711308235762e+01
8.750030340861427192e+01
8.789603362765227246e+01
8.819848947248448212e+01
8.842678792449908087e+01
8.862823115422449405e+01
8.878807452827189195e+01
8.892598110414168389e+01
8.909062929695285504e+01
8.932647030742174366e+01
8.957476136943593303e+01
8.988292305022231687e+01
9.024313323918315177e+01
9.069622610148857689e+01
9.108885976596243950e+01
9.152561452410606080e+01
9.190574030880830492e+01
9.212426421298235368e+01
9.223800207252888583e+01
9.232281493534208039e+01
9.251814663375762393e+01
9.262539163221907756e+01
9.274486117839201427e+01
9.291032813327876738e+01
9.304047481664026975e+01
9.319285721713585247e+01
9.338941048256884869e+01
9.363994001618021912e+01
9.385340344787525169e+01
9.400553525459132231e+01
9.410196949557759183e+01
9.419551250699848310e+01
9.439103949055294152e+01
9.470358050244249171e+01
9.503195749155942451e+01
9.534191299728968261e+01
9.569177710738337339e+01
9.597579685563064800e+01
9.623769489699400026e+01
9.647018090975544169e+01
9.670404563253295294e+01
9.692415525112453167e+01
9.718330431732965735e+01
9.739362462069627213e+01
9.763680323776333125e+01
9.793965420162160740e+01
9.822949083666313186e+01
9.850000476245190839e+01
9.876436421232301655e+01
9.904890164247656514e+01
9.933453740422332601e+01
9.961189054579088520e+01
9.989576003387423953e+01
1.001281311690169531e+02
1.004303437739259977e+02
1.006380885142628046e+02
1.007763676517001272e+02
1.009550366363481260e+02
1.011583178223306163e+02
1.014053683677902455e+02
1.015688110130367789e+02
1.016603877900584223e+02
1.017710777963002897e+02
1.019699629326724164e+02
1.021834283784122306e+02
1.023076793508732010e+02
1.024363949570292220e+02
1.027011957645297571e+02
1.028479936962363865e+02
1.030612164830706234e+02
1.032585264549678925e+02
1.034466041684324580e+02
1.036073233967669154e+02
1.038198654410742137e+02
1.040879399082054277e+02
1.043166827762034217e+02
1.044759069185736564e+02
1.047447954181945420e+02
1.049861337967011821e+02
1.052039239210337058e+02
1.053996765571175303e+02
1.055917568812249812e+02
1.057393615356188548e+02
1.059036029096902638e+02
1.060820084323649866e+02
1.063907697356704602e+02
1.067175254535292055e+02
1.069699047181027254e+02
1.071874106508380180e+02
1.074063625865082656e+02
1.076561422488199469e+02
1.078915915120106916e+02
1.081667754642922290e+02
1.083843908352364309e+02
1.085473489310150939e+02
1.086424493089179464e+02
1.087213732004993716e+02
1.088200870827398887e+02
1.090566656143875832e+02
1.092909724485276683e+02
1.096387365332956136e+02
1.100210154733958774e+02
1.104126656392840147e+02
1.107980090614069155e+02
1.112552580137956966e+02
1.116086183442734523e+02
1.119193875842710213e+02
1.121104300291289206e+02
1.122005196308436439e+02
1.122855453327055528e+02
1.124060364630097411e+02
1.125628461996137872e+02
1.127340673451478779e+02
1.130189618019928304e+02
1.133247025851361798e+02
1.137858646007830714e+02
1.142646384365668695e+02
1.145900907305029790e+02
1.147816665373229199e+02
1.150461286284079279e+02
1.153642486636454407e+02
1.156402843143411587e+02
1.158746495546705404e+02
1.160965721605654863e+02
1.162755887482731083e+02
1.165136654362427322e+02
1.168318592938099698e+02
1.171410123484006220e+02
1.174371954119014418e+02
1.176042575932969356e+02
1.177273742141353381e+02
1.179143583100781996e+02
1.180718709020871273e+02
1.181776305882162035e+02
1.182775350842230893e+02
1.184468113848112836e+02
1.187225416080730156e+02
1.190293054513948192e+02
1.192894066009011169e+02
1.194592117648742686e+02
1.195899435018809100e+02
1.198116856302396798e+02
1.199553980443046726e+02
1.201439446334570391e+02
1.203480065142211828e+02
1.204635867849124367e+02
1.205561207750173196e+02
1.206475218760192263e+02
1.207807462078609007e+02
1.210542002234602705e+02
1.212881303166333140e+02
1.215071343694186794e+02
1.218489181828459778e+02
1.221375974640583877e+02
1.225085325923478479e+02
1.228592399463555154e+02
1.232417281019301356e+02
1.234895382030281041e+02
1.236852922216994273e+02
1.239696973055508948e+02
1.242028844776958891e+02
1.243497313320572175e+02
1.244449483141928852e+02
1.246791014199942111e+02
1.250434732555729340e+02
1.254410542181888530e+02
1.257350090199761468e+02
1.260535933973406628e+02
1.263891657065633325e+02
1.267061112160788099e+02
1.269277255912884499e+02
1.270785864880103162e+02
1.272570491231226981e+02
1.274902625988396210e+02
1.277832922398866629e+02
1.282314961231612642e+02
1.286705504960476105e+02
1.290807273599759242e+02
1.294104481182542941e+02
1.296954182289310324e+02
1.299748868165798967e+02
1.302325931460059394e+02
1.305595885490451167e+02
1.308257944345904491e+02
1.311181094459147687e+02
1.314095372269326560e+02
1.316384576823294879e+02
1.319201209365611192e+02
1.322596462909112631e+02
1.326044618665485189e+02
1.331027527668027517e+02
1.334737842959308409e+02
1.337608744883341387e+02
1.340456019674844299e+02
1.343239944483582349e+02
1.345916678496827217e+02
1.348376596636818761e+02
1.351870985196481172e+02
1.355917290410060048e+02
1.359493170696785853e+02
1.362110216455255056e+02
1.364311443659187262e+02
1.366311676994451716e+02
1.367924993088527401e+02
1.369692744536305895e+02
1.372212256630836009e+02
1.375009046026703743e+02
1.377937183546446249e+02
1.382102570276141194e+02
1.385877565556201034e+02
1.389541439211820091e+02
1.392625117722125765e+02
1.395367347351479168e+02
1.398268816675344794e+02
1.401148912509882791e+02
1.404160465399667714e+02
1.406790589074826698e+02
1.409903637875353013e+02
1.413429014559023926e+02
1.416541258660419373e+02
1.419859570787906193e+02
1.424376956488029009e+02
1.428768447627789158e+02
1.433247100163325456e+02
1.437034351920501365e+02
1.441015404069549959e+02
1.445223553415945901e+02
1.449244382811068022e+02
1.452471617614880586e+02
1.455233266456132810e+02
1.458462464028997374e+02
1.462564034632926564e+02
1.465795778005930572e+02
1.467819565248345270e+02
1.469422246494714557e+02
1.471727085432580964e+02
1.474962815318910998e+02
1.478309699817318403e+02
1.483957791192772788e+02
1.489982960740813382e+02
1.496287933848336706e+02
1.501988610369361652e+02
1.506287844667628804e+02
1.510047041635572782e+02
1.513984431630272525e+02
1.517204193156356098e+02
1.520053615055862792e+02
1.522267293951219642e+02
1.525893682036924304e+02
1.529979864890295858e+02
1.534492307127320601e+02
1.538524855257797412e+02
1.541698738251484713e+02
1.544567609514470803e+02
1.546138160392791860e+02
1.547544790488601905e+02
1.549325636760760005e+02
1.551636625577407642e+02
1.553209499661353732e+02
1.554501385146706127e+02
1.555463629782514090e+02
1.556979022290003911e+02
1.559202404698670534e+02
1.561627324813185282e+02
1.565060084859561869e+02
1.568773870457264081e+02
1.571633610862822934e+02
1.575395197731911310e+02
1.579964334763805880e+02
1.584050548442336890e+02
1.586483366329994453e+02
1.588048792333686947e+02
1.589890899917936622e+02
1.591665694131532689e+02
1.593337684335670303e+02
1.594881482347876442e+02
1.596029184184587280e+02
1.597769130594812736e+02
1.599198902483505549e+02
1.600881521352871175e+02
1.602570338760050390e+02
1.604084398089161994e+02
1.605882335952063045e+02
1.607950773962126902e+02
1.609936075332126677e+02
1.610883351236808778e+02
1.611830266899676189e+02
1.612695614147784227e+02
1.613737947055621760e+02
1.615424736801768688e+02
1.617818999574018619e+02
1.620347180932775473e+02
1.623183950973083540e+02
1.625214819279818244e+02
1.626716898070281729e+02
1.627757319023724278e+02
1.629469242919727208e+02
1.631408762852141763e+02
1.632540250237346982e+02
1.634148963665163592e+02
1.635768016814834027e+02
1.637670032924948771e+02
1.639541983637290059e+02
1.642317561915688771e+02
1.645223596059882425e+02
1.647554322577801429e+02
1.649434339367521432e+02
1.652317504193503339e+02
1.654911062679845770e+02
1.656982376472533360e+02
1.659010829005236758e+02
1.661194462119108550e+02
1.663019868594942636e+02
1.665383720740341573e+02
1.667619564586255194e+02
1.669404810489592705e+02
1.671491579090011612e+02
1.673624303919998795e+02
1.675655542663604081e+02
1.677660022850969881e+02
1.680041828587490329e+02
1.682175670997305588e+02
1.684029832910862012e+02
1.686019086325852356e+02
1.688233565541525820e+02
1.689852869051458697e+02
1.692447614728008602e+02
1.695528237051514679e+02
1.699736697896660473e+02
1.703297037677587298e+02
1.706094817583885401e+02
1.708196344322460902e+02
1.710995689192994575e+02
1.713580682200418721e+02
1.716863467302270010e+02
1.720818704116327353e+02
1.724183311759225887e+02
1.726840809215560171e+02
1.729670654444080924e+02
1.732359545069474223e+02
1.734467974587951176e+02
1.736269585543003302e+02
1.738109655985957716e+02
1.740023712375458160e+02
1.742823798177870742e+02
1.745445365741314845e+02
1.747571036142611831e+02
1.750793062486075087e+02
1.754735324811313433e+02
1.758132684769799141e+02
1.761300909413494935e+02
1.764281281421750123e+02
1.768373939050437400e+02
1.773121328417267364e+02
1.776965248845226313e+02
