1.043473532300284567e+01
1.703857363018336457e+01
2.137549850823734232e+01
2.322593193124861344e+01
2.374129367485724629e+01
2.396165603221187723e+01
2.416027227021288581e+01
2.443137301218126112e+01
2.468859613948813703e+01
2.503955347660351904e+01
2.532529085881697029e+01
2.568558288734033823e+01
2.606592600344086463e+01
2.629452629913104289e+01
2.641624975904915473e+01
2.653444141423827674e+01
2.666832461775540608e+01
2.682248114003952821e+01
2.706700768752391539e+01
2.743715643067771026e+01
2.787111735180039318e+01
2.824560534787081423e+01
2.858256295429355021e+01
2.894245546713110073e+01
2.926281649996992584e+01
2.950164786818292484e+01
2.964248986301332422e+01
2.976301048940550942e+01
2.988000914257227691e+01
3.000926151953693832e+01
3.014690569536456621e+01
3.027528559841390887e+01
3.041013287415419697e+01
3.056476803199116077e+01
3.076920152576927592e+01
3.094817957859304514e+01
3.113767016317453695e+01
3.129425289391524601e+01
3.140137269909142503e+01
3.156382361412665105e+01
3.179443863023698569e+01
3.203948556631907962e+01
3.234630709667354864e+01
3.268836790721874053e+01
3.302567003204528362e+01
3.338109606222389658e+01
3.365544190633332278e+01
3.387223870029477268e+01
3.415620941939940991e+01
3.439115304020140229e+01
3.457729985895795011e+01
3.469101464340803176e+01
3.482329271151437666e+01
3.496391677892007976e+01
3.509572996106588505e+01
3.521477906468052055e+01
3.533617919648737171e+01
3.550425393332120194e+01
3.567148018638825846e+01
3.594289837506570251e+01
3.630263207404089343e+01
3.671322612687787057e+01
3.701130611446057372e+01
3.715965908101185278e+01
3.730704523695921893e+01
3.745093020874195133e+01
3.759457915680664541e+01
3.772498653198288565e+01
3.784379152084272135e+01
3.817267841708443399e+01
3.854871760290248517e+01
3.879828664677375372e+01
3.895930508847853702e+01
3.909148568567242421e+01
3.921871197968177825e+01
3.932273808308952567e+01
3.943315160404602437e+01
3.958071586859306734e+01
4.151427153856287333e+01
4.159605590585141499e+01
4.164202492947120504e+01
4.172666887731914898e+01
4.187378093330082152e+01
4.201524323658892257e+01
4.217942683252915970e+01
4.231343356150443924e+01
4.242281668496140412e+01
4.253282974947250494e+01
4.259392435421553813e+01
4.264557923784835936e+01
4.275738182302882961e+01
4.286461000863108239e+01
4.292084029197340556e+01
4.297593007289064815e+01
4.303888206341930811e+01
4.311147806073282140e+01
4.314661000782164280e+01
4.322694903386658893e+01
4.337744898593323484e+01
4.354103804397632871e+01
4.364495980700247202e+01
4.373676358767938410e+01
4.383828660203421634e+01
4.388589099051044684e+01
4.394906788703232081e+01
4.402759234290648749e+01
4.408768274109606722e+01
4.413210015278991705e+01
4.418286857819092006e+01
4.421083411196693191e+01
4.425197898467605029e+01
4.430434009334064882e+01
4.434295568425945078e+01
4.437679411411007635e+01
4.442504825358238207e+01
4.448155494645276065e+01
4.453160639446779356e+01
4.458030298055973617e+01
4.459183532814408579e+01
4.462020475769696759e+01
4.468911477162142631e+01
4.470510648120654906e+01
4.474566925912221649e+01
4.480118868803948118e+01
4.486495915332584161e+01
4.497568863285984264e+01
4.509391489031080624e+01
4.521651685617168681e+01
4.530853520136089685e+01
4.542890788341850339e+01
4.558066085331959272e+01
4.570877641845186901e+01
4.578209765744805537e+01
4.583782353893943906e+01
4.589125762824870236e+01
4.595787979552049052e+01
4.616407488267483217e+01
4.641031357902844690e+01
4.660303148335065515e+01
4.679449919857050588e+01
4.693259789219410294e+01
4.704328482876925932e+01
4.716766534318625048e+01
4.729904730888755182e+01
4.741578973269189134e+01
4.747641474012703355e+01
4.754663084037074583e+01
4.769053956729553789e+01
4.771346915690223511e+01
4.773542012356270448e+01
4.775128425822508405e+01
4.777163508023453176e+01
4.779950674379583120e+01
4.781584131811889904e+01
4.784049102195115211e+01
4.786415110231932601e+01
4.788246549214900938e+01
4.790238186804264586e+01
4.792264908007046387e+01
4.795758356532424216e+01
4.799848397671478040e+01
4.804130549916450121e+01
4.820432688198346938e+01
4.835544037876905321e+01
4.842644222019549716e+01
4.851775568715472531e+01
4.865293718523462019e+01
4.877819030914993448e+01
4.896611341363555425e+01
4.912161918000980165e+01
4.924519884533210501e+01
4.944604350188204478e+01
4.964734031735995501e+01
4.979083631161611123e+01
4.986195272320593830e+01
4.992358971039289628e+01
4.999626017902127728e+01
5.008532760328824196e+01
5.021064526068201417e+01
5.032689520140387884e+01
5.041406971769150402e+01
5.062008584431931268e+01
5.084302799455297617e+01
5.105222289712285288e+01
5.126288290777739576e+01
5.140374443408139626e+01
5.144879871406198646e+01
5.149322518617562849e+01
5.154427047031764175e+01
5.156705938660048361e+01
5.158957089088761450e+01
5.161565747125767700e+01
5.163544282923157880e+01
5.165795848529450041e+01
5.168917310822493505e+01
5.172235183353365073e+01
5.175098276470854586e+01
5.177887572864357679e+01
5.180676968573121854e+01
5.183396487405772035e+01
5.189368233347341430e+01
5.194315143262786449e+01
5.198536983932817179e+01
5.202909718217947699e+01
5.207957103482344507e+01
5.212320230075103922e+01
5.216905258002990564e+01
5.223880321005672300e+01
5.235330278225831790e+01
5.251688075272630130e+01
5.274164886937624175e+01
5.299703892389406690e+01
5.330801510957268619e+01
5.348866107872919429e+01
5.357445816885251588e+01
5.367106474569722963e+01
5.376840624988036410e+01
5.385978177205301876e+01
5.393149009055147758e+01
5.403554751474579376e+01
5.412459755272708861e+01
5.418366232079883105e+01
5.423753283697822525e+01
5.426297975088528602e+01
5.432815912889164878e+01
5.438498032533008342e+01
5.445747763662336638e+01
5.448919891198984544e+01
5.457865993657203774e+01
5.462649057123267937e+01
5.468426649026873321e+01
5.474430289579086661e+01
5.477360702291140626e+01
5.478108618028778665e+01
5.478869243843056580e+01
5.479302152269208648e+01
5.481134686308111270e+01
5.483056796124093779e+01
5.484446132339450486e+01
5.486991300589298248e+01
5.491852018427822202e+01
5.497769553754402949e+01
5.501388485132618911e+01
5.503325131201260234e+01
5.507623645010045976e+01
5.512100627001510134e+01
5.520804247036324597e+01
5.530372533346800878e+01
5.532921471782197642e+01
5.550060551242182783e+01
5.568794690192719088e+01
5.578493117955083136e+01
5.588342331912484440e+01
5.602629580740362769e+01
5.619166564926302954e+01
5.632907692585136772e+01
5.641485780585063026e+01
5.644927344287320636e+01
5.649855882289449482e+01
5.654647284544396513e+01
5.661507883724433299e+01
5.664982062683542097e+01
5.673293899889722525e+01
5.685731999021109573e+01
5.703932932252130428e+01
5.723826740637910149e+01
5.738799480798444819e+01
5.753364631254532213e+01
5.772243667065367134e+01
5.806027513456906064e+01
5.832220030600653615e+01
5.842748043765206489e+01
5.847826107157576558e+01
5.852054236371874651e+01
5.855541390691294623e+01
5.860791557935107221e+01
5.867359783815435748e+01
5.873874196145790449e+01
5.880100542468891689e+01
5.883759976872607211e+01
5.886384288773865592e+01
5.890119541289634242e+01
5.896497243456706627e+01
5.901950192863429123e+01
5.903792312296039313e+01
5.904255001354925980e+01
5.905710625927976309e+01
5.906597556350216394e+01
5.909930702245388545e+01
5.910665528702910620e+01
5.911695968070074514e+01
5.914857294466067827e+01
5.917785085401733625e+01
5.918987176446628240e+01
5.919494037176408341e+01
5.919976014663487263e+01
5.921509136721324751e+01
5.923995081024855835e+01
5.926108016637985543e+01
5.929426857402388151e+01
5.936537917626250049e+01
5.946362993375210237e+01
5.951841933910750271e+01
5.952493696310914828e+01
5.956860994201567649e+01
5.963122924387731416e+01
5.966302400927198590e+01
5.973141351590452075e+01
5.981863610105817486e+01
5.986055170517046520e+01
5.988395391391329525e+01
5.989161028874649872e+01
5.991459477712389514e+01
5.995071921006382354e+01
6.000531107234214545e+01
6.006232106058782705e+01
6.008611142047709563e+01
6.010982737563171696e+01
6.015116894950413240e+01
6.015780109799305109e+01
6.017860135431050139e+01
6.018692971526588309e+01
6.020795830773072765e+01
6.023279257118802832e+01
6.024894256689036354e+01
6.027596086136691156e+01
6.029420300033502400e+01
6.030485948787983119e+01
6.032593913427046317e+01
6.033691917624096845e+01
6.036167313846880234e+01
6.038617547497192106e+01
6.040165942848199165e+01
6.041044248933447847e+01
6.041575475831628950e+01
6.042843225533758300e+01
6.046094151329696587e+01
6.048420439676595350e+01
6.050619807125618621e+01
6.052525894215027336e+01
6.053504034835026459e+01
6.054350453094217954e+01
6.060138822806128900e+01
6.064097212722209207e+01
6.065214088556686534e+01
6.067432994757123055e+01
6.072193455762336356e+01
6.079217040900814339e+01
6.084792936662071838e+01
6.087248649023950975e+01
6.088756221241725086e+01
6.089339463515404560e+01
6.092663083612477237e+01
6.097145079153519021e+01
6.102671443002886065e+01
6.108681324339612928e+01
6.112738246418913235e+01
6.116624077631404788e+01
6.121985380664495580e+01
6.128433760904589178e+01
6.130822819500818355e+01
6.132659183109390000e+01
6.135207727482661255e+01
6.138150653316892402e+01
6.142956048211463127e+01
6.147488863778861656e+01
6.150537075133418341e+01
6.158974032356286443e+01
6.174916702286209613e+01
6.186522177843603032e+01
6.195456266788509225e+01
6.206808774849256594e+01
6.215925780562116643e+01
6.220112729033935750e+01
6.221393553310117142e+01
6.221816942661764216e+01
6.222177798643738811e+01
6.226435180227056776e+01
6.234292139023794022e+01
6.239400259660846615e+01
6.240111599936103204e+01
6.240847953818432359e+01
6.241764212595556671e+01
6.243558569496613586e+01
6.245780528512256780e+01
6.246212528157121824e+01
6.246791568215908086e+01
6.248425107431662440e+01
6.250581611086717970e+01
6.250855233634784724e+01
6.251484583408302598e+01
6.252170768099769305e+01
6.252856137553566640e+01
6.253978940347624871e+01
6.255657938453443023e+01
6.256853120286670134e+01
6.259034391647657714e+01
6.263739246660507831e+01
6.267745624573701946e+01
6.270579435023829262e+01
6.271061499562788555e+01
6.272832259373625163e+01
6.273338348025151845e+01
6.273729558376210491e+01
6.274719808903400065e+01
6.275966005675650905e+01
6.277434179328868424e+01
6.280769214185536242e+01
6.283690012188738194e+01
6.285875429984322693e+01
6.289461717346178915e+01
6.291061303520605463e+01
6.291702921129780179e+01
6.293054054669988773e+01
6.293678661561184384e+01
6.294372761333297461e+01
6.297238688329807133e+01
6.299733729400328741e+01
6.301605045348655665e+01
6.303999587018837047e+01
6.306433857915276064e+01
6.308145075195787399e+01
6.309662405251973638e+01
6.311253434418699726e+01
6.312409269842887483e+01
6.313858381014486554e+01
6.315327797593250381e+01
6.315844894525551467e+01
6.316456300583580230e+01
6.317552708529661487e+01
6.318819553172725279e+01
6.319420614699741634e+01
6.319807856285506631e+01
6.319942549749845284e+01
6.321249456161421421e+01
6.321781923731541752e+01
6.323294302543769163e+01
6.325090837751719874e+01
6.325956215676070826e+01
6.329855830281044859e+01
6.339765070346527409e+01
6.350548858204685132e+01
6.359365379006016639e+01
6.367751416717719337e+01
6.374344850831923992e+01
6.379366581782004175e+01
6.387382172467223995e+01
6.395040360971609772e+01
6.406652208528957715e+01
6.419957273991914803e+01
6.429403080770256906e+01
6.439448637347068427e+01
6.452928687165973543e+01
6.463626958004377343e+01
6.468866277381385999e+01
6.472149089451946224e+01
6.478666039318014214e+01
6.486773632079892593e+01
6.499688136368648372e+01
6.508297449138424895e+01
6.517799059375796844e+01
6.522732165786588610e+01
6.530637518977067657e+01
6.540627575168186070e+01
6.548102208767039656e+01
6.557718189855498281e+01
6.567685095643385296e+01
6.578691729780780406e+01
6.587747049340086392e+01
6.598769943408142069e+01
6.608048633945422523e+01
6.612462997423425293e+01
6.619051208592274804e+01
6.625080855407686897e+01
6.631812213813708468e+01
6.638301682257744574e+01
6.649246618704125922e+01
6.663059463640902891e+01
6.673089189149195022e+01
6.682855830422214183e+01
6.696104606846125762e+01
6.702538393649986403e+01
6.714275990061476307e+01
6.724017747730005112e+01
6.737487857397155722e+01
6.748835665083380775e+01
6.761161127156815098e+01
6.773039216150074537e+01
6.785204601656548107e+01
6.797168301436342119e+01
6.814370961353620260e+01
6.831360422875509641e+01
6.846663331173840561e+01
6.858758884180150517e+01
6.875942794257454693e+01
6.885947664608997343e+01
6.899262036746773674e+01
6.914286238045248467e+01
6.930133702664515738e+01
6.938355331401777448e+01
