1.043473532300284567e+01
1.695470300849322598e+01
2.207276334998170242e+01
2.424937883640030378e+01
2.487099314157587671e+01
2.509406047116572580e+01
2.526463129622261050e+01
2.540398877508745201e+01
2.555281091472019739e+01
2.569172296550494039e+01
2.583547304572328684e+01
2.596905273047876150e+01
2.613196783837418380e+01
2.628273327276879812e+01
2.655688942306149514e+01
2.682310707862086119e+01
2.709297578925156103e+01
2.734391838925814611e+01
2.756566031929912697e+01
2.780547768327826219e+01
2.801133163719850927e+01
2.819409557078666495e+01
2.835560144450898079e+01
2.852264848323354585e+01
2.871551703070659656e+01
2.896006707441713246e+01
2.922931180756746272e+01
3.007742757671811162e+01
3.044861035605273969e+01
3.063988631612955871e+01
3.084769675410602829e+01
3.104936721833601254e+01
3.122008735939854063e+01
3.140430861723946521e+01
3.157843357669831974e+01
3.173808082523781593e+01
3.189739497667606116e+01
3.206289808708960010e+01
3.227085819832952041e+01
3.344631020318994530e+01
3.386894069297369469e+01
3.430799209835882380e+01
3.481739664856178962e+01
3.520250734242652868e+01
3.554620975393293492e+01
3.592289352376234035e+01
3.622815322320513332e+01
3.647493756818959554e+01
3.673230564516252628e+01
3.699028243304820762e+01
3.725797802452454022e+01
3.755956595594836500e+01
3.783466669217591516e+01
3.806796081362855233e+01
3.830101189018321151e+01
3.853879759678839889e+01
3.876169225030727006e+01
3.896584305630526757e+01
3.916579442770031960e+01
3.935812126865925364e+01
3.954912475801805272e+01
3.977793583071314032e+01
3.997423504774793201e+01
4.017560555221444929e+01
4.035066996062433020e+01
4.050981130640285244e+01
4.065411213742312668e+01
4.079901673053434052e+01
4.096427971894042486e+01
4.110425217072569382e+01
4.125309321460886736e+01
4.138244974625275319e+01
4.150685909902824022e+01
4.164368655976172562e+01
4.178298303621664900e+01
4.190888250039153462e+01
4.205319279225254547e+01
4.225046410258029539e+01
4.243748074849207796e+01
4.260960059861076843e+01
4.279571851039772667e+01
4.297046771821081990e+01
4.321085440546892187e+01
4.337430229207433285e+01
4.354057071093929920e+01
4.370019024796852136e+01
4.384021699714350717e+01
4.397311737769037876e+01
4.413311902583991042e+01
4.422043039480918480e+01
4.430260575123622147e+01
4.438531333927719658e+01
4.448924009734975726e+01
4.458480593428738814e+01
4.467001727071468054e+01
4.475074798482142313e+01
4.483924523908283533e+01
4.494240055304529591e+01
4.499491372659912969e+01
4.508458418036340021e+01
4.520048374196554164e+01
4.531268822919566475e+01
4.540015569384305394e+01
4.545842527625206486e+01
4.552360988497066074e+01
4.557132796707452371e+01
4.562299306100530316e+01
4.569895486372604410e+01
4.576549143952847487e+01
4.579566820124679793e+01
4.584814034054334542e+01
4.588430004506818705e+01
4.592209803829130266e+01
4.596253345129824197e+01
4.600763651008296051e+01
4.604044291591294069e+01
4.610640356379935412e+01
4.615346237365424287e+01
4.621075512716198830e+01
4.626845523120298509e+01
4.630544983090306488e+01
4.634023579660853898e+01
4.637619502831000773e+01
4.641998976915466102e+01
4.645622488649514281e+01
4.649501369378924664e+01
4.654414927334948260e+01
4.659312196589812771e+01
4.663958972080493481e+01
4.666460006606097011e+01
4.669793687007621230e+01
4.675197228052939380e+01
4.682922530348434265e+01
4.685921948208015664e+01
4.688501295694257465e+01
4.694099790590259857e+01
4.698960348504089524e+01
4.707747558410845556e+01
4.719662995734640987e+01
4.736394847732978519e+01
4.755025610307661310e+01
4.768765219247237042e+01
4.779986599761139843e+01
4.793669260252448083e+01
4.807397329970859801e+01
4.821169164417762687e+01
4.834212860513434862e+01
4.846696743226342363e+01
4.857065241148082890e+01
4.866263111643194605e+01
4.875800364027330147e+01
4.881196729844740645e+01
4.888528826568304453e+01
4.893912169579547822e+01
4.897920615702069114e+01
4.903749226553416207e+01
4.909779907362251095e+01
4.916448065281522162e+01
4.922904610098819234e+01
4.928279763949323211e+01
4.936881644132796509e+01
4.951521893545486108e+01
5.178430150797276355e+01
5.191321010524821844e+01
5.200791393611049784e+01
5.209706144511672221e+01
5.216625444984521209e+01
5.224683236990656354e+01
5.230820786850561177e+01
5.236233558482974360e+01
5.245845827454733268e+01
5.255186551817149621e+01
5.262471687567347089e+01
5.271286044594238263e+01
5.279552393285776901e+01
5.283242890852142892e+01
5.288484734244779872e+01
5.291600986761363146e+01
5.298754727259409947e+01
5.302014109697969246e+01
5.306400682456580853e+01
5.313757726832235306e+01
5.322663112157751897e+01
5.335141245970626755e+01
5.349521613340699133e+01
5.361925923017927431e+01
5.374962167746094366e+01
5.387210768587720366e+01
5.398222431321880066e+01
5.404519320468908461e+01
5.409930318231909041e+01
5.414768873589251541e+01
5.421604556710514800e+01
5.428655116768904065e+01
5.434787521449987935e+01
5.440081811336629158e+01
5.445328169981821276e+01
5.450162833687193142e+01
5.456812926326775681e+01
5.463610866775502473e+01
5.472261608898612906e+01
5.481144727582321252e+01
5.487549794139879111e+01
5.493360889854819362e+01
5.499981314726808534e+01
5.507536046547250663e+01
5.515685354046892996e+01
5.536325150715403964e+01
5.553036753163308958e+01
5.567209384402977435e+01
5.578667827581040939e+01
5.586634140154643546e+01
5.595573579340930337e+01
5.601058158960920963e+01
5.606355381486959999e+01
5.611311541832107253e+01
5.616168879790600243e+01
5.622742178664582013e+01
5.628260323391305775e+01
5.634663072086686242e+01
5.642375898745132190e+01
5.648866783831621774e+01
5.651591683714156744e+01
5.654583857460924889e+01
5.656455275959329754e+01
5.658757680361982523e+01
5.660344321365980136e+01
5.662529207739563475e+01
5.665086272340261075e+01
5.667803623051538153e+01
5.670113941122923507e+01
5.672272408215261663e+01
5.673876960827382021e+01
5.675367876874509676e+01
5.677024190242796209e+01
5.682713665103526068e+01
5.688063573440460630e+01
5.693397009399915021e+01
5.696319239067331353e+01
5.702042506514398923e+01
5.707068494718927099e+01
5.711747091382640207e+01
5.716305586776732639e+01
5.719763070001461358e+01
5.720977458924180326e+01
5.726127477477190553e+01
5.729447622458757650e+01
5.733148622512305082e+01
5.738136057568742388e+01
5.742415064091883892e+01
5.747863704760513315e+01
5.754719563578050412e+01
5.758114819172335785e+01
5.762175271103487972e+01
5.767400124913548609e+01
5.770220706321897097e+01
5.778241154784762301e+01
5.781001759788780703e+01
5.783125761094140671e+01
5.787223911210261917e+01
5.789067408427757044e+01
5.791516134141119210e+01
5.792682551147112235e+01
5.800116557842085285e+01
5.808314428034762500e+01
5.812041021962157572e+01
5.816091865449325837e+01
5.820804165920350215e+01
5.825910846988025327e+01
5.830444954113569622e+01
5.833792394486874855e+01
5.836333771606401655e+01
5.839846933018238673e+01
5.843566181973992002e+01
5.849142555744046490e+01
5.854711681460730688e+01
5.859258291314512235e+01
5.865395168983756946e+01
5.872065543214326055e+01
5.874807411492021458e+01
5.877524433179408447e+01
5.878873907507377794e+01
5.881251555946382581e+01
5.884548522328258002e+01
5.886621461936088195e+01
5.892133919864196656e+01
5.897567492964898861e+01
5.900249021824811990e+01
5.902657496061710418e+01
5.906016053621339523e+01
5.909347377946313173e+01
5.911558823312700639e+01
5.913288680887580284e+01
5.915244041735110159e+01
5.916709363518245368e+01
5.918454104574865227e+01
5.920395763976488013e+01
5.923263704071453617e+01
5.926414223680800575e+01
5.935313891958740840e+01
5.943645126228484088e+01
5.947012149998116826e+01
5.951183927714244959e+01
5.955722985456424823e+01
5.958915019528759416e+01
5.961603604994715511e+01
5.964194200613847130e+01
5.967545917022133040e+01
5.969270577689550095e+01
5.972573743024276638e+01
5.976400835199491723e+01
5.981571847524799779e+01
5.983373729599685475e+01
5.984201380362788569e+01
5.987477487938132725e+01
5.991226057104633895e+01
5.992863915398609720e+01
5.994807115956906074e+01
5.996969647256109681e+01
5.999777471378871496e+01
6.001785808894933183e+01
6.003533740331462809e+01
6.005505251743296213e+01
6.007493157562834796e+01
6.008863389744098527e+01
6.009599774962965313e+01
6.012608410661810154e+01
6.019727975999278868e+01
6.020293942359491979e+01
6.021440045771703353e+01
6.022939654026966139e+01
6.024984407778869411e+01
6.028445473111533914e+01
6.029763427298204448e+01
6.032263047472979878e+01
6.036403324236007961e+01
6.036763569703354904e+01
6.038012236074184358e+01
6.041661382362173782e+01
6.046118024162391436e+01
6.053028185468745903e+01
6.060624919342970429e+01
6.063823804229443937e+01
6.065920095846993121e+01
6.067508702153931921e+01
6.072942287413757612e+01
6.078838063172027262e+01
6.085223623616395372e+01
6.093667761043986530e+01
6.101496146416823052e+01
6.107140424224527919e+01
6.111254736778576557e+01
6.113242040343532580e+01
6.115729516132969934e+01
6.117244813465060815e+01
6.121242121043729156e+01
6.122627821188937958e+01
6.125653903410105272e+01
6.130896450014020616e+01
6.137136566679330230e+01
6.143434639250251195e+01
6.149655365757602254e+01
6.157193186193983081e+01
6.161683058354644515e+01
6.163331527397248522e+01
6.164164530017555421e+01
6.165056642752021077e+01
6.167959638254652077e+01
6.171151638435084408e+01
6.172821734798986881e+01
6.173464162041157266e+01
6.174700835243218222e+01
6.176080166530769588e+01
6.178015447318415454e+01
6.180199547001918603e+01
6.181818897101092602e+01
6.182768740500596749e+01
6.183577870662873011e+01
6.184179050683128764e+01
6.184971500318938098e+01
6.186140898092763507e+01
6.188581610639470654e+01
6.189762238620632218e+01
6.190867585477639778e+01
6.192011851522008214e+01
6.192773676485478518e+01
6.194503605215944475e+01
6.195427538924884914e+01
6.197218977822155495e+01
6.199151010059711098e+01
6.200948262551563062e+01
6.201286864192403669e+01
6.202097241026581997e+01
6.203121971993938644e+01
6.204008366661845741e+01
6.205274630848418838e+01
6.210021148679374647e+01
6.213809697490584938e+01
6.215098953975356721e+01
6.216036428185315543e+01
6.216903824098235276e+01
6.218825283136494164e+01
6.220788507139691603e+01
6.222301420094596125e+01
6.223734347285648738e+01
6.226883780703349203e+01
6.228349774881272083e+01
6.229469573492380619e+01
6.229872128312435819e+01
6.232631511525524104e+01
6.233467539178414540e+01
6.234454852492695665e+01
6.235680891913238355e+01
6.236337678398069073e+01
6.236800971231184576e+01
6.237019807700717422e+01
6.237432895922601972e+01
6.237588222691493201e+01
6.238265740581609720e+01
6.238823538140786695e+01
6.240421952005706174e+01
6.240552630015454838e+01
6.240809828371018142e+01
6.241093774785953485e+01
6.242135289390520114e+01
6.244146972140608653e+01
6.245385166427776369e+01
6.249403409303932477e+01
6.250997740278246795e+01
6.252354293769338511e+01
6.254859704988610503e+01
6.257700937997907431e+01
6.259520520725340731e+01
6.259958151560239514e+01
6.261433201268635429e+01
6.262766962435581775e+01
6.263667706411114722e+01
6.264025896997859633e+01
6.267107504892987890e+01
6.267561603781285129e+01
6.268088282932303201e+01
6.274483235790014390e+01
6.287157408696674565e+01
6.300540382303525178e+01
6.312144742095532735e+01
6.322136379308926024e+01
6.333568732307912086e+01
6.343208115715671624e+01
6.354883712942908147e+01
6.366072007864298854e+01
6.374353358394694880e+01
6.380639608440889532e+01
6.390491346256227700e+01
6.401505387992976637e+01
6.413486167624225232e+01
6.422064636567625939e+01
6.432169213018444509e+01
6.441891840361500954e+01
6.454050494766529766e+01
6.468349281013793473e+01
6.483893155899757232e+01
6.495333383280238593e+01
6.505198985647065513e+01
6.514946250833116892e+01
6.524986019199042175e+01
6.535286773851255759e+01
6.547231346741813240e+01
6.557923392576913102e+01
6.566729063121478305e+01
6.578179386945295448e+01
6.589647015137606445e+01
6.602805746648631668e+01
6.622050318032437133e+01
6.643080548918129580e+01
6.662507401762064774e+01
6.685788203768761662e+01
6.708830290718189815e+01
6.730991806120843535e+01
6.748412673948602958e+01
6.760222994726497348e+01
6.773116621315755026e+01
6.790340251764492052e+01
6.802879645563459121e+01
6.819017634403594741e+01
6.835432708245728861e+01
6.852098341545206495e+01
6.865935976039122579e+01
6.882660289008275356e+01
6.901489298586379562e+01
6.914105117499383368e+01
6.928125602940984606e+01
6.946939684082349231e+01
6.963889946085048166e+01
6.981182059142183505e+01
6.996283014600174965e+01
7.011314979956937066e+01
7.026492329523303226e+01
7.043259136048834534e+01
7.061108923300075446e+01
