1.000000000000000056e-01 1.000000000000000056e-01 1.000000000000000056e-01
-1.931385576033384788e-01 -4.544611146161056658e-02 -8.413727286160932461e-02
-1.933242219511592808e-01 -2.919942019120894128e-02 -4.627718484744151872e-02
-1.936058052702309962e-01 -8.286974844307487542e-03 -1.275892608584360856e-02
-1.940150486319047740e-01 1.723109911667116204e-02 1.110935872448888355e-02
-3.431490758745337488e-01 -1.030461547116455351e-01 -1.198790634520161824e-01
-3.437530008516505586e-01 -7.463956614664227218e-02 -1.050336385657044957e-01
-3.447718410133280287e-01 -4.828940526439053776e-02 -9.086834103612569102e-02
-3.444399528731681426e-01 -2.216024367879143239e-02 -7.715679271304067000e-02
-3.498262697035099400e-01 1.605564202659447463e-03 -6.469048405974558991e-02
-5.272238722835281832e-01 -1.728539706666709364e-01 -2.529499715860236142e-01
-5.144847873896246648e-01 -1.559943065273358687e-01 -2.456544580834693625e-01
-3.583550815820711888e-01 -1.512952334540559052e-01 -2.284109710082313505e-01
-1.841702539792483273e-01 -1.977938931909344888e-01 -2.056382742961618271e-01
-1.936375363887289369e-01 -2.522323986819459685e-01 -1.835532577146432032e-01
-1.955470686444699679e-01 -2.885200891574786763e-01 -1.646385812281720706e-01
-1.967753650695876211e-01 -3.048389871330436929e-01 -1.478065502268005038e-01
-1.977570809060511248e-01 -3.043019175411309507e-01 -1.337594247930193880e-01
-1.985773236732671920e-01 -2.872924311197502800e-01 -1.238476731768237277e-01
-1.992656077566796746e-01 -2.585222958119587355e-01 -1.177788077316848925e-01
-1.503851190217540268e-01 -1.758941379712985753e-01 -6.651829537811518311e-02
-1.509663080868216822e-01 -1.462859593111927869e-01 -6.715619469182743106e-02
-1.515393256261194366e-01 -1.214134486657784950e-01 -7.041128366541508921e-02
-1.510935335394263390e-01 -1.029827627355672098e-01 -7.491464553609587795e-02
-1.863392588730617694e-01 -9.402037318249102660e-02 -7.904216077565763554e-02
-1.121772072481176941e-01 -9.482513712089163382e-02 -8.423743498293705112e-02
-1.370296948717560359e-01 -7.630010181216037579e-02 -8.971687402627283314e-02
-1.388007313132928189e-01 -5.978586792305645714e-02 -9.533271278817370686e-02
-1.389909716768497616e-01 -4.913400701202459003e-02 -1.008630181196268349e-01
-1.391329475457016573e-01 -4.483322646156652491e-02 -1.061771273432380869e-01
-1.392254656615490027e-01 -4.689955163817492029e-02 -1.108251397493441592e-01
-1.392734427854143697e-01 -5.273759526305338285e-02 -1.154531158233389060e-01
-1.392965690838658399e-01 -6.227003074883458167e-02 -1.186992249356468437e-01
-1.393015981609385667e-01 -7.536285179522508870e-02 -1.204827083815916133e-01
-1.393173786864840558e-01 -9.210354516240359946e-02 -1.198128590480247863e-01
-1.391207447400570896e-01 -1.061832124507327835e-01 -1.184949384014896551e-01
-1.700561599631923992e-01 -1.175829339674264590e-01 -1.152992914908158861e-01
-1.034881569481765767e-01 -1.206497417221131380e-01 -1.114903315231215580e-01
-1.206210552878091979e-01 -1.392728503875457491e-01 -1.073676306195469610e-01
-1.208347925560389474e-01 -1.528536316469322198e-01 -1.021239118683081176e-01
-1.901445274836063015e-01 -2.285912159931109133e-01 -1.656499044105290419e-01
-1.901619463849254787e-01 -2.285560494521056696e-01 -1.600642730113998602e-01
-1.901769561992107116e-01 -2.189843737551823155e-01 -1.552206049430630286e-01
-1.901870796880522074e-01 -2.044826998213090663e-01 -1.515623627398866025e-01
-1.902011370190556661e-01 -1.861401116133826195e-01 -1.507177122062410835e-01
-1.902242101268929453e-01 -1.676528699382198173e-01 -1.518961377803720314e-01
-1.902877865852084793e-01 -1.558977726313760248e-01 -1.534744928001954001e-01
-1.902119270726232159e-01 -1.461625030136822490e-01 -1.572310136010793558e-01
-1.767555577104123199e-01 -1.405620736162324358e-01 -1.614743525403209423e-01
-1.557559560918858610e-01 -1.381035100290091411e-01 -1.615061037195615889e-01
-1.657980562276354930e-01 -1.396221947679811837e-01 -1.631160863570544906e-01
-1.638185808037485036e-01 -1.399790394198350552e-01 -1.646545018363890778e-01
-1.642540992018153845e-01 -1.403582106531232332e-01 -1.667289029104231379e-01
-1.643208176849045021e-01 -1.421152305593358367e-01 -1.694908621615545397e-01
-1.640653592110797865e-01 -1.456513114284710420e-01 -1.717105167129951981e-01
-1.667068019544844792e-01 -1.502146345114857007e-01 -1.732008766189589988e-01
-1.512483380797545185e-01 -1.524504098686293996e-01 -1.748546118226350921e-01
-1.351537348196656940e-01 -1.590262870298565223e-01 -1.790122484115068136e-01
-1.351973501063752636e-01 -1.677778647079090635e-01 -1.805383997412353669e-01
-1.351986362918665419e-01 -1.771386530581615659e-01 -1.806241175306250724e-01
1.121559117150546930e-01 6.327812618207268036e-02 6.732870749977951097e-02
1.201424188491881651e-01 6.203001355824307173e-02 6.770469517140856319e-02
8.736151496649874337e-02 6.571221328027704311e-02 6.828786717071533285e-02
9.938329289325430194e-02 7.048711253485069606e-02 6.875614839450303051e-02
9.631799858356601685e-02 7.563021009631661074e-02 6.886450535190020983e-02
9.714935290261417222e-02 8.104359214691844726e-02 6.890397233633412111e-02
9.608389329999206252e-02 8.663956952777440712e-02 6.824614937715220431e-02
9.700435141796932836e-02 9.299290210141505919e-02 6.682480095373267981e-02
6.622937526708375100e-02 9.442447467812725703e-02 6.558789954009452972e-02
5.948447071710083467e-02 8.293636049821560829e-02 6.585846143502355199e-02
5.956848437473170194e-02 7.217976488359552356e-02 6.641871438850205367e-02
5.963844469247134294e-02 6.349598920930815682e-02 6.712083017040745836e-02
5.969990842023924216e-02 5.784885403471252963e-02 6.850023153831488743e-02
5.975869623426642574e-02 5.399921960321453496e-02 7.111829349204841499e-02
5.980600843101707004e-02 5.402656489850375665e-02 7.376695877167568915e-02
5.984641514882532709e-02 5.682258631173806029e-02 7.552172028714082552e-02
5.985819016745137777e-02 6.076426344582843558e-02 7.683163749219493188e-02
6.026345796568335217e-02 6.609022381573477489e-02 7.799819429788842906e-02
6.333069619037716425e-02 7.105543630558723567e-02 7.801719965873514517e-02
6.455797811129314334e-02 7.528950083105165336e-02 7.507709446293289735e-02
2.337213737743550901e-01 2.471297551630601275e-01 2.421789040475825217e-01
2.331884055521265264e-01 2.487338309947029757e-01 2.415356808629731400e-01
2.332279011118947587e-01 2.496229061764269064e-01 2.412081143837583597e-01
2.312062570137264905e-01 2.516342605204774929e-01 2.407994986485431643e-01
2.435042865796258615e-01 2.519445197959323535e-01 2.395131693379854432e-01
2.588128939182813282e-01 2.491446315848079018e-01 2.388726352322038671e-01
2.590277130648624970e-01 2.445010767927908724e-01 2.384839496050049912e-01
2.588419348326462810e-01 2.394786120883073688e-01 2.398201028428864068e-01
2.586262624090219786e-01 2.390594994977559840e-01 2.400738627672867054e-01
2.583943946134629188e-01 2.372782767286810979e-01 2.402659065820381690e-01
2.581311908136733058e-01 2.337252655984642380e-01 2.424120455655129069e-01
2.578277001609677876e-01 2.334690022336264048e-01 2.452764486863689697e-01
2.574799341678966624e-01 2.365329034880103987e-01 2.468175431139590648e-01
2.568825279176538690e-01 2.403278231734651549e-01 2.478942967981070666e-01
2.679865375783569981e-01 2.456208115386729895e-01 2.500894797376049250e-01
2.765160744007217342e-01 2.512719225108686061e-01 2.510010014462417116e-01
2.753749796565207464e-01 2.547586215939606213e-01 2.525797127539977649e-01
2.748684827911594963e-01 2.568727134704397730e-01 2.528608219329970264e-01
2.746293422723196653e-01 2.568258508096378234e-01 2.524903826228126480e-01
2.743268607305084927e-01 2.577918877469969061e-01 2.513959467633588019e-01
2.245737466242679892e-01 2.094131169795483971e-01 2.013984436567772540e-01
2.243484533892541877e-01 2.090373646162051180e-01 2.008500185363435719e-01
2.241577158532414016e-01 2.101147223096784811e-01 2.001373336502811628e-01
2.239889560863567719e-01 2.104404158927948021e-01 1.997139140339301844e-01
2.238605378995093265e-01 2.090582437912920921e-01 1.992018170059489390e-01
2.237872550743005007e-01 2.074821474241745345e-01 1.983434866818580278e-01
2.235770437632206842e-01 2.077637030927292072e-01 1.979808277441469366e-01
2.240489689384311534e-01 2.089706919746579794e-01 1.950400221061898143e-01
2.241257993256864922e-01 2.109330038458887835e-01 1.927066752468490629e-01
2.240892344778226686e-01 2.095917175937751509e-01 1.908671994634258129e-01
2.240403007187433404e-01 2.058541328605612841e-01 1.912368081193858982e-01
2.176664426504349437e-01 2.029581406838411040e-01 1.933801595483078672e-01
2.117979386003199238e-01 2.012567436129618359e-01 1.940394942936719547e-01
2.154557983718135006e-01 1.988330454370800526e-01 1.949647242096971822e-01
2.150348345382636917e-01 1.969451285925588879e-01 1.957622770603443529e-01
2.150867981222025493e-01 1.960992112677824861e-01 1.975575779350107475e-01
2.151144382861569782e-01 1.975423441086588405e-01 1.994608969914607455e-01
2.150720929227054046e-01 2.019115789392084692e-01 2.011218989823759518e-01
2.150555683802393980e-01 2.060130760820702567e-01 2.030536828001154870e-01
2.150322794068911247e-01 2.093422996938938407e-01 2.041432543623949158e-01
-1.215800047457459010e-01 -1.203704577387496727e-01 -1.312952402271776731e-01
-1.216069121241928896e-01 -1.185992335946843557e-01 -1.319715655356643869e-01
-1.216339857571155370e-01 -1.200786932599396534e-01 -1.337292951643747896e-01
-1.216613173456276287e-01 -1.231827101087971388e-01 -1.356529398861176239e-01
-1.216901646202414866e-01 -1.273661623158875156e-01 -1.370108978463027150e-01
-1.217207577448080474e-01 -1.310894036605791957e-01 -1.387483101068275049e-01
-1.217546586642456463e-01 -1.353375723275278275e-01 -1.401206123741093601e-01
-1.217916224641255180e-01 -1.395143899512583940e-01 -1.410761392153989380e-01
-1.218356593198112042e-01 -1.447343933758769852e-01 -1.411255146827919416e-01
-1.218703754662574246e-01 -1.484363217428978365e-01 -1.404355313923345838e-01
-1.219139110254243014e-01 -1.508755866297841752e-01 -1.390089565732152976e-01
-1.222201184174660643e-01 -1.532900072140085945e-01 -1.375777744017339099e-01
-1.209981854062743556e-01 -1.568189093989059701e-01 -1.365106069257628896e-01
-1.246162859608044432e-01 -1.596338253600713686e-01 -1.353814924603063963e-01
-1.393304801344141808e-01 -1.627023863071202781e-01 -1.346745388754183315e-01
-1.425421591166240176e-01 -1.617041601558867892e-01 -1.324959505646859659e-01
-1.426390625356493969e-01 -1.553594912842666542e-01 -1.315040566372249475e-01
-1.426636675841722879e-01 -1.484725553679172028e-01 -1.312501380029092168e-01
-1.426904124401386365e-01 -1.411975909701597420e-01 -1.321301399028815826e-01
-1.427227008190638524e-01 -1.356515327465603327e-01 -1.339720894126397444e-01
-1.427573409677158622e-01 -1.329220539542067814e-01 -1.352688474622387726e-01
-1.427865103227992649e-01 -1.314462589547251148e-01 -1.368615990363581947e-01
-1.428064443382007498e-01 -1.315535254578293622e-01 -1.387555168718481169e-01
-1.428115099241770436e-01 -1.334879491076617353e-01 -1.413652944457148009e-01
-1.427613901495431159e-01 -1.399128594501588829e-01 -1.430430814490462887e-01
-1.429983585156089365e-01 -1.490943520652589782e-01 -1.428362170520625640e-01
-1.596866490884099599e-01 -1.531261490794384172e-01 -1.413271903802247875e-01
-1.777808036688063587e-01 -1.468540220412310471e-01 -1.402754282421812271e-01
-1.782621404511564311e-01 -1.367093106341228381e-01 -1.394438077805798815e-01
-1.783664389508554660e-01 -1.261739751699335610e-01 -1.389170797241567890e-01
-2.181468303353665261e-01 -1.540889558511687463e-01 -1.791389463466820098e-01
-2.184228464173693374e-01 -1.445204942979425033e-01 -1.808632188426357035e-01
-2.187813279817133472e-01 -1.372232057695720597e-01 -1.822728798713143805e-01
-2.192035470087167759e-01 -1.308332686896981067e-01 -1.856132528227944500e-01
-2.196662053552453919e-01 -1.283537441076383345e-01 -1.910777908905390843e-01
-2.201412151318872523e-01 -1.328439726725178793e-01 -1.973644027556404057e-01
-2.206082634860443425e-01 -1.454876280709619385e-01 -2.032669833333771714e-01
-2.212398639239662179e-01 -1.657092367013085488e-01 -2.092799163111689065e-01
-2.239124610161714046e-01 -1.915296057059142631e-01 -2.136571421482796329e-01
-2.574359837152109809e-01 -2.196726874354236747e-01 -2.162081929229208443e-01
3.357652488591953421e-01 1.982626257300237338e-01 2.270061694487461867e-01
2.827204112546123360e-01 1.698988549271239212e-01 2.396547018493201120e-01
2.810567339490985250e-01 1.586676683070811500e-01 2.509564476225391583e-01
2.806661925984524353e-01 1.609599288924276062e-01 2.623299402463635244e-01
2.803465516566093774e-01 1.756283283721848387e-01 2.706893297402856446e-01
2.800844234362491192e-01 1.968270509966773274e-01 2.763167303850547207e-01
2.798886698544962304e-01 2.200647936822484885e-01 2.795560498166701491e-01
2.797446616609519099e-01 2.449148846160751902e-01 2.802949090070765981e-01
2.796688842447406231e-01 2.669351418755283589e-01 2.788168394161804620e-01
2.795922515711259382e-01 2.876421405272139298e-01 2.757787808837012800e-01
-1.069514124055581938e-01 -8.043638367659210198e-02 -1.148617715658899197e-01
-1.122677243953063841e-01 -7.643645739134359574e-02 -1.211873893964792448e-01
-1.202062960925392165e-01 -8.016467111065614382e-02 -1.240299466386182436e-01
-1.151342280389586331e-01 -8.652995914712723058e-02 -1.274919834992322143e-01
-1.171303779793657768e-01 -9.330310835220526067e-02 -1.290138728318203643e-01
-1.163551606402594002e-01 -9.993785872295811445e-02 -1.294830820023875062e-01
-1.162792086545225562e-01 -1.063859071091507874e-01 -1.298425327415690111e-01
-1.157608680811159363e-01 -1.120676987507211175e-01 -1.291822782680839277e-01
-1.177970809936103452e-01 -1.159404808354731614e-01 -1.282600073917121997e-01
-8.742972460310215188e-02 -1.201148033954706762e-01 -1.284405337920139778e-01
-7.243094582090775502e-02 -1.223331982557028935e-01 -1.274732897635367790e-01
-7.386312198086687764e-02 -1.207805866887112084e-01 -1.263881668529432123e-01
-7.387157094707623439e-02 -1.168971642655384641e-01 -1.249397416549779122e-01
-7.386127275825914162e-02 -1.105912350353938506e-01 -1.241391157113244242e-01
-7.199087683534433069e-02 -1.031086767209681149e-01 -1.252400923205594652e-01
-1.021588126623871606e-01 -1.003790456948414622e-01 -1.253554195387104053e-01
-1.031244663244567927e-01 -1.021494994887633123e-01 -1.231132761994375713e-01
-1.028713494737105716e-01 -1.001620578686105156e-01 -1.232484339247520710e-01
-1.025807405203576772e-01 -9.957499451986449868e-02 -1.225946229386146724e-01
-1.025258575916475068e-01 -9.851461214285982260e-02 -1.226427358383905680e-01
-1.028685748248991394e-01 -9.738791972320608170e-02 -1.223715232562691824e-01
-1.012650624607950578e-01 -9.717334976477159936e-02 -1.224647929559462139e-01
-1.070779712897591968e-01 -9.727259833552602541e-02 -1.231352821946693488e-01
-1.262007535377655532e-01 -9.932821308292287543e-02 -1.240594186207410604e-01
-1.296321571606557643e-01 -1.035783275365461109e-01 -1.242683701851826500e-01
-1.888183823343420886e-01 -1.665495780897362776e-01 -1.832338107000962002e-01
-1.886340934241868550e-01 -1.689694567261097180e-01 -1.817832721952109543e-01
-1.884275182501543855e-01 -1.703867926824143009e-01 -1.792016843898041889e-01
-1.882066726988046446e-01 -1.679782646174700911e-01 -1.775302568811611970e-01
-1.879761342289805459e-01 -1.640565478303697422e-01 -1.773878142053774976e-01
-1.877380509695731892e-01 -1.582327716101884496e-01 -1.800036353150827884e-01
-1.874748056099667937e-01 -1.568707629019968075e-01 -1.828941159970861041e-01
-1.872015324572597617e-01 -1.614993056761051815e-01 -1.862431050653580722e-01
-1.869054325248016846e-01 -1.722136623852429382e-01 -1.894175708813180814e-01
-1.869157265617396591e-01 -1.883121879942410981e-01 -1.914857435165475408e-01
2.335604706519022744e-01 2.170182318962473600e-01 2.343665492514753201e-01
2.550091966025281320e-01 2.102815590232293419e-01 2.370349326861280193e-01
2.576027908308720082e-01 2.143136797698912410e-01 2.397698478322159987e-01
2.590721497272588936e-01 2.191235515485060736e-01 2.419287097036093570e-01
2.590825933091150390e-01 2.244295826598151355e-01 2.441393346536140652e-01
2.595196383467682777e-01 2.293901964525450754e-01 2.464879585264646011e-01
2.652715513744091647e-01 2.340956042618094202e-01 2.484307597114756572e-01
2.670590513211836270e-01 2.382240966727199316e-01 2.486553133684469563e-01
2.636551309287690215e-01 2.473370428136592025e-01 2.487305228989335759e-01
2.640508771506356878e-01 2.571888363397160093e-01 2.463354171982289065e-01
2.644639468959365525e-01 2.642169409912827338e-01 2.440132500186309727e-01
2.649183588657284538e-01 2.687176475000624953e-01 2.412531245829309390e-01
2.654038696534618547e-01 2.707981612442156294e-01 2.388114627621650277e-01
2.659140673660946308e-01 2.706780139248036177e-01 2.357510482822188780e-01
2.664463011310349017e-01 2.667641152623632106e-01 2.340246001637270035e-01
1.184961285099401518e-01 1.137670524331864663e-01 8.446471549411001256e-02
1.191716612117178498e-01 1.049871509522129071e-01 8.280463046199819377e-02
1.198639604736206760e-01 9.333922633780303291e-02 8.179183248042447285e-02
8.306465282523288474e-02 8.573977155824971663e-02 8.310352846164976992e-02
9.403503596266270248e-02 8.205282812922376490e-02 8.300669787962935975e-02
9.162492113344258837e-02 7.566837753659313992e-02 8.451981603224939521e-02
9.286917831496550868e-02 7.031474345278319882e-02 8.616015116677065711e-02
9.310223482101744052e-02 6.480639749706552932e-02 8.784090335932286109e-02
9.349503112780643832e-02 6.237959862398616273e-02 8.936703549982602524e-02
9.383595308832452797e-02 5.963056180822242508e-02 9.086378089163657523e-02
9.414520327265725463e-02 5.884835021492170609e-02 9.186592133608945110e-02
9.442537922997429334e-02 5.965834443892482908e-02 9.345966039667236158e-02
9.468769872770510521e-02 6.003105138048726169e-02 9.471130508353789446e-02
9.487434710676775906e-02 5.889769950756409966e-02 9.596066786396276194e-02
9.514561569401015773e-02 5.781373796783929181e-02 9.779402747064452894e-02
9.538740929613856445e-02 5.693444204650076335e-02 9.953115136697171517e-02
8.856045124579629835e-02 5.495010170236287045e-02 1.019783299937804255e-01
8.574822436437930240e-02 5.147605987890153251e-02 1.024626290652988214e-01
8.576673953553037855e-02 4.954431920822168628e-02 1.063156516872506702e-01
1.848222772390856472e-01 1.534273182749768261e-01 2.092221972970284560e-01
1.849313365047979829e-01 1.643284871299257877e-01 2.125889435913607961e-01
1.745429383864572637e-01 1.823370969683834053e-01 2.139636311139715419e-01
2.119327195599148006e-01 1.901981960930486104e-01 2.117626537318794411e-01
1.960132359730429596e-01 1.942400539321069985e-01 2.110847683477739545e-01
1.996032562133543686e-01 1.976874354995817040e-01 2.102114855957875894e-01
1.986371741589163520e-01 2.022039493848889480e-01 2.095755741693447749e-01
1.988144982726954835e-01 2.042273462509658355e-01 2.089701243580800727e-01
1.987363565856624659e-01 2.109641229819302910e-01 2.092389114749544921e-01
1.987454113295193392e-01 2.165428716431562484e-01 2.096513606216156012e-01
1.987190773467483740e-01 2.178183542816495843e-01 2.104821131280228408e-01
1.986922046897654504e-01 2.210026915747056175e-01 2.109306260263696386e-01
1.986654205125926720e-01 2.242126351821924490e-01 2.114251943334768957e-01
1.986382448053522209e-01 2.263215723097078413e-01 2.110312674712161163e-01
1.986118823498314312e-01 2.266424334011138131e-01 2.102735554090677805e-01
1.985865614416585656e-01 2.257611179956804381e-01 2.091249622299272415e-01
1.985626734666499638e-01 2.260241641554440739e-01 2.081415025734928426e-01
1.985401807666337393e-01 2.282466299892029760e-01 2.084649604682046742e-01
1.985169881322881302e-01 2.307400642732743701e-01 2.087218410453773043e-01
-1.479988075829860861e-01 -1.123938473224444790e-01 -1.372972594136729896e-01
-1.480248077233025650e-01 -1.133424282747842182e-01 -1.384054314197521729e-01
-1.480499020784330211e-01 -1.161431506878393832e-01 -1.408216078686271855e-01
-1.480731938294176930e-01 -1.225321784009753556e-01 -1.436009543694944379e-01
-1.480951191041342818e-01 -1.295596377136524480e-01 -1.461358292949750393e-01
-1.481157328619244207e-01 -1.364406882410326427e-01 -1.481304772739837627e-01
-1.481349038364386528e-01 -1.423947041778590994e-01 -1.498608446425172269e-01
-1.481526951205996145e-01 -1.477124472132154975e-01 -1.505626281457307647e-01
-1.481687406162605636e-01 -1.537638816956843346e-01 -1.509835797814854663e-01
-1.481832854794180032e-01 -1.587183232679337808e-01 -1.514461954494280005e-01
-1.481964289748967933e-01 -1.617477883843834729e-01 -1.511516878338539649e-01
-1.482080025888624919e-01 -1.600917918666488193e-01 -1.513456399463303514e-01
-1.482177578063836321e-01 -1.593685702526666526e-01 -1.511359119720572519e-01
-1.482261675977910864e-01 -1.596236456594166964e-01 -1.513846499058097983e-01
-1.482338511730810771e-01 -1.599591473170541012e-01 -1.517072280613660229e-01
-1.482409107247900926e-01 -1.608877412709627808e-01 -1.522537131684985334e-01
-1.482477863889455072e-01 -1.614982157914425787e-01 -1.521585818618353125e-01
-1.482539218713042894e-01 -1.612391394804543465e-01 -1.517837653117654340e-01
-1.482592194807299812e-01 -1.606038492809960805e-01 -1.516821627515095305e-01
-4.926621190043541793e-02 -6.005888326553803641e-02 -5.277274311511707949e-02
-4.927026580910199433e-02 -5.758740425374730271e-02 -5.270303041162645308e-02
-4.927372907478091979e-02 -5.433320444402051086e-02 -5.201903152345324632e-02
-4.927658747336894490e-02 -4.961487595155377600e-02 -5.090245531532627821e-02
-4.927938409825999982e-02 -4.528379263881970873e-02 -4.983009135359445924e-02
-4.928229526061930765e-02 -4.307005541652415143e-02 -4.979416486226742600e-02
-4.928468155755133528e-02 -4.204411479221043663e-02 -5.060386229769860134e-02
-4.928661646356164577e-02 -4.027484005989123012e-02 -5.192222447334966795e-02
-4.928823776071394880e-02 -3.739119932668526214e-02 -5.248238570512773343e-02
-4.928937793494155700e-02 -3.485033143147985013e-02 -5.302542688042600344e-02
-4.929006523248780774e-02 -3.152774056017128984e-02 -5.436002946899032295e-02
-4.929025218839810235e-02 -3.024701631358275161e-02 -5.590541299776817519e-02
-4.929003123288951127e-02 -2.781347347623147614e-02 -5.801751161227785419e-02
-4.928950166792492316e-02 -2.581587317153768643e-02 -6.023620928659922935e-02
-4.928871633394814322e-02 -2.626532456498761187e-02 -6.203110888333854961e-02
-4.928747643060893413e-02 -2.785737466750382724e-02 -6.421282719911980408e-02
-4.928597266050111642e-02 -2.924045347538749631e-02 -6.658624255939055159e-02
-4.928436191399988148e-02 -3.060693366254675293e-02 -6.791891649708649281e-02
-4.928219366852244765e-02 -3.171541328131217974e-02 -6.892496582100858526e-02
1.190165126755559355e-01 1.334877023310142852e-01 9.849656554928530594e-02
1.190197889470930720e-01 1.308165125140038076e-01 9.863573910090005226e-02
1.190232062679025260e-01 1.297492305864301476e-01 9.928429620588634374e-02
1.190262514131591176e-01 1.286261275056772291e-01 1.005042043168903193e-01
1.190282773724338217e-01 1.263482458478278614e-01 1.016675648077895733e-01
1.190297245740638693e-01 1.232106490988063990e-01 1.031555605061042907e-01
1.190302946130583767e-01 1.240122002601725254e-01 1.048880091621508109e-01
1.190290516515422892e-01 1.253228341751591035e-01 1.061951934747337178e-01
1.190271311861636899e-01 1.248407539790687554e-01 1.077604820788566481e-01
1.190241306081969569e-01 1.244750984370164432e-01 1.095843367355355397e-01
1.190193151767915958e-01 1.269202867037469706e-01 1.106760823787486525e-01
1.190137960898503128e-01 1.253315443184346289e-01 1.113232082578187870e-01
1.190084123880177508e-01 1.242014359357795500e-01 1.116383290288432834e-01
1.190033542125744637e-01 1.237505055996212799e-01 1.117645956131057411e-01
1.189987631108654631e-01 1.250127427396158508e-01 1.120686258704311627e-01
1.189945023279555120e-01 1.259194442532677038e-01 1.126099208820427883e-01
1.189903719222837886e-01 1.257817848784682224e-01 1.129919426628199081e-01
1.189864762765127371e-01 1.251824927979499069e-01 1.128560326945158704e-01
1.189831027944187464e-01 1.225215617505269056e-01 1.128095772664526458e-01
1.189802608343254603e-01 1.206099567315840060e-01 1.126507218950207750e-01
1.189779737138407928e-01 1.184638646442990051e-01 1.122747401565178660e-01
1.189762058296230524e-01 1.156871756961216774e-01 1.120985373281663533e-01
1.189749660655607250e-01 1.153302709942018861e-01 1.124106788166118892e-01
1.189742694668731726e-01 1.141682820324924491e-01 1.125865509033985024e-01
1.189741284698407481e-01 1.143910530273821169e-01 1.136497133812715832e-01
1.189742219447758736e-01 1.137188162384619450e-01 1.149695345323743373e-01
1.189743935564046284e-01 1.124916068094482108e-01 1.164138396741826315e-01
1.189745151161908931e-01 1.121170125524153932e-01 1.172117144400046107e-01
1.189751273469288606e-01 1.110040611749235212e-01 1.176445038337701060e-01
1.189763379516357161e-01 1.108973219799053861e-01 1.184426961965497765e-01
1.189780898324726693e-01 1.113957255802842661e-01 1.203658985015619437e-01
1.189793999127051471e-01 1.116769012938541583e-01 1.218747210972152828e-01
1.189807967296901414e-01 1.137612003297597679e-01 1.230889237332169484e-01
1.189824509522742491e-01 1.144461937461301038e-01 1.244186776595294364e-01
1.189842729743352534e-01 1.153382974795476301e-01 1.258395265884890979e-01
1.189860136137297353e-01 1.183106973875410473e-01 1.270854425364324469e-01
1.189877067965417062e-01 1.232512139841455551e-01 1.282084553124731297e-01
1.189892572951184169e-01 1.294733641014906844e-01 1.296145642410558574e-01
-9.880512365124756446e-02 -8.101293992724796500e-02 -8.787469675532048885e-02
-9.880473504435915988e-02 -7.772533903965794799e-02 -8.926402271277859846e-02
-9.880361538826437640e-02 -7.448970452338335435e-02 -9.128789059753378288e-02
-9.880182588414140876e-02 -7.170279762918610467e-02 -9.458604214587629233e-02
-9.880049569867759007e-02 -7.008106551937365314e-02 -9.886824124028646688e-02
-9.880138458606464724e-02 -6.942913017295353206e-02 -1.024669787539539551e-01
-9.880288092638878084e-02 -7.055725687686158210e-02 -1.056724231737483366e-01
-9.880448545235770430e-02 -7.271604180089344394e-02 -1.089495750099983978e-01
-9.880640860792254399e-02 -7.265852153195188901e-02 -1.110155576761712587e-01
-1.483063916710102570e-01 -1.234015432533435985e-01 -1.619100139717955800e-01
-1.483068106659679586e-01 -1.266424413360122958e-01 -1.633883158578704753e-01
-1.483064754913512862e-01 -1.293807574634660285e-01 -1.643591701202496980e-01
-1.483054846205490995e-01 -1.312817554800247977e-01 -1.644846271757957612e-01
-1.483043833653837351e-01 -1.320631313310713650e-01 -1.641398301317745501e-01
-1.483036790554309037e-01 -1.330987117467236636e-01 -1.631070706189892972e-01
-1.483044323750855598e-01 -1.354342720878856932e-01 -1.613831098047392443e-01
-1.483079840871276422e-01 -1.400993707306462943e-01 -1.605456407353084147e-01
-1.483118895559962791e-01 -1.439275552335843589e-01 -1.601329856585422540e-01
-1.483156054698528958e-01 -1.464793289905747531e-01 -1.596862119297388360e-01
-1.483189706112478801e-01 -1.493496812793716488e-01 -1.591394417244601234e-01
-1.483218511507336801e-01 -1.506118132902861673e-01 -1.587796681032532242e-01
-1.483241360489359617e-01 -1.524323649722806318e-01 -1.584153562455784536e-01
-1.483257851405290206e-01 -1.539326377598554396e-01 -1.581275986582947324e-01
-1.483267972950898517e-01 -1.555523730986458353e-01 -1.577423797534759087e-01
-1.483271856706550873e-01 -1.555334180031963942e-01 -1.583803111665103569e-01
-1.483274274740618015e-01 -1.573374995486907235e-01 -1.596369784244067724e-01
-1.483288960299654069e-01 -1.604644604617167236e-01 -1.604707237580796919e-01
-1.483310532481489641e-01 -1.638820362954803433e-01 -1.611478999950821667e-01
5.956112274375825744e-02 3.963632133219022885e-02 4.659249994583199855e-02
5.955782907689494143e-02 3.907016690775152318e-02 4.736183661081800472e-02
5.955492736717001023e-02 4.165654861387597246e-02 4.881857203561716652e-02
5.955255329783579882e-02 4.660814239880730486e-02 5.054755936370200486e-02
5.955050337885509082e-02 5.337029286331817363e-02 5.275219668279155366e-02
5.954780813507590254e-02 5.858438197961354788e-02 5.457321402206084804e-02
5.954454813318406370e-02 6.115901323916982796e-02 5.537841334768705409e-02
5.954157784141773241e-02 6.417987494725452269e-02 5.541584835159077405e-02
5.953905139955550929e-02 6.633154372481241123e-02 5.516953164883128119e-02
5.953697991259988137e-02 6.641200567009283851e-02 5.522748303523955515e-02
5.953530668227369899e-02 6.621124822915315511e-02 5.554506180030504420e-02
5.953378711558058450e-02 6.665792215572834134e-02 5.558490912849312765e-02
5.953252707580214409e-02 6.826886630122094846e-02 5.480406097751024802e-02
5.953163281036234072e-02 7.129392172380609460e-02 5.433057995515117033e-02
5.953108807786017254e-02 7.451944816394985571e-02 5.360108368570822707e-02
5.953091956655886391e-02 7.495234097003307394e-02 5.266858224792927284e-02
5.953114455482867023e-02 7.329107744345031428e-02 5.128959106308442206e-02
5.953166666395266760e-02 7.359923281896527114e-02 5.008859585118190239e-02
5.953257837475411235e-02 7.395185319965751070e-02 4.929995501158677268e-02
5.953388394008134882e-02 7.382032355455822592e-02 4.794092692112102844e-02
5.953551124949969797e-02 7.443939157743729995e-02 4.656857873639438927e-02
5.953749452883103088e-02 7.295181440918677152e-02 4.590079462653510328e-02
5.953990668898328370e-02 7.310794853043182939e-02 4.512529874227449306e-02
5.954275721290481355e-02 7.278457545581427934e-02 4.399394273460653648e-02
5.954603944505414137e-02 7.280777493745553552e-02 4.213045186100645989e-02
5.954931608867830573e-02 7.065079887252943835e-02 4.044482172056127617e-02
5.955266033525059149e-02 7.051166992251811649e-02 3.790267017375427427e-02
5.955500571733630261e-02 6.930314623086393511e-02 3.553411023024435206e-02
5.955635330149421786e-02 6.807967658162326907e-02 3.338485422865984653e-02
9.915608191643411617e-02 1.061165675457953622e-01 7.209380449259281121e-02
9.915722469171160680e-02 1.048213931488576472e-01 7.205046372256514176e-02
9.915887267606264543e-02 1.029820097813578111e-01 7.213576225076891169e-02
9.916104104848731671e-02 1.014678942569011283e-01 7.253602469622308369e-02
9.916362520193613972e-02 1.013907104505842871e-01 7.289745430707063323e-02
9.916667524284177027e-02 9.901315084476255968e-02 7.413880237078487867e-02
9.916964315486452575e-02 9.568471633487390937e-02 7.546925280876021214e-02
9.917257053635891717e-02 9.285264904692368260e-02 7.715637992369016318e-02
9.917517272768090753e-02 9.277709766808664438e-02 7.882434268733079508e-02
9.917756455397452875e-02 9.142378401656622855e-02 8.025327347565644476e-02
9.918023406073769865e-02 9.180907237454301317e-02 8.235231832345837888e-02
9.918223984292889872e-02 9.312249692552429514e-02 8.358512765484112095e-02
9.918464532314295867e-02 9.410950183556084092e-02 8.422056351595053059e-02
9.918773452044156447e-02 9.512945302938632941e-02 8.496379365319352284e-02
9.919144802375427783e-02 9.724766703932707923e-02 8.634716148877827346e-02
9.919515485012411760e-02 9.778124135366848824e-02 8.778848950349935065e-02
9.919872244861296928e-02 9.799815837416513131e-02 8.979843656755916170e-02
9.920101236685567592e-02 9.939461406719132808e-02 9.232823359932572360e-02
9.920074341802166684e-02 9.942110487986244305e-02 9.452205526036235039e-02
-4.929783320504007443e-02 -4.656065820066434408e-02 -5.186377446643392758e-02
-4.930178868233731776e-02 -4.445537176124871731e-02 -4.988875913837184650e-02
-4.930747594472825041e-02 -4.411014772618541274e-02 -4.856258286019187603e-02
-4.931379345277365350e-02 -4.389862667397670393e-02 -4.780405583564888150e-02
-4.932001995971872083e-02 -4.513925826293038734e-02 -4.680423780420543689e-02
-4.932641239115439363e-02 -4.714037755200629898e-02 -4.583056210400338060e-02
-4.933285339555441157e-02 -4.774354676310184342e-02 -4.496159091608856184e-02
-4.933916251395124852e-02 -4.853529257281978537e-02 -4.459667385901851938e-02
-4.934490977111806453e-02 -4.942155200669449272e-02 -4.456220118414027515e-02
-4.935003253137527218e-02 -4.964538110569050727e-02 -4.458341064761372347e-02
-4.935455076854555062e-02 -4.979571568182348390e-02 -4.504794337595387221e-02
-4.935861748010560851e-02 -4.979576027852664760e-02 -4.456760720815164389e-02
-4.936220835491882813e-02 -4.962520187915001046e-02 -4.396221991601879236e-02
-4.936540172759673606e-02 -4.894515666336773235e-02 -4.393197622478924730e-02
-4.936805106209216087e-02 -4.850713237339329686e-02 -4.398342501417783212e-02
-4.937016616442379408e-02 -4.713220130263556795e-02 -4.497032505470190816e-02
-4.937214414439820842e-02 -4.595881007979598504e-02 -4.614634185379189873e-02
-4.937412671281281307e-02 -4.528025501344293269e-02 -4.603008198643935428e-02
-4.937566170772961227e-02 -4.374304723941265655e-02 -4.596580104115468440e-02
-4.937676748925558939e-02 -4.369995670758423933e-02 -4.616112146392735427e-02
-4.937738016934355156e-02 -4.553229139606571746e-02 -4.576034494205313830e-02
-4.937776843982933511e-02 -4.568864609537606758e-02 -4.515217797291842111e-02
-4.937807879678776657e-02 -4.673504690909645320e-02 -4.403960220986279095e-02
-4.937875725440731695e-02 -4.769184265031338466e-02 -4.351419500229162379e-02
-4.937916851115353722e-02 -5.096541863864074984e-02 -4.275931043495745376e-02
-4.937937637942383523e-02 -5.351061878817187090e-02 -4.130377152310799049e-02
-4.937997794536255064e-02 -5.388413908545189313e-02 -3.991721867546359909e-02
-4.938066268878902459e-02 -5.470181464612347555e-02 -3.849004078389062222e-02
-4.938139582391846971e-02 -5.531628795471830312e-02 -3.789628168917230644e-02
-2.374771692041824644e-01 -2.405351119654212944e-01 -2.249580164935109927e-01
-2.374771334508349041e-01 -2.371737061347279907e-01 -2.252322352408781259e-01
-2.374767272060509526e-01 -2.345574498723339285e-01 -2.262319964559182939e-01
-2.374763659583400688e-01 -2.325843521451125273e-01 -2.275366965976430844e-01
-2.374761855910141883e-01 -2.309235179094876744e-01 -2.292211886290183021e-01
-2.374764754999068583e-01 -2.319875297959617944e-01 -2.313429586352644673e-01
-2.374779662501449451e-01 -2.318618869989031439e-01 -2.325267644492452213e-01
-2.374793670749341945e-01 -2.326817050067142290e-01 -2.335063475110376874e-01
-2.374805687004420685e-01 -2.333791140219004800e-01 -2.351217292186968677e-01
-2.374823162090596018e-01 -2.322183397035088026e-01 -2.368891376265599702e-01
-2.374847695378371482e-01 -2.318338182711078554e-01 -2.384373179963467926e-01
-2.374876204448862216e-01 -2.319512073080477743e-01 -2.402635454168929596e-01
-2.374912377053646217e-01 -2.299962602339555573e-01 -2.415487622774883103e-01
-2.374948226186617828e-01 -2.277571631376970884e-01 -2.425370658924272949e-01
-2.374980992949967396e-01 -2.278300986754763502e-01 -2.432978190363548898e-01
-2.375009757810497835e-01 -2.295517920760063169e-01 -2.441064024867126703e-01
-2.375034735334092817e-01 -2.306612966566945200e-01 -2.446069812010366606e-01
-2.375055593727435910e-01 -2.329144278347599073e-01 -2.456528976197585035e-01
-2.375075403002852581e-01 -2.320441514410102046e-01 -2.470150493648003709e-01
-2.375096760257936479e-01 -2.322038032398802687e-01 -2.476501453493374916e-01
-2.375115048229587966e-01 -2.318065474765043654e-01 -2.476677960066081818e-01
-2.375129920186749843e-01 -2.335157770682166067e-01 -2.475809236246816203e-01
-2.375141501939078137e-01 -2.344563411374351314e-01 -2.482831416383410594e-01
-2.375150526226756931e-01 -2.343936196020039997e-01 -2.491101971549492811e-01
-2.375158025236994153e-01 -2.352889379393087177e-01 -2.499621904270916961e-01
-2.375165128175851514e-01 -2.352563646118874807e-01 -2.505119653466897911e-01
-2.375169585757675450e-01 -2.350465130253112100e-01 -2.504280409675459507e-01
-2.375170610301777785e-01 -2.337586095536757225e-01 -2.502246882676067985e-01
-2.375168730902149916e-01 -2.328327057261177779e-01 -2.495788880003463606e-01
-2.375167057854855879e-01 -2.306964201308960294e-01 -2.486009354876184130e-01
-2.375170961979434503e-01 -2.299254355268386396e-01 -2.477384502983180914e-01
-2.375179320834431285e-01 -2.312796220261523483e-01 -2.477480167681311851e-01
-2.375184981567767806e-01 -2.321129884410239319e-01 -2.475995420937787961e-01
-2.375188797855098954e-01 -2.336301838043234047e-01 -2.475207141675379030e-01
-2.375189781791529897e-01 -2.355110858997291057e-01 -2.467563566196837310e-01
-2.375191782448370093e-01 -2.381059265359574406e-01 -2.456159096508593598e-01
-2.375197063632585315e-01 -2.396986066419469208e-01 -2.442081972997915962e-01
-2.375207649623124473e-01 -2.391372149938699454e-01 -2.428934540145030463e-01
-2.375221490571477467e-01 -2.392561381708291912e-01 -2.413271243411459488e-01
-2.375241129981164045e-01 -2.392036582855765481e-01 -2.397303056665931187e-01
-2.375267675310551441e-01 -2.382096267911293641e-01 -2.381790002051209221e-01
-2.375301295496295151e-01 -2.398997948161607496e-01 -2.374088704387300186e-01
-2.375333440432042531e-01 -2.400663338139829017e-01 -2.363842102132898415e-01
-2.375366340510027263e-01 -2.410879110008898318e-01 -2.372013508083234135e-01
-2.375403808175142462e-01 -2.406819797063498023e-01 -2.375318638002142102e-01
-2.375440886462276413e-01 -2.413848175435491794e-01 -2.373545792424179846e-01
-2.375475835547938841e-01 -2.417680027602143178e-01 -2.378175902931316255e-01
-2.375512324820707732e-01 -2.421403500704361333e-01 -2.380709315750021149e-01
-2.375549159256843956e-01 -2.425362832886124309e-01 -2.374511375331506691e-01
-2.375584258511163060e-01 -2.434695502607510942e-01 -2.365618357392021698e-01
-2.375618436476082396e-01 -2.423271385321926763e-01 -2.354371542664982497e-01
-2.375653352799625417e-01 -2.401803400086233720e-01 -2.348097915954520665e-01
-2.375687026553527093e-01 -2.377204113323573009e-01 -2.342668205463710740e-01
-2.375719815652003186e-01 -2.363464849814349289e-01 -2.335165910826626778e-01
-2.375753698958383842e-01 -2.334929725069662954e-01 -2.328010793825699143e-01
-2.375790012301878529e-01 -2.328582636970049913e-01 -2.334226118285351037e-01
-2.375826711734354557e-01 -2.315620948571518456e-01 -2.337968689292285462e-01
-2.375862787663079179e-01 -2.317693895303911678e-01 -2.346518978177627446e-01
-2.375900109579856534e-01 -2.352914980784009680e-01 -2.359223938539853904e-01
