2.000000000000000111e-01
2.000000000000000111e-01
2.000000000000000111e-01
2.000000000000000111e-01
2.000000000000000111e-01
5.000000000000000278e-02
5.000000000000000278e-02
5.000000000000000278e-02
5.000000000000000278e-02
5.000000000000000278e-02
-1.499999999999999944e-01
-1.499999999999999944e-01
-1.499999999999999944e-01
-1.499999999999999944e-01
-1.499999999999999944e-01
-1.499999999999999944e-01
-1.499999999999999944e-01
-1.499999999999999944e-01
-1.499999999999999944e-01
-1.499999999999999944e-01
-1.000000000000000056e-01
-1.000000000000000056e-01
-1.000000000000000056e-01
-1.000000000000000056e-01
-1.000000000000000056e-01
-1.000000000000000056e-01
-1.000000000000000056e-01
-1.000000000000000056e-01
-1.000000000000000056e-01
-1.000000000000000056e-01
-1.000000000000000056e-01
-1.000000000000000056e-01
-1.000000000000000056e-01
-1.000000000000000056e-01
-1.000000000000000056e-01
-1.000000000000000056e-01
-1.000000000000000056e-01
-1.000000000000000056e-01
-1.000000000000000056e-01
-1.000000000000000056e-01
-1.700000000000000122e-01
-1.700000000000000122e-01
-1.700000000000000122e-01
-1.700000000000000122e-01
-1.700000000000000122e-01
-1.700000000000000122e-01
-1.700000000000000122e-01
-1.700000000000000122e-01
-1.700000000000000122e-01
-1.700000000000000122e-01
-1.700000000000000122e-01
-1.700000000000000122e-01
-1.700000000000000122e-01
-1.700000000000000122e-01
-1.700000000000000122e-01
-1.700000000000000122e-01
-1.700000000000000122e-01
-1.700000000000000122e-01
-1.700000000000000122e-01
-1.700000000000000122e-01
8.000000000000000167e-02
8.000000000000000167e-02
8.000000000000000167e-02
8.000000000000000167e-02
8.000000000000000167e-02
8.000000000000000167e-02
8.000000000000000167e-02
8.000000000000000167e-02
8.000000000000000167e-02
8.000000000000000167e-02
8.000000000000000167e-02
8.000000000000000167e-02
8.000000000000000167e-02
8.000000000000000167e-02
8.000000000000000167e-02
8.000000000000000167e-02
8.000000000000000167e-02
8.000000000000000167e-02
8.000000000000000167e-02
8.000000000000000167e-02
2.500000000000000000e-01
2.500000000000000000e-01
2.500000000000000000e-01
2.500000000000000000e-01
2.500000000000000000e-01
2.500000000000000000e-01
2.500000000000000000e-01
2.500000000000000000e-01
2.500000000000000000e-01
2.500000000000000000e-01
2.500000000000000000e-01
2.500000000000000000e-01
2.500000000000000000e-01
2.500000000000000000e-01
2.500000000000000000e-01
2.500000000000000000e-01
2.500000000000000000e-01
2.500000000000000000e-01
2.500000000000000000e-01
2.500000000000000000e-01
2.000000000000000111e-01
2.000000000000000111e-01
2.000000000000000111e-01
2.000000000000000111e-01
2.000000000000000111e-01
2.000000000000000111e-01
2.000000000000000111e-01
2.000000000000000111e-01
2.000000000000000111e-01
2.000000000000000111e-01
2.000000000000000111e-01
2.000000000000000111e-01
2.000000000000000111e-01
2.000000000000000111e-01
2.000000000000000111e-01
2.000000000000000111e-01
2.000000000000000111e-01
2.000000000000000111e-01
2.000000000000000111e-01
2.000000000000000111e-01
-1.400000000000000133e-01
-1.400000000000000133e-01
-1.400000000000000133e-01
-1.400000000000000133e-01
-1.400000000000000133e-01
-1.400000000000000133e-01
-1.400000000000000133e-01
-1.400000000000000133e-01
-1.400000000000000133e-01
-1.400000000000000133e-01
-1.400000000000000133e-01
-1.400000000000000133e-01
-1.400000000000000133e-01
-1.400000000000000133e-01
-1.400000000000000133e-01
-1.400000000000000133e-01
-1.400000000000000133e-01
-1.400000000000000133e-01
-1.400000000000000133e-01
-1.400000000000000133e-01
-1.400000000000000133e-01
-1.400000000000000133e-01
-1.400000000000000133e-01
-1.400000000000000133e-01
-1.400000000000000133e-01
-1.400000000000000133e-01
-1.400000000000000133e-01
-1.400000000000000133e-01
-1.400000000000000133e-01
-1.400000000000000133e-01
-1.799999999999999933e-01
-1.799999999999999933e-01
-1.799999999999999933e-01
-1.799999999999999933e-01
-1.799999999999999933e-01
-1.799999999999999933e-01
-1.799999999999999933e-01
-1.799999999999999933e-01
-1.799999999999999933e-01
-1.799999999999999933e-01
2.700000000000000178e-01
2.700000000000000178e-01
2.700000000000000178e-01
2.700000000000000178e-01
2.700000000000000178e-01
2.700000000000000178e-01
2.700000000000000178e-01
2.700000000000000178e-01
2.700000000000000178e-01
2.700000000000000178e-01
-1.199999999999999956e-01
-1.199999999999999956e-01
-1.199999999999999956e-01
-1.199999999999999956e-01
-1.199999999999999956e-01
-1.199999999999999956e-01
-1.199999999999999956e-01
-1.199999999999999956e-01
-1.199999999999999956e-01
-1.199999999999999956e-01
-1.199999999999999956e-01
-1.199999999999999956e-01
-1.199999999999999956e-01
-1.199999999999999956e-01
-1.199999999999999956e-01
-1.199999999999999956e-01
-1.199999999999999956e-01
-1.199999999999999956e-01
-1.199999999999999956e-01
-1.199999999999999956e-01
-1.199999999999999956e-01
-1.199999999999999956e-01
-1.199999999999999956e-01
-1.199999999999999956e-01
-1.199999999999999956e-01
-1.799999999999999933e-01
-1.799999999999999933e-01
-1.799999999999999933e-01
-1.799999999999999933e-01
-1.799999999999999933e-01
-1.799999999999999933e-01
-1.799999999999999933e-01
-1.799999999999999933e-01
-1.799999999999999933e-01
-1.799999999999999933e-01
2.500000000000000000e-01
2.500000000000000000e-01
2.500000000000000000e-01
2.500000000000000000e-01
2.500000000000000000e-01
2.500000000000000000e-01
2.500000000000000000e-01
2.500000000000000000e-01
2.500000000000000000e-01
2.500000000000000000e-01
2.500000000000000000e-01
2.500000000000000000e-01
2.500000000000000000e-01
2.500000000000000000e-01
2.500000000000000000e-01
1.000000000000000056e-01
1.000000000000000056e-01
1.000000000000000056e-01
1.000000000000000056e-01
1.000000000000000056e-01
1.000000000000000056e-01
1.000000000000000056e-01
1.000000000000000056e-01
1.000000000000000056e-01
1.000000000000000056e-01
1.000000000000000056e-01
1.000000000000000056e-01
1.000000000000000056e-01
1.000000000000000056e-01
1.000000000000000056e-01
1.000000000000000056e-01
1.000000000000000056e-01
1.000000000000000056e-01
1.000000000000000056e-01
2.000000000000000111e-01
2.000000000000000111e-01
2.000000000000000111e-01
2.000000000000000111e-01
2.000000000000000111e-01
2.000000000000000111e-01
2.000000000000000111e-01
2.000000000000000111e-01
2.000000000000000111e-01
2.000000000000000111e-01
2.000000000000000111e-01
2.000000000000000111e-01
2.000000000000000111e-01
2.000000000000000111e-01
2.000000000000000111e-01
2.000000000000000111e-01
2.000000000000000111e-01
2.000000000000000111e-01
2.000000000000000111e-01
-1.499999999999999944e-01
-1.499999999999999944e-01
-1.499999999999999944e-01
-1.499999999999999944e-01
-1.499999999999999944e-01
-1.499999999999999944e-01
-1.499999999999999944e-01
-1.499999999999999944e-01
-1.499999999999999944e-01
-1.499999999999999944e-01
-1.499999999999999944e-01
-1.499999999999999944e-01
-1.499999999999999944e-01
-1.499999999999999944e-01
-1.499999999999999944e-01
-1.499999999999999944e-01
-1.499999999999999944e-01
-1.499999999999999944e-01
-1.499999999999999944e-01
-5.000000000000000278e-02
-5.000000000000000278e-02
-5.000000000000000278e-02
-5.000000000000000278e-02
-5.000000000000000278e-02
-5.000000000000000278e-02
-5.000000000000000278e-02
-5.000000000000000278e-02
-5.000000000000000278e-02
-5.000000000000000278e-02
-5.000000000000000278e-02
-5.000000000000000278e-02
-5.000000000000000278e-02
-5.000000000000000278e-02
-5.000000000000000278e-02
-5.000000000000000278e-02
-5.000000000000000278e-02
-5.000000000000000278e-02
-5.000000000000000278e-02
1.199999999999999956e-01
1.199999999999999956e-01
1.199999999999999956e-01
1.199999999999999956e-01
1.199999999999999956e-01
1.199999999999999956e-01
1.199999999999999956e-01
1.199999999999999956e-01
1.199999999999999956e-01
1.199999999999999956e-01
1.199999999999999956e-01
1.199999999999999956e-01
1.199999999999999956e-01
1.199999999999999956e-01
1.199999999999999956e-01
1.199999999999999956e-01
1.199999999999999956e-01
1.199999999999999956e-01
1.199999999999999956e-01
1.199999999999999956e-01
1.199999999999999956e-01
1.199999999999999956e-01
1.199999999999999956e-01
1.199999999999999956e-01
1.199999999999999956e-01
1.199999999999999956e-01
1.199999999999999956e-01
1.199999999999999956e-01
1.199999999999999956e-01
1.199999999999999956e-01
1.199999999999999956e-01
1.199999999999999956e-01
1.199999999999999956e-01
1.199999999999999956e-01
1.199999999999999956e-01
1.199999999999999956e-01
1.199999999999999956e-01
1.199999999999999956e-01
-1.000000000000000056e-01
-1.000000000000000056e-01
-1.000000000000000056e-01
-1.000000000000000056e-01
-1.000000000000000056e-01
-1.000000000000000056e-01
-1.000000000000000056e-01
-1.000000000000000056e-01
-1.000000000000000056e-01
-1.499999999999999944e-01
-1.499999999999999944e-01
-1.499999999999999944e-01
-1.499999999999999944e-01
-1.499999999999999944e-01
-1.499999999999999944e-01
-1.499999999999999944e-01
-1.499999999999999944e-01
-1.499999999999999944e-01
-1.499999999999999944e-01
-1.499999999999999944e-01
-1.499999999999999944e-01
-1.499999999999999944e-01
-1.499999999999999944e-01
-1.499999999999999944e-01
-1.499999999999999944e-01
-1.499999999999999944e-01
-1.499999999999999944e-01
-1.499999999999999944e-01
5.999999999999999778e-02
5.999999999999999778e-02
5.999999999999999778e-02
5.999999999999999778e-02
5.999999999999999778e-02
5.999999999999999778e-02
5.999999999999999778e-02
5.999999999999999778e-02
5.999999999999999778e-02
5.999999999999999778e-02
5.999999999999999778e-02
5.999999999999999778e-02
5.999999999999999778e-02
5.999999999999999778e-02
5.999999999999999778e-02
5.999999999999999778e-02
5.999999999999999778e-02
5.999999999999999778e-02
5.999999999999999778e-02
5.999999999999999778e-02
5.999999999999999778e-02
5.999999999999999778e-02
5.999999999999999778e-02
5.999999999999999778e-02
5.999999999999999778e-02
5.999999999999999778e-02
5.999999999999999778e-02
5.999999999999999778e-02
5.999999999999999778e-02
1.000000000000000056e-01
1.000000000000000056e-01
1.000000000000000056e-01
1.000000000000000056e-01
1.000000000000000056e-01
1.000000000000000056e-01
1.000000000000000056e-01
1.000000000000000056e-01
1.000000000000000056e-01
1.000000000000000056e-01
1.000000000000000056e-01
1.000000000000000056e-01
1.000000000000000056e-01
1.000000000000000056e-01
1.000000000000000056e-01
1.000000000000000056e-01
1.000000000000000056e-01
1.000000000000000056e-01
1.000000000000000056e-01
-5.000000000000000278e-02
-5.000000000000000278e-02
-5.000000000000000278e-02
-5.000000000000000278e-02
-5.000000000000000278e-02
-5.000000000000000278e-02
-5.000000000000000278e-02
-5.000000000000000278e-02
-5.000000000000000278e-02
-5.000000000000000278e-02
-5.000000000000000278e-02
-5.000000000000000278e-02
-5.000000000000000278e-02
-5.000000000000000278e-02
-5.000000000000000278e-02
-5.000000000000000278e-02
-5.000000000000000278e-02
-5.000000000000000278e-02
-5.000000000000000278e-02
-5.000000000000000278e-02
-5.000000000000000278e-02
-5.000000000000000278e-02
-5.000000000000000278e-02
-5.000000000000000278e-02
-5.000000000000000278e-02
-5.000000000000000278e-02
-5.000000000000000278e-02
-5.000000000000000278e-02
-5.000000000000000278e-02
-2.399999999999999911e-01
-2.399999999999999911e-01
-2.399999999999999911e-01
-2.399999999999999911e-01
-2.399999999999999911e-01
-2.399999999999999911e-01
-2.399999999999999911e-01
-2.399999999999999911e-01
-2.399999999999999911e-01
-2.399999999999999911e-01
-2.399999999999999911e-01
-2.399999999999999911e-01
-2.399999999999999911e-01
-2.399999999999999911e-01
-2.399999999999999911e-01
-2.399999999999999911e-01
-2.399999999999999911e-01
-2.399999999999999911e-01
-2.399999999999999911e-01
-2.399999999999999911e-01
-2.399999999999999911e-01
-2.399999999999999911e-01
-2.399999999999999911e-01
-2.399999999999999911e-01
-2.399999999999999911e-01
-2.399999999999999911e-01
-2.399999999999999911e-01
-2.399999999999999911e-01
-2.399999999999999911e-01
-2.399999999999999911e-01
-2.399999999999999911e-01
-2.399999999999999911e-01
-2.399999999999999911e-01
-2.399999999999999911e-01
-2.399999999999999911e-01
-2.399999999999999911e-01
-2.399999999999999911e-01
-2.399999999999999911e-01
-2.399999999999999911e-01
-2.399999999999999911e-01
-2.399999999999999911e-01
-2.399999999999999911e-01
-2.399999999999999911e-01
-2.399999999999999911e-01
-2.399999999999999911e-01
-2.399999999999999911e-01
-2.399999999999999911e-01
-2.399999999999999911e-01
-2.399999999999999911e-01
-2.399999999999999911e-01
-2.399999999999999911e-01
-2.399999999999999911e-01
-2.399999999999999911e-01
-2.399999999999999911e-01
-2.399999999999999911e-01
-2.399999999999999911e-01
-2.399999999999999911e-01
-2.399999999999999911e-01
-2.399999999999999911e-01
-2.399999999999999911e-01
-2.399999999999999911e-01
-2.399999999999999911e-01
-2.399999999999999911e-01
-2.399999999999999911e-01
-2.399999999999999911e-01
-2.399999999999999911e-01
-2.399999999999999911e-01
-2.399999999999999911e-01
-2.399999999999999911e-01
-2.399999999999999911e-01
-2.399999999999999911e-01
-2.399999999999999911e-01
-2.399999999999999911e-01
-2.399999999999999911e-01
-2.399999999999999911e-01
-2.399999999999999911e-01
-2.399999999999999911e-01
-2.399999999999999911e-01
-2.399999999999999911e-01
-2.399999999999999911e-01
-2.399999999999999911e-01
-2.399999999999999911e-01
-2.399999999999999911e-01
-2.399999999999999911e-01
-2.399999999999999911e-01
-2.399999999999999911e-01
-2.399999999999999911e-01
-2.399999999999999911e-01
-2.399999999999999911e-01
-2.399999999999999911e-01
-2.399999999999999911e-01
-2.399999999999999911e-01
-2.399999999999999911e-01
-2.399999999999999911e-01
-2.399999999999999911e-01
-2.399999999999999911e-01
-2.399999999999999911e-01
-2.399999999999999911e-01
-2.399999999999999911e-01
