-2.016686798105743472e-01 -2.009461442986794077e-01 -2.003956204558464682e-01 2.000000000000000111e-01 2.000000000000000111e-01 2.000000000000000111e-01
-2.161480985871046534e-01 -2.055384249640210825e-01 -2.011823824529358484e-01 2.000000000000000111e-01 2.000000000000000111e-01 2.000000000000000111e-01
-2.367311748154526940e-01 -2.119445844030035109e-01 -1.976629285135588221e-01 2.000000000000000111e-01 2.000000000000000111e-01 2.000000000000000111e-01
-2.598430797871593145e-01 -2.173169204867861359e-01 -2.015408593135276649e-01 2.000000000000000111e-01 2.000000000000000111e-01 2.000000000000000111e-01
-2.720443366900101578e-01 -2.083197810346860412e-01 -2.068876327600921994e-01 2.000000000000000111e-01 2.000000000000000111e-01 2.000000000000000111e-01
-2.598781212521117379e-01 -1.910082097351254449e-01 -2.058620251417098146e-01 5.000000000000000278e-02 5.000000000000000278e-02 5.000000000000000278e-02
-2.571814049361700327e-01 -1.531593152742619923e-01 -1.992543353614512625e-01 5.000000000000000278e-02 5.000000000000000278e-02 5.000000000000000278e-02
-2.682925306553100575e-01 -1.312661091128201896e-01 -1.826636224813783793e-01 5.000000000000000278e-02 5.000000000000000278e-02 5.000000000000000278e-02
-2.509226462046685313e-01 -8.655944607779983424e-02 -1.448686418876277970e-01 5.000000000000000278e-02 5.000000000000000278e-02 5.000000000000000278e-02
-2.117360780462011483e-01 -7.361104618119050647e-02 -9.581179843965423326e-02 5.000000000000000278e-02 5.000000000000000278e-02 5.000000000000000278e-02
-1.718186521765709962e-01 -2.247634963930705831e-02 -7.448192937522275792e-02 -1.499999999999999944e-01 -1.499999999999999944e-01 -1.499999999999999944e-01
-1.590403974718745395e-01 1.026647778329718708e-02 -6.437358251486396954e-02 -1.499999999999999944e-01 -1.499999999999999944e-01 -1.499999999999999944e-01
-1.601837100628608068e-01 9.504948633234755473e-03 -5.996586552222410438e-02 -1.499999999999999944e-01 -1.499999999999999944e-01 -1.499999999999999944e-01
-1.786292707543765124e-01 1.148943110640470236e-03 -7.084760194483337437e-02 -1.499999999999999944e-01 -1.499999999999999944e-01 -1.499999999999999944e-01
-1.803890590954481399e-01 1.980373112332946446e-04 -6.760286779220366082e-02 -1.499999999999999944e-01 -1.499999999999999944e-01 -1.499999999999999944e-01
-1.746865217168354634e-01 1.543497846500136057e-04 -7.564766563616211192e-02 -1.499999999999999944e-01 -1.499999999999999944e-01 -1.499999999999999944e-01
-1.748432132745718071e-01 -2.083604265182103458e-03 -7.441416333304413933e-02 -1.499999999999999944e-01 -1.499999999999999944e-01 -1.499999999999999944e-01
-1.605589174617768344e-01 -4.137892254439588802e-02 -8.926584510760214586e-02 -1.499999999999999944e-01 -1.499999999999999944e-01 -1.499999999999999944e-01
-1.585678917167991087e-01 -7.393637183090415177e-02 -1.041936552876859268e-01 -1.499999999999999944e-01 -1.499999999999999944e-01 -1.499999999999999944e-01
-1.807683567369451905e-01 -9.863531072953399259e-02 -1.014575017495988468e-01 -1.499999999999999944e-01 -1.499999999999999944e-01 -1.499999999999999944e-01
-2.149250935320030087e-01 -9.731562162235486702e-02 -9.871319948971941927e-02 -1.000000000000000056e-01 -1.000000000000000056e-01 -1.000000000000000056e-01
-2.486817715321038014e-01 -1.103432218923424968e-01 -9.326549590469421225e-02 -1.000000000000000056e-01 -1.000000000000000056e-01 -1.000000000000000056e-01
-2.433132302221344967e-01 -1.264345355487728473e-01 -9.753453081084544063e-02 -1.000000000000000056e-01 -1.000000000000000056e-01 -1.000000000000000056e-01
-2.196524697193106279e-01 -1.192531632949577480e-01 -9.363851909787281047e-02 -1.000000000000000056e-01 -1.000000000000000056e-01 -1.000000000000000056e-01
-2.023930573359044305e-01 -1.113854008577132432e-01 -9.006561817374594825e-02 -1.000000000000000056e-01 -1.000000000000000056e-01 -1.000000000000000056e-01
-2.157040062030529670e-01 -1.041333351123165801e-01 -7.667650823964172746e-02 -1.000000000000000056e-01 -1.000000000000000056e-01 -1.000000000000000056e-01
-1.994217999968896371e-01 -1.200772932744968435e-01 -5.648032825300334375e-02 -1.000000000000000056e-01 -1.000000000000000056e-01 -1.000000000000000056e-01
-1.931337854912660856e-01 -1.324686918272797720e-01 -5.437200751714743596e-02 -1.000000000000000056e-01 -1.000000000000000056e-01 -1.000000000000000056e-01
-1.704736996936289106e-01 -1.292007837721599328e-01 -3.301811409871609204e-02 -1.000000000000000056e-01 -1.000000000000000056e-01 -1.000000000000000056e-01
-1.928986950918485377e-01 -1.190097247905892580e-01 -3.213496217151959322e-02 -1.000000000000000056e-01 -1.000000000000000056e-01 -1.000000000000000056e-01
-2.004323647396772656e-01 -1.337172382802433446e-01 -3.463552759913695461e-02 -1.000000000000000056e-01 -1.000000000000000056e-01 -1.000000000000000056e-01
-2.025727086157346202e-01 -1.319561503490510601e-01 -6.037366489970100863e-02 -1.000000000000000056e-01 -1.000000000000000056e-01 -1.000000000000000056e-01
-1.761358885142351449e-01 -1.176114101189288386e-01 -7.024696491450409253e-02 -1.000000000000000056e-01 -1.000000000000000056e-01 -1.000000000000000056e-01
-1.863438295736714601e-01 -8.298779280845089423e-02 -7.953908418078564635e-02 -1.000000000000000056e-01 -1.000000000000000056e-01 -1.000000000000000056e-01
-1.882486524334333333e-01 -9.487909999413596251e-02 -8.212497740267925284e-02 -1.000000000000000056e-01 -1.000000000000000056e-01 -1.000000000000000056e-01
-1.633662504404321814e-01 -7.273895393629034589e-02 -7.018002107092204123e-02 -1.000000000000000056e-01 -1.000000000000000056e-01 -1.000000000000000056e-01
-1.570747703731975309e-01 -7.854168990776436154e-02 -7.568767203907064700e-02 -1.000000000000000056e-01 -1.000000000000000056e-01 -1.000000000000000056e-01
-1.587728052922029454e-01 -8.329642112678566079e-02 -8.516960282511529257e-02 -1.000000000000000056e-01 -1.000000000000000056e-01 -1.000000000000000056e-01
-1.599502672236331746e-01 -1.029887372377719379e-01 -1.024274188964380272e-01 -1.000000000000000056e-01 -1.000000000000000056e-01 -1.000000000000000056e-01
-1.514621201204532641e-01 -1.100884651338291664e-01 -1.208484388852704844e-01 -1.000000000000000056e-01 -1.000000000000000056e-01 -1.000000000000000056e-01
-1.378426199430369814e-01 -1.114242870340330233e-01 -1.279628548969112822e-01 -1.700000000000000122e-01 -1.700000000000000122e-01 -1.700000000000000122e-01
-1.471461023508149613e-01 -1.426997799956639112e-01 -1.544752170649616452e-01 -1.700000000000000122e-01 -1.700000000000000122e-01 -1.700000000000000122e-01
-1.337141378232668820e-01 -1.423222060092628749e-01 -1.560214897207836404e-01 -1.700000000000000122e-01 -1.700000000000000122e-01 -1.700000000000000122e-01
-1.338611182130518273e-01 -1.661807749279159141e-01 -1.490561619910235058e-01 -1.700000000000000122e-01 -1.700000000000000122e-01 -1.700000000000000122e-01
-1.483473479903346659e-01 -1.779350514296153818e-01 -1.529201881007501429e-01 -1.700000000000000122e-01 -1.700000000000000122e-01 -1.700000000000000122e-01
-1.524220744815013295e-01 -1.415729855003794446e-01 -1.382759374174751255e-01 -1.700000000000000122e-01 -1.700000000000000122e-01 -1.700000000000000122e-01
-1.632195615107458753e-01 -1.713300495583532368e-01 -1.325081583099975979e-01 -1.700000000000000122e-01 -1.700000000000000122e-01 -1.700000000000000122e-01
-1.770801657114133842e-01 -1.760595396093038723e-01 -1.351152232199563652e-01 -1.700000000000000122e-01 -1.700000000000000122e-01 -1.700000000000000122e-01
-1.656195709647184655e-01 -1.792344520784731887e-01 -1.379278711047127182e-01 -1.700000000000000122e-01 -1.700000000000000122e-01 -1.700000000000000122e-01
-1.648062108033657991e-01 -1.470595670368075869e-01 -1.220354597132195240e-01 -1.700000000000000122e-01 -1.700000000000000122e-01 -1.700000000000000122e-01
-1.727387663832721243e-01 -1.550820367233013142e-01 -1.399956968098621801e-01 -1.700000000000000122e-01 -1.700000000000000122e-01 -1.700000000000000122e-01
-1.774208515244808104e-01 -1.549509743999110956e-01 -1.181768935538857479e-01 -1.700000000000000122e-01 -1.700000000000000122e-01 -1.700000000000000122e-01
-1.800767258100869628e-01 -1.428599586578087888e-01 -9.672916438808856765e-02 -1.700000000000000122e-01 -1.700000000000000122e-01 -1.700000000000000122e-01
-1.602757625171665756e-01 -1.249087994199875595e-01 -1.265236929920320608e-01 -1.700000000000000122e-01 -1.700000000000000122e-01 -1.700000000000000122e-01
-1.814593308669462113e-01 -1.162114356477965543e-01 -1.593359781664971941e-01 -1.700000000000000122e-01 -1.700000000000000122e-01 -1.700000000000000122e-01
-1.576799170217458024e-01 -1.422388292737779558e-01 -1.521738944824297668e-01 -1.700000000000000122e-01 -1.700000000000000122e-01 -1.700000000000000122e-01
-1.469805354166530964e-01 -1.192029445057209425e-01 -1.516270736468608993e-01 -1.700000000000000122e-01 -1.700000000000000122e-01 -1.700000000000000122e-01
-1.454802717641458520e-01 -1.387364809306327884e-01 -1.659550657753094405e-01 -1.700000000000000122e-01 -1.700000000000000122e-01 -1.700000000000000122e-01
-1.446241519713302448e-01 -1.550299529426716061e-01 -1.624304393506565691e-01 -1.700000000000000122e-01 -1.700000000000000122e-01 -1.700000000000000122e-01
-1.350721666004503774e-01 -1.804340590007140754e-01 -1.675595098252371518e-01 -1.700000000000000122e-01 -1.700000000000000122e-01 -1.700000000000000122e-01
-1.177466811301836058e-01 -1.948328848181460349e-01 -1.666535674966837799e-01 8.000000000000000167e-02 8.000000000000000167e-02 8.000000000000000167e-02
-1.041485320924952357e-01 -1.674149606557416847e-01 -1.644073151671865407e-01 8.000000000000000167e-02 8.000000000000000167e-02 8.000000000000000167e-02
-8.681144637461761515e-02 -1.477738263097225502e-01 -1.226421910555605121e-01 8.000000000000000167e-02 8.000000000000000167e-02 8.000000000000000167e-02
-7.007675975637683852e-02 -1.103587537353503539e-01 -1.004061889073753350e-01 8.000000000000000167e-02 8.000000000000000167e-02 8.000000000000000167e-02
-4.618396152050854853e-02 -8.895275803028639128e-02 -7.209928699851522738e-02 8.000000000000000167e-02 8.000000000000000167e-02 8.000000000000000167e-02
-2.080647282359136471e-02 -6.949799404509904299e-02 -3.381488144489457753e-02 8.000000000000000167e-02 8.000000000000000167e-02 8.000000000000000167e-02
3.386962659878502147e-02 -5.556397628335943417e-02 -1.097537148579931510e-02 8.000000000000000167e-02 8.000000000000000167e-02 8.000000000000000167e-02
5.802668948401792925e-02 -3.785228013727845453e-02 -1.219627891508793041e-03 8.000000000000000167e-02 8.000000000000000167e-02 8.000000000000000167e-02
8.079201243173218805e-02 3.536650002376287572e-02 -1.208056266104775602e-02 8.000000000000000167e-02 8.000000000000000167e-02 8.000000000000000167e-02
8.114716633495165643e-02 4.637880452284270927e-02 -1.068563432528607526e-02 8.000000000000000167e-02 8.000000000000000167e-02 8.000000000000000167e-02
6.526348520619074112e-02 4.643650373266469678e-02 -6.589374945251167542e-03 8.000000000000000167e-02 8.000000000000000167e-02 8.000000000000000167e-02
5.758000290299932628e-02 4.032117892265749126e-02 -2.123846023251407811e-02 8.000000000000000167e-02 8.000000000000000167e-02 8.000000000000000167e-02
4.930379431881418140e-02 5.704466717369725826e-02 -3.331483050915511751e-02 8.000000000000000167e-02 8.000000000000000167e-02 8.000000000000000167e-02
4.953518446141845499e-02 5.366500735128977573e-02 -3.941063386412132358e-02 8.000000000000000167e-02 8.000000000000000167e-02 8.000000000000000167e-02
5.334355538565509203e-02 5.290550418237769531e-02 -2.664319174857314454e-02 8.000000000000000167e-02 8.000000000000000167e-02 8.000000000000000167e-02
5.315312246361550419e-02 6.089352030455748993e-02 -1.914568471450035780e-02 8.000000000000000167e-02 8.000000000000000167e-02 8.000000000000000167e-02
4.746313415633017507e-02 5.856025156220568545e-02 -3.119386337925581995e-02 8.000000000000000167e-02 8.000000000000000167e-02 8.000000000000000167e-02
8.832710746648875233e-02 4.686115136952220817e-02 -3.355442510561996300e-02 8.000000000000000167e-02 8.000000000000000167e-02 8.000000000000000167e-02
1.410784385617113446e-01 3.464278915493435029e-02 -5.573395175455689993e-03 8.000000000000000167e-02 8.000000000000000167e-02 8.000000000000000167e-02
1.319329898595363038e-01 4.455730142212704914e-02 -1.038439505125075997e-02 8.000000000000000167e-02 8.000000000000000167e-02 8.000000000000000167e-02
1.148841962124613758e-01 8.805251453121465399e-02 1.248716809017826578e-02 2.500000000000000000e-01 2.500000000000000000e-01 2.500000000000000000e-01
1.089274089067103629e-01 1.140995020869115389e-01 3.818548179851872365e-02 2.500000000000000000e-01 2.500000000000000000e-01 2.500000000000000000e-01
1.349767354918481599e-01 1.176440491090058327e-01 6.860115699581596782e-02 2.500000000000000000e-01 2.500000000000000000e-01 2.500000000000000000e-01
1.323014906852893746e-01 1.424501027792586805e-01 1.233144293283962301e-01 2.500000000000000000e-01 2.500000000000000000e-01 2.500000000000000000e-01
1.705872436763472000e-01 1.465217573816120500e-01 1.458202566478255802e-01 2.500000000000000000e-01 2.500000000000000000e-01 2.500000000000000000e-01
1.690751629858070204e-01 1.603496851352925467e-01 1.556870663143896383e-01 2.500000000000000000e-01 2.500000000000000000e-01 2.500000000000000000e-01
1.839757698148966059e-01 1.811572632062294352e-01 1.325370350945506148e-01 2.500000000000000000e-01 2.500000000000000000e-01 2.500000000000000000e-01
1.788244069970469363e-01 1.456192548023194644e-01 1.344897846403997344e-01 2.500000000000000000e-01 2.500000000000000000e-01 2.500000000000000000e-01
1.750708291872181965e-01 1.719287714889616292e-01 1.450075684001132514e-01 2.500000000000000000e-01 2.500000000000000000e-01 2.500000000000000000e-01
2.073095540418427030e-01 2.185833379908928009e-01 1.326575816924234208e-01 2.500000000000000000e-01 2.500000000000000000e-01 2.500000000000000000e-01
2.341325995042891073e-01 2.151110921947546606e-01 1.202870920881382311e-01 2.500000000000000000e-01 2.500000000000000000e-01 2.500000000000000000e-01
2.224860278852916762e-01 2.023106083616485473e-01 1.464282741198776883e-01 2.500000000000000000e-01 2.500000000000000000e-01 2.500000000000000000e-01
2.092031914767606970e-01 2.125585817103428365e-01 1.602651175244111936e-01 2.500000000000000000e-01 2.500000000000000000e-01 2.500000000000000000e-01
2.353606374230565179e-01 2.232709067874415476e-01 1.280262611653999738e-01 2.500000000000000000e-01 2.500000000000000000e-01 2.500000000000000000e-01
2.450703103880919886e-01 2.027720553568597428e-01 1.185697743669715670e-01 2.500000000000000000e-01 2.500000000000000000e-01 2.500000000000000000e-01
2.458012417542664863e-01 2.232879851100272317e-01 1.270666328749690821e-01 2.500000000000000000e-01 2.500000000000000000e-01 2.500000000000000000e-01
2.589833537853881706e-01 2.382215068624955467e-01 1.729978496019574374e-01 2.500000000000000000e-01 2.500000000000000000e-01 2.500000000000000000e-01
2.739596669701870324e-01 2.614812947158615120e-01 2.026758488754430987e-01 2.500000000000000000e-01 2.500000000000000000e-01 2.500000000000000000e-01
2.660730505144330849e-01 2.478947686943749062e-01 2.313129599528642166e-01 2.500000000000000000e-01 2.500000000000000000e-01 2.500000000000000000e-01
2.467577571328646024e-01 2.499594539784431857e-01 2.158910042764501103e-01 2.500000000000000000e-01 2.500000000000000000e-01 2.500000000000000000e-01
2.370818937752242894e-01 2.598959562598736617e-01 2.150856980920733685e-01 2.000000000000000111e-01 2.000000000000000111e-01 2.000000000000000111e-01
2.650804932429469130e-01 2.395805912514333558e-01 2.186808878228315434e-01 2.000000000000000111e-01 2.000000000000000111e-01 2.000000000000000111e-01
2.766273690374204675e-01 2.446547109195918723e-01 2.116291047461484609e-01 2.000000000000000111e-01 2.000000000000000111e-01 2.000000000000000111e-01
2.698087855375161936e-01 2.574797385752976564e-01 2.112200037250002160e-01 2.000000000000000111e-01 2.000000000000000111e-01 2.000000000000000111e-01
2.700509071338055844e-01 2.524882330554839571e-01 2.209145167865206039e-01 2.000000000000000111e-01 2.000000000000000111e-01 2.000000000000000111e-01
2.750923283018495979e-01 2.372956252614175643e-01 2.122214629785447448e-01 2.000000000000000111e-01 2.000000000000000111e-01 2.000000000000000111e-01
2.710404621230620981e-01 2.515834406060781236e-01 2.261072854962033474e-01 2.000000000000000111e-01 2.000000000000000111e-01 2.000000000000000111e-01
2.668635357282427290e-01 2.243449644078952532e-01 2.117352779968117160e-01 2.000000000000000111e-01 2.000000000000000111e-01 2.000000000000000111e-01
2.448377769275173754e-01 2.317501302072034475e-01 2.235289341152771614e-01 2.000000000000000111e-01 2.000000000000000111e-01 2.000000000000000111e-01
2.149696325546283093e-01 2.471586972106201430e-01 2.132144153756741489e-01 2.000000000000000111e-01 2.000000000000000111e-01 2.000000000000000111e-01
2.035716409023891615e-01 2.433403273103212638e-01 1.981071497599963260e-01 2.000000000000000111e-01 2.000000000000000111e-01 2.000000000000000111e-01
2.468929982237928200e-01 2.311355140450925549e-01 1.865529534832403302e-01 2.000000000000000111e-01 2.000000000000000111e-01 2.000000000000000111e-01
2.272060338306850225e-01 2.331994390023145736e-01 1.935069396573896872e-01 2.000000000000000111e-01 2.000000000000000111e-01 2.000000000000000111e-01
1.938266711602211201e-01 2.309597906994913241e-01 1.809785926387891819e-01 2.000000000000000111e-01 2.000000000000000111e-01 2.000000000000000111e-01
2.022660514884195571e-01 2.198936512426931944e-01 1.582422444257653438e-01 2.000000000000000111e-01 2.000000000000000111e-01 2.000000000000000111e-01
2.058013808817089063e-01 1.987161777646579974e-01 1.592977586042805260e-01 2.000000000000000111e-01 2.000000000000000111e-01 2.000000000000000111e-01
2.287090375331147230e-01 1.735587760013903025e-01 1.717769786126409348e-01 2.000000000000000111e-01 2.000000000000000111e-01 2.000000000000000111e-01
2.326251912883685047e-01 1.865394961747161295e-01 1.582651977174377167e-01 2.000000000000000111e-01 2.000000000000000111e-01 2.000000000000000111e-01
2.340717199297046858e-01 1.990561565509553765e-01 1.797421871312104014e-01 2.000000000000000111e-01 2.000000000000000111e-01 2.000000000000000111e-01
2.581723422765136999e-01 1.722429877430557421e-01 1.691382106439919542e-01 2.000000000000000111e-01 2.000000000000000111e-01 2.000000000000000111e-01
2.642496171501217961e-01 1.821227056397365374e-01 1.806988111111565709e-01 -1.400000000000000133e-01 -1.400000000000000133e-01 -1.400000000000000133e-01
2.441460781093715560e-01 1.726599418368623684e-01 1.680946924029263767e-01 -1.400000000000000133e-01 -1.400000000000000133e-01 -1.400000000000000133e-01
1.900371301956538805e-01 1.491217965007714807e-01 1.379145778258084598e-01 -1.400000000000000133e-01 -1.400000000000000133e-01 -1.400000000000000133e-01
1.524452920404534284e-01 1.238799950612601009e-01 9.504070859049365549e-02 -1.400000000000000133e-01 -1.400000000000000133e-01 -1.400000000000000133e-01
1.195566923507588863e-01 8.338814274494402157e-02 8.934979141324715657e-02 -1.400000000000000133e-01 -1.400000000000000133e-01 -1.400000000000000133e-01
8.107698811146576978e-02 5.885709170126354056e-02 6.419529924998153281e-02 -1.400000000000000133e-01 -1.400000000000000133e-01 -1.400000000000000133e-01
6.401060068096774136e-02 3.229220929470774659e-02 3.558820363080247851e-02 -1.400000000000000133e-01 -1.400000000000000133e-01 -1.400000000000000133e-01
3.606846015483526624e-02 2.159951499730871499e-02 -2.661970377490149864e-03 -1.400000000000000133e-01 -1.400000000000000133e-01 -1.400000000000000133e-01
2.439580904610936032e-02 -1.241283053007129905e-02 -3.574823147591246059e-02 -1.400000000000000133e-01 -1.400000000000000133e-01 -1.400000000000000133e-01
8.949678593892404846e-03 -3.958429353927843397e-02 -5.686619039024504163e-02 -1.400000000000000133e-01 -1.400000000000000133e-01 -1.400000000000000133e-01
-1.807037999157119768e-02 -5.240920134330347840e-02 -5.816410695810494275e-02 -1.400000000000000133e-01 -1.400000000000000133e-01 -1.400000000000000133e-01
-4.300486736237954521e-02 -5.495781742639183065e-02 -6.277434935383902070e-02 -1.400000000000000133e-01 -1.400000000000000133e-01 -1.400000000000000133e-01
-7.550022316098844999e-02 -7.811708947482634557e-02 -5.363559851791505073e-02 -1.400000000000000133e-01 -1.400000000000000133e-01 -1.400000000000000133e-01
-1.010695008955206919e-01 -6.615668703948569818e-02 -7.977021991735168405e-02 -1.400000000000000133e-01 -1.400000000000000133e-01 -1.400000000000000133e-01
-1.089064109485811532e-01 -8.910949319036162719e-02 -8.576208089459803896e-02 -1.400000000000000133e-01 -1.400000000000000133e-01 -1.400000000000000133e-01
-9.107214358064277815e-02 -1.311801645095353741e-01 -9.075999673839704740e-02 -1.400000000000000133e-01 -1.400000000000000133e-01 -1.400000000000000133e-01
-9.917891917953187975e-02 -1.355363348542578394e-01 -7.907395240124383273e-02 -1.400000000000000133e-01 -1.400000000000000133e-01 -1.400000000000000133e-01
-9.183183112045249785e-02 -1.505046882762040295e-01 -8.317615300293688951e-02 -1.400000000000000133e-01 -1.400000000000000133e-01 -1.400000000000000133e-01
-9.496703596412775505e-02 -1.549389305674319095e-01 -7.920851246721653804e-02 -1.400000000000000133e-01 -1.400000000000000133e-01 -1.400000000000000133e-01
-9.400881626066019681e-02 -1.444141592659635986e-01 -9.427957300048078748e-02 -1.400000000000000133e-01 -1.400000000000000133e-01 -1.400000000000000133e-01
-1.161359573054334404e-01 -1.499843813477915455e-01 -9.565218164075614538e-02 -1.400000000000000133e-01 -1.400000000000000133e-01 -1.400000000000000133e-01
-1.170255686337487722e-01 -1.545869737666685229e-01 -9.734123212357931321e-02 -1.400000000000000133e-01 -1.400000000000000133e-01 -1.400000000000000133e-01
-1.258305041883253095e-01 -1.639366804479703843e-01 -9.619409441019687035e-02 -1.400000000000000133e-01 -1.400000000000000133e-01 -1.400000000000000133e-01
-1.316142158541552531e-01 -1.399834040835584714e-01 -9.590677365906778717e-02 -1.400000000000000133e-01 -1.400000000000000133e-01 -1.400000000000000133e-01
-1.273844324517508231e-01 -1.204561528535847414e-01 -1.001067100643707047e-01 -1.400000000000000133e-01 -1.400000000000000133e-01 -1.400000000000000133e-01
-1.043021859015111213e-01 -1.498165068676084177e-01 -1.273446203217969974e-01 -1.400000000000000133e-01 -1.400000000000000133e-01 -1.400000000000000133e-01
-1.280701856867626220e-01 -1.579140103870906309e-01 -1.289828484840720157e-01 -1.400000000000000133e-01 -1.400000000000000133e-01 -1.400000000000000133e-01
-1.318535753480741812e-01 -1.496228913268624061e-01 -1.349050281301430732e-01 -1.400000000000000133e-01 -1.400000000000000133e-01 -1.400000000000000133e-01
-1.238623641833060673e-01 -1.347550343705463949e-01 -1.275276279936078672e-01 -1.400000000000000133e-01 -1.400000000000000133e-01 -1.400000000000000133e-01
-1.376695836347345270e-01 -1.434933241971395323e-01 -1.308689647863986727e-01 -1.400000000000000133e-01 -1.400000000000000133e-01 -1.400000000000000133e-01
-1.551543065128476451e-01 -1.370676634877858180e-01 -1.274855421827533752e-01 -1.799999999999999933e-01 -1.799999999999999933e-01 -1.799999999999999933e-01
-1.301045544484093486e-01 -1.274763642479799508e-01 -1.322247332522367702e-01 -1.799999999999999933e-01 -1.799999999999999933e-01 -1.799999999999999933e-01
-1.066830249105779754e-01 -1.520094898267286831e-01 -1.136127521832673570e-01 -1.799999999999999933e-01 -1.799999999999999933e-01 -1.799999999999999933e-01
-9.830262949255419436e-02 -1.658670020351296071e-01 -9.340754851133559189e-02 -1.799999999999999933e-01 -1.799999999999999933e-01 -1.799999999999999933e-01
-1.196918064643983648e-01 -1.628839970368016199e-01 -9.852571511072683030e-02 -1.799999999999999933e-01 -1.799999999999999933e-01 -1.799999999999999933e-01
-1.347320923231441758e-01 -1.547223330483898929e-01 -1.144586328424004040e-01 -1.799999999999999933e-01 -1.799999999999999933e-01 -1.799999999999999933e-01
-1.330741127435585702e-01 -1.606561087757984452e-01 -1.011955785342540381e-01 -1.799999999999999933e-01 -1.799999999999999933e-01 -1.799999999999999933e-01
-1.625804735390463385e-01 -1.688462612992154277e-01 -1.282073875631870585e-01 -1.799999999999999933e-01 -1.799999999999999933e-01 -1.799999999999999933e-01
-1.612938156995201988e-01 -1.793970238396238315e-01 -1.580296588382161527e-01 -1.799999999999999933e-01 -1.799999999999999933e-01 -1.799999999999999933e-01
-1.861132663971546419e-01 -1.736245592813576988e-01 -1.649501146846191202e-01 -1.799999999999999933e-01 -1.799999999999999933e-01 -1.799999999999999933e-01
-2.198052181162815921e-01 -1.770314408692593988e-01 -1.585858793525715682e-01 2.700000000000000178e-01 2.700000000000000178e-01 2.700000000000000178e-01
-2.216314376462246716e-01 -1.736023040896906844e-01 -1.382220547522905740e-01 2.700000000000000178e-01 2.700000000000000178e-01 2.700000000000000178e-01
-1.937156761204173738e-01 -1.225258093496247591e-01 -1.319396497289794246e-01 2.700000000000000178e-01 2.700000000000000178e-01 2.700000000000000178e-01
-1.481734904681816789e-01 -1.045432723062913183e-01 -8.919640786266166965e-02 2.700000000000000178e-01 2.700000000000000178e-01 2.700000000000000178e-01
-7.532740711429150582e-02 -6.444337293009125278e-02 -9.093653108639680738e-02 2.700000000000000178e-01 2.700000000000000178e-01 2.700000000000000178e-01
-4.787899397457458239e-02 -1.413366038724764295e-02 -9.036991055505014248e-02 2.700000000000000178e-01 2.700000000000000178e-01 2.700000000000000178e-01
-7.983252755338648976e-03 1.651223635001402429e-02 -9.371150490537628885e-02 2.700000000000000178e-01 2.700000000000000178e-01 2.700000000000000178e-01
4.501646073697666839e-02 6.714576696578627990e-02 -7.310877066012455572e-02 2.700000000000000178e-01 2.700000000000000178e-01 2.700000000000000178e-01
8.707467945838892609e-02 8.730667264439215258e-02 -8.505797928002514774e-02 2.700000000000000178e-01 2.700000000000000178e-01 2.700000000000000178e-01
1.197452982104952740e-01 1.128459846654848719e-01 -7.745275954550470687e-02 2.700000000000000178e-01 2.700000000000000178e-01 2.700000000000000178e-01
1.432733050233669092e-01 1.665584505608572186e-01 -5.394874631054441538e-02 -1.199999999999999956e-01 -1.199999999999999956e-01 -1.199999999999999956e-01
1.353196951659396130e-01 1.710698643400098418e-01 -5.730418425593745979e-02 -1.199999999999999956e-01 -1.199999999999999956e-01 -1.199999999999999956e-01
1.125585290467005783e-01 1.657293461319944705e-01 -1.066638836835113180e-01 -1.199999999999999956e-01 -1.199999999999999956e-01 -1.199999999999999956e-01
7.416407701205907088e-02 1.352361853065670305e-01 -1.175511235014361500e-01 -1.199999999999999956e-01 -1.199999999999999956e-01 -1.199999999999999956e-01
6.552366653485577896e-02 1.056619852088497291e-01 -1.400674573497275310e-01 -1.199999999999999956e-01 -1.199999999999999956e-01 -1.199999999999999956e-01
4.113798073406707556e-02 7.702905247709897207e-02 -1.149335925019325660e-01 -1.199999999999999956e-01 -1.199999999999999956e-01 -1.199999999999999956e-01
1.604446451410444438e-02 5.019478715355567972e-02 -1.410914767197665176e-01 -1.199999999999999956e-01 -1.199999999999999956e-01 -1.199999999999999956e-01
-1.195545623347886444e-03 1.285929347683515550e-02 -1.190690552115738765e-01 -1.199999999999999956e-01 -1.199999999999999956e-01 -1.199999999999999956e-01
-9.467765353157483674e-03 -1.468857537627517654e-03 -1.104016411814639081e-01 -1.199999999999999956e-01 -1.199999999999999956e-01 -1.199999999999999956e-01
-8.346588675169895610e-02 -1.205336385257312418e-02 -1.552060618134648295e-01 -1.199999999999999956e-01 -1.199999999999999956e-01 -1.199999999999999956e-01
-7.475700960988401755e-02 -4.259381627549189975e-02 -1.513715470133009666e-01 -1.199999999999999956e-01 -1.199999999999999956e-01 -1.199999999999999956e-01
-7.595254527938653799e-02 -5.877498319955061501e-02 -1.479497359631746223e-01 -1.199999999999999956e-01 -1.199999999999999956e-01 -1.199999999999999956e-01
-7.795019456767109112e-02 -7.600658455664612012e-02 -1.406140959216311270e-01 -1.199999999999999956e-01 -1.199999999999999956e-01 -1.199999999999999956e-01
-5.469245642339611718e-02 -9.808777245857121241e-02 -1.346217006438066022e-01 -1.199999999999999956e-01 -1.199999999999999956e-01 -1.199999999999999956e-01
-5.403196076083681409e-02 -8.746340489656660722e-02 -1.320207526775411810e-01 -1.199999999999999956e-01 -1.199999999999999956e-01 -1.199999999999999956e-01
-5.817961147898277618e-02 -8.207187307721110214e-02 -1.303593260258082698e-01 -1.199999999999999956e-01 -1.199999999999999956e-01 -1.199999999999999956e-01
-4.028957019472287349e-02 -1.116634228249046290e-01 -1.048164049941941040e-01 -1.199999999999999956e-01 -1.199999999999999956e-01 -1.199999999999999956e-01
-4.490767649392772565e-02 -9.262547436617142582e-02 -1.171407668018064063e-01 -1.199999999999999956e-01 -1.199999999999999956e-01 -1.199999999999999956e-01
-4.997301520333650299e-02 -9.558781558351440999e-02 -1.086545763206823306e-01 -1.199999999999999956e-01 -1.199999999999999956e-01 -1.199999999999999956e-01
-5.216254089417711459e-02 -9.230774004284768297e-02 -1.275142545194216381e-01 -1.199999999999999956e-01 -1.199999999999999956e-01 -1.199999999999999956e-01
-8.649044638543526564e-02 -8.264614423031114987e-02 -1.137649787136783552e-01 -1.199999999999999956e-01 -1.199999999999999956e-01 -1.199999999999999956e-01
-8.652543686032722337e-02 -7.873162077928136382e-02 -1.123237796303588748e-01 -1.199999999999999956e-01 -1.199999999999999956e-01 -1.199999999999999956e-01
-1.114148197515950067e-01 -8.230053907117572398e-02 -9.343979188481507658e-02 -1.199999999999999956e-01 -1.199999999999999956e-01 -1.199999999999999956e-01
-1.081843368366710578e-01 -7.244870619046436810e-02 -9.713206106685252916e-02 -1.199999999999999956e-01 -1.199999999999999956e-01 -1.199999999999999956e-01
-1.070491576305902803e-01 -7.711086916310409822e-02 -1.021333059838247931e-01 -1.199999999999999956e-01 -1.199999999999999956e-01 -1.199999999999999956e-01
-1.047699983682199160e-01 -8.291682261386321140e-02 -1.211583474612566852e-01 -1.799999999999999933e-01 -1.799999999999999933e-01 -1.799999999999999933e-01
-9.583299496035511955e-02 -7.429331427714863656e-02 -1.271053332115496259e-01 -1.799999999999999933e-01 -1.799999999999999933e-01 -1.799999999999999933e-01
-8.408429745687626133e-02 -1.000950309316684661e-01 -1.193735271584046992e-01 -1.799999999999999933e-01 -1.799999999999999933e-01 -1.799999999999999933e-01
-9.232901461870192394e-02 -1.159896857708099110e-01 -1.045214764509831973e-01 -1.799999999999999933e-01 -1.799999999999999933e-01 -1.799999999999999933e-01
-7.819620738396738935e-02 -1.593808049645620839e-01 -1.005492939218820547e-01 -1.799999999999999933e-01 -1.799999999999999933e-01 -1.799999999999999933e-01
-9.419945168102637767e-02 -1.428504733086570500e-01 -1.125090065634425374e-01 -1.799999999999999933e-01 -1.799999999999999933e-01 -1.799999999999999933e-01
-9.200297324048853365e-02 -1.280545784615236826e-01 -1.024657200200711077e-01 -1.799999999999999933e-01 -1.799999999999999933e-01 -1.799999999999999933e-01
-1.173513655296997693e-01 -1.239355623175053128e-01 -9.391453939502050763e-02 -1.799999999999999933e-01 -1.799999999999999933e-01 -1.799999999999999933e-01
-1.148004783520079064e-01 -1.232480749815606097e-01 -8.364403022165181611e-02 -1.799999999999999933e-01 -1.799999999999999933e-01 -1.799999999999999933e-01
-1.391924370172553660e-01 -1.282989344855016145e-01 -9.387827744805550545e-02 -1.799999999999999933e-01 -1.799999999999999933e-01 -1.799999999999999933e-01
-1.741808985000070642e-01 -1.210429062882579232e-01 -1.001055396880021486e-01 2.500000000000000000e-01 2.500000000000000000e-01 2.500000000000000000e-01
-1.358542594299274320e-01 -1.132425825552270948e-01 -8.487834932650276110e-02 2.500000000000000000e-01 2.500000000000000000e-01 2.500000000000000000e-01
-9.821087236197413584e-02 -7.242031154925882008e-02 -8.393489732250040969e-02 2.500000000000000000e-01 2.500000000000000000e-01 2.500000000000000000e-01
-6.451627045103831837e-02 -3.380592738575642631e-02 -7.820879452961837508e-02 2.500000000000000000e-01 2.500000000000000000e-01 2.500000000000000000e-01
-2.146911402348208875e-02 5.915943184746606798e-03 -6.230857942882925965e-02 2.500000000000000000e-01 2.500000000000000000e-01 2.500000000000000000e-01
2.017504234740785662e-03 3.643247312387019876e-02 -1.135968794018313993e-02 2.500000000000000000e-01 2.500000000000000000e-01 2.500000000000000000e-01
8.097531549636843851e-02 7.711833464128453608e-02 -4.695122402420370822e-03 2.500000000000000000e-01 2.500000000000000000e-01 2.500000000000000000e-01
9.615766684532686681e-02 7.301050333895986455e-02 3.370558172401400682e-02 2.500000000000000000e-01 2.500000000000000000e-01 2.500000000000000000e-01
1.226380959101884688e-01 7.782835315963410050e-02 6.504575628745190574e-02 2.500000000000000000e-01 2.500000000000000000e-01 2.500000000000000000e-01
1.427073238927590859e-01 1.084298400469093648e-01 4.188384142668163945e-02 2.500000000000000000e-01 2.500000000000000000e-01 2.500000000000000000e-01
1.729649273466872805e-01 1.288363554904207453e-01 3.867717958268163808e-02 2.500000000000000000e-01 2.500000000000000000e-01 2.500000000000000000e-01
1.911618517698794872e-01 1.480195808228609577e-01 2.686443555814426593e-02 2.500000000000000000e-01 2.500000000000000000e-01 2.500000000000000000e-01
1.938662289347216350e-01 1.574843447609850511e-01 4.168677389508027020e-02 2.500000000000000000e-01 2.500000000000000000e-01 2.500000000000000000e-01
2.043462636348558625e-01 1.915771408403965093e-01 3.096495672865497845e-02 2.500000000000000000e-01 2.500000000000000000e-01 2.500000000000000000e-01
2.120980924660620659e-01 1.935154067848880444e-01 1.951453687202400755e-02 2.500000000000000000e-01 2.500000000000000000e-01 2.500000000000000000e-01
2.339756565024399548e-01 2.006011835027046442e-01 3.742148034877492563e-02 1.000000000000000056e-01 1.000000000000000056e-01 1.000000000000000056e-01
2.077045106358778315e-01 1.846562447331470402e-01 1.519070218176284473e-02 1.000000000000000056e-01 1.000000000000000056e-01 1.000000000000000056e-01
2.210903675309108529e-01 2.091660476140335678e-01 3.419430524005705185e-02 1.000000000000000056e-01 1.000000000000000056e-01 1.000000000000000056e-01
2.153671797281482003e-01 2.032195099951714379e-01 3.563096047329491339e-02 1.000000000000000056e-01 1.000000000000000056e-01 1.000000000000000056e-01
1.789365816503485362e-01 2.105475557536563569e-01 1.632386387014997733e-02 1.000000000000000056e-01 1.000000000000000056e-01 1.000000000000000056e-01
1.552988301334310151e-01 1.797721402172160199e-01 2.267468599938621612e-02 1.000000000000000056e-01 1.000000000000000056e-01 1.000000000000000056e-01
1.462209261701261642e-01 1.624789280526223179e-01 5.325866117801059813e-02 1.000000000000000056e-01 1.000000000000000056e-01 1.000000000000000056e-01
1.503401191666406400e-01 1.160852833126521100e-01 7.471587479177346780e-02 1.000000000000000056e-01 1.000000000000000056e-01 1.000000000000000056e-01
1.303729246361071681e-01 1.094266273663062755e-01 8.937099319415497956e-02 1.000000000000000056e-01 1.000000000000000056e-01 1.000000000000000056e-01
1.174619210538491304e-01 7.943001755541752307e-02 1.095781291670286928e-01 1.000000000000000056e-01 1.000000000000000056e-01 1.000000000000000056e-01
1.357007316776274730e-01 6.115306869309300453e-02 8.773597010044323352e-02 1.000000000000000056e-01 1.000000000000000056e-01 1.000000000000000056e-01
1.419648666558873951e-01 6.209194217157953943e-02 1.001648100848586409e-01 1.000000000000000056e-01 1.000000000000000056e-01 1.000000000000000056e-01
1.372690845538266369e-01 7.388746268454604582e-02 9.733838012074347290e-02 1.000000000000000056e-01 1.000000000000000056e-01 1.000000000000000056e-01
1.101318949816419424e-01 7.096314986617423270e-02 7.838939221199572871e-02 1.000000000000000056e-01 1.000000000000000056e-01 1.000000000000000056e-01
1.047407828747907999e-01 6.451025414517236323e-02 8.484698694093097127e-02 1.000000000000000056e-01 1.000000000000000056e-01 1.000000000000000056e-01
1.075457337270254582e-01 7.645997029578009696e-02 6.497665938848828926e-02 1.000000000000000056e-01 1.000000000000000056e-01 1.000000000000000056e-01
9.882195139277769047e-02 8.135542883888798038e-02 6.689086997220476671e-02 1.000000000000000056e-01 1.000000000000000056e-01 1.000000000000000056e-01
7.497986236709565377e-02 8.446912336093991003e-02 5.950851882429078477e-02 1.000000000000000056e-01 1.000000000000000056e-01 1.000000000000000056e-01
6.664412806329393646e-02 5.726530151141884240e-02 6.740014660546846115e-02 1.000000000000000056e-01 1.000000000000000056e-01 1.000000000000000056e-01
6.750751610157409988e-02 5.227396405301953236e-02 8.020019657751055464e-02 2.000000000000000111e-01 2.000000000000000111e-01 2.000000000000000111e-01
7.386025702279992722e-02 2.713851438136097305e-02 7.282776637533024122e-02 2.000000000000000111e-01 2.000000000000000111e-01 2.000000000000000111e-01
7.830157256114460285e-02 4.521558088812134557e-02 1.016054781014720243e-01 2.000000000000000111e-01 2.000000000000000111e-01 2.000000000000000111e-01
8.717288377378540343e-02 7.174510704823430784e-02 1.000309312420996216e-01 2.000000000000000111e-01 2.000000000000000111e-01 2.000000000000000111e-01
1.110563766836428212e-01 9.063500271512203721e-02 1.062320252163062168e-01 2.000000000000000111e-01 2.000000000000000111e-01 2.000000000000000111e-01
1.219824364475991796e-01 9.352729043168717116e-02 1.115440289025601828e-01 2.000000000000000111e-01 2.000000000000000111e-01 2.000000000000000111e-01
1.282126406839039501e-01 1.324738738869023769e-01 1.214444228939839110e-01 2.000000000000000111e-01 2.000000000000000111e-01 2.000000000000000111e-01
1.131481303986140163e-01 1.008694926073946257e-01 9.129042757974427380e-02 2.000000000000000111e-01 2.000000000000000111e-01 2.000000000000000111e-01
1.376271848888250826e-01 1.303512980100687280e-01 9.490504468654109571e-02 2.000000000000000111e-01 2.000000000000000111e-01 2.000000000000000111e-01
1.403590343471259050e-01 1.877425479037370670e-01 9.049434737540844320e-02 2.000000000000000111e-01 2.000000000000000111e-01 2.000000000000000111e-01
1.619069002573424176e-01 1.744212261377560969e-01 1.121837882500099082e-01 2.000000000000000111e-01 2.000000000000000111e-01 2.000000000000000111e-01
1.841319171705751434e-01 1.839573118116667183e-01 1.200883200394708417e-01 2.000000000000000111e-01 2.000000000000000111e-01 2.000000000000000111e-01
1.928172617906347419e-01 2.001709541473589704e-01 1.579539429707961240e-01 2.000000000000000111e-01 2.000000000000000111e-01 2.000000000000000111e-01
2.163259549187468433e-01 2.215508906195812755e-01 1.748910015309262100e-01 2.000000000000000111e-01 2.000000000000000111e-01 2.000000000000000111e-01
2.209024205570237209e-01 2.334049558150129156e-01 1.921813415461950114e-01 2.000000000000000111e-01 2.000000000000000111e-01 2.000000000000000111e-01
2.292611893865583728e-01 2.231355683505256149e-01 1.893579568844009353e-01 2.000000000000000111e-01 2.000000000000000111e-01 2.000000000000000111e-01
2.233339961071379165e-01 2.109731746042557421e-01 1.483295716112078277e-01 2.000000000000000111e-01 2.000000000000000111e-01 2.000000000000000111e-01
2.179337044364470233e-01 2.154101455959794575e-01 1.565591823998914722e-01 2.000000000000000111e-01 2.000000000000000111e-01 2.000000000000000111e-01
2.178543806714177411e-01 2.151394715948269643e-01 1.508606813945692349e-01 2.000000000000000111e-01 2.000000000000000111e-01 2.000000000000000111e-01
2.524688738889787065e-01 2.135865146969326001e-01 1.577896298974233447e-01 -1.499999999999999944e-01 -1.499999999999999944e-01 -1.499999999999999944e-01
2.430814966336411476e-01 1.859073564841490223e-01 1.608907158968225504e-01 -1.499999999999999944e-01 -1.499999999999999944e-01 -1.499999999999999944e-01
2.048903802942525498e-01 1.781154541562058047e-01 1.423109959948933301e-01 -1.499999999999999944e-01 -1.499999999999999944e-01 -1.499999999999999944e-01
1.623143460502147750e-01 1.426371800260580192e-01 1.091374496497458935e-01 -1.499999999999999944e-01 -1.499999999999999944e-01 -1.499999999999999944e-01
1.383349476601199446e-01 1.035304207983021585e-01 7.890413126689585499e-02 -1.499999999999999944e-01 -1.499999999999999944e-01 -1.499999999999999944e-01
1.125794876629179209e-01 6.107000419462437629e-02 6.164357963487726577e-02 -1.499999999999999944e-01 -1.499999999999999944e-01 -1.499999999999999944e-01
8.625788395390769636e-02 2.978563323895306453e-02 2.413117880664782805e-02 -1.499999999999999944e-01 -1.499999999999999944e-01 -1.499999999999999944e-01
6.988256355353386629e-02 1.422105736730503757e-02 8.339020171474888915e-03 -1.499999999999999944e-01 -1.499999999999999944e-01 -1.499999999999999944e-01
1.425938947077657476e-02 -1.867781525466955667e-02 -3.450635677366139381e-03 -1.499999999999999944e-01 -1.499999999999999944e-01 -1.499999999999999944e-01
-1.963100569779271248e-02 -5.325384690246694197e-02 -3.424432144368012160e-02 -1.499999999999999944e-01 -1.499999999999999944e-01 -1.499999999999999944e-01
-6.170944272159799293e-02 -1.130498337028042477e-01 -2.623468425683764954e-02 -1.499999999999999944e-01 -1.499999999999999944e-01 -1.499999999999999944e-01
-7.540522570269785063e-02 -1.070563769389138165e-01 -4.534716759585435270e-02 -1.499999999999999944e-01 -1.499999999999999944e-01 -1.499999999999999944e-01
-7.673962164258567309e-02 -1.039318901749790719e-01 -5.779867546206413076e-02 -1.499999999999999944e-01 -1.499999999999999944e-01 -1.499999999999999944e-01
-7.236991345346698024e-02 -1.110682101202370708e-01 -7.571045147856758639e-02 -1.499999999999999944e-01 -1.499999999999999944e-01 -1.499999999999999944e-01
-8.051539118302976361e-02 -1.138719893044251585e-01 -7.795013686761594063e-02 -1.499999999999999944e-01 -1.499999999999999944e-01 -1.499999999999999944e-01
-1.121136155773674870e-01 -1.226425499496147237e-01 -1.085267383020252219e-01 -1.499999999999999944e-01 -1.499999999999999944e-01 -1.499999999999999944e-01
-1.344560646809271065e-01 -1.359171095674212015e-01 -1.201624898070235287e-01 -1.499999999999999944e-01 -1.499999999999999944e-01 -1.499999999999999944e-01
-1.418798073082621625e-01 -1.441315816913307235e-01 -1.139445028026743328e-01 -1.499999999999999944e-01 -1.499999999999999944e-01 -1.499999999999999944e-01
-1.263482191542188160e-01 -1.560096208732776046e-01 -1.157744649235544349e-01 -1.499999999999999944e-01 -1.499999999999999944e-01 -1.499999999999999944e-01
-1.390403855893345142e-01 -1.520317817676856698e-01 -1.144772064243259752e-01 -5.000000000000000278e-02 -5.000000000000000278e-02 -5.000000000000000278e-02
-1.645088367657938644e-01 -1.441409478563280278e-01 -1.339611247076123446e-01 -5.000000000000000278e-02 -5.000000000000000278e-02 -5.000000000000000278e-02
-1.375885445419919029e-01 -1.428600362151827285e-01 -1.461404725839944019e-01 -5.000000000000000278e-02 -5.000000000000000278e-02 -5.000000000000000278e-02
-1.284891919647242753e-01 -1.239609931683045424e-01 -1.404402265946752826e-01 -5.000000000000000278e-02 -5.000000000000000278e-02 -5.000000000000000278e-02
-1.140205636846392395e-01 -9.405005073640279600e-02 -1.071040425421714987e-01 -5.000000000000000278e-02 -5.000000000000000278e-02 -5.000000000000000278e-02
-9.237497418834744733e-02 -7.814532241759146458e-02 -8.464166610555576287e-02 -5.000000000000000278e-02 -5.000000000000000278e-02 -5.000000000000000278e-02
-8.736993730145310721e-02 -8.363599162460734482e-02 -6.906856262243127320e-02 -5.000000000000000278e-02 -5.000000000000000278e-02 -5.000000000000000278e-02
-8.771073066089338233e-02 -8.690850852715314989e-02 -9.028466743020412133e-02 -5.000000000000000278e-02 -5.000000000000000278e-02 -5.000000000000000278e-02
-1.024524757437549199e-01 -7.635777304804924892e-02 -8.657382683512647448e-02 -5.000000000000000278e-02 -5.000000000000000278e-02 -5.000000000000000278e-02
-1.122288707175692624e-01 -8.015411444359127335e-02 -6.565047175541273428e-02 -5.000000000000000278e-02 -5.000000000000000278e-02 -5.000000000000000278e-02
-7.855186154719254188e-02 -5.476600103276621501e-02 -6.144776676270588545e-02 -5.000000000000000278e-02 -5.000000000000000278e-02 -5.000000000000000278e-02
-8.228553493850496170e-02 -6.486589168556415597e-02 -5.250903877324955560e-02 -5.000000000000000278e-02 -5.000000000000000278e-02 -5.000000000000000278e-02
-4.957561972098539771e-02 -5.725287017217944169e-02 -5.041633483241693414e-02 -5.000000000000000278e-02 -5.000000000000000278e-02 -5.000000000000000278e-02
-5.819281951235923123e-02 -2.878975778453748968e-02 -6.711195219514311250e-02 -5.000000000000000278e-02 -5.000000000000000278e-02 -5.000000000000000278e-02
-6.106930813129760049e-02 -2.012421677496232728e-02 -5.674859804434395638e-02 -5.000000000000000278e-02 -5.000000000000000278e-02 -5.000000000000000278e-02
-6.172713174485806864e-02 -2.629205729523936483e-02 -4.887224458387492282e-02 -5.000000000000000278e-02 -5.000000000000000278e-02 -5.000000000000000278e-02
-5.727493193595716708e-02 -2.514677713695361375e-02 -7.755368890810833415e-02 -5.000000000000000278e-02 -5.000000000000000278e-02 -5.000000000000000278e-02
-5.515556567977569769e-02 -2.773959897030081612e-02 -8.144873353102476121e-02 -5.000000000000000278e-02 -5.000000000000000278e-02 -5.000000000000000278e-02
-1.752987499939256955e-02 -9.091515784123517518e-03 -7.822606223473710374e-02 -5.000000000000000278e-02 -5.000000000000000278e-02 -5.000000000000000278e-02
-1.092759995852099833e-02 8.617965302749084483e-03 -8.295895043861133134e-02 1.199999999999999956e-01 1.199999999999999956e-01 1.199999999999999956e-01
-2.335337702939997706e-04 1.163392468492282020e-02 -7.181933654573674497e-02 1.199999999999999956e-01 1.199999999999999956e-01 1.199999999999999956e-01
1.685840554723656501e-02 3.125593723484768049e-02 -6.259995805284372661e-02 1.199999999999999956e-01 1.199999999999999956e-01 1.199999999999999956e-01
1.325063133670437848e-02 5.687174246619485646e-02 -3.736561731933534664e-02 1.199999999999999956e-01 1.199999999999999956e-01 1.199999999999999956e-01
2.994026261761558935e-02 7.679845285861461313e-02 -2.673127962806253963e-02 1.199999999999999956e-01 1.199999999999999956e-01 1.199999999999999956e-01
4.508567931052790551e-02 4.789298136587212540e-02 -1.559358503845008695e-02 1.199999999999999956e-01 1.199999999999999956e-01 1.199999999999999956e-01
2.099887284724867229e-02 5.479393783680505670e-02 2.036779953553409864e-02 1.199999999999999956e-01 1.199999999999999956e-01 1.199999999999999956e-01
3.190613188409614082e-02 8.560256730898441191e-02 2.158690019270562144e-02 1.199999999999999956e-01 1.199999999999999956e-01 1.199999999999999956e-01
3.250780588196647281e-02 9.386041469247398406e-02 2.198675806790405252e-02 1.199999999999999956e-01 1.199999999999999956e-01 1.199999999999999956e-01
2.616433957249782519e-02 7.160552601248262872e-02 5.465514571635607388e-02 1.199999999999999956e-01 1.199999999999999956e-01 1.199999999999999956e-01
6.153865457861905364e-02 1.187835685196607372e-01 7.963991481299782793e-02 1.199999999999999956e-01 1.199999999999999956e-01 1.199999999999999956e-01
7.258403975743224490e-02 1.154000944635171361e-01 8.997860800124421465e-02 1.199999999999999956e-01 1.199999999999999956e-01 1.199999999999999956e-01
9.927259922361209021e-02 1.099353733396155886e-01 1.023424721139498117e-01 1.199999999999999956e-01 1.199999999999999956e-01 1.199999999999999956e-01
6.721413919571619933e-02 9.694697610104915930e-02 9.883241400567346902e-02 1.199999999999999956e-01 1.199999999999999956e-01 1.199999999999999956e-01
9.824647311072531863e-02 1.067808026094543700e-01 9.344735410560107980e-02 1.199999999999999956e-01 1.199999999999999956e-01 1.199999999999999956e-01
1.070253845240820290e-01 1.209000394810457735e-01 9.889680975797690565e-02 1.199999999999999956e-01 1.199999999999999956e-01 1.199999999999999956e-01
9.736995415183428981e-02 1.252981070045034173e-01 1.156584714230681488e-01 1.199999999999999956e-01 1.199999999999999956e-01 1.199999999999999956e-01
9.745338945347688242e-02 1.454476457790231658e-01 1.154672686703989704e-01 1.199999999999999956e-01 1.199999999999999956e-01 1.199999999999999956e-01
1.182254796498131422e-01 1.344503033427444927e-01 1.211672817101403093e-01 1.199999999999999956e-01 1.199999999999999956e-01 1.199999999999999956e-01
1.497196946174564613e-01 1.334247046520085633e-01 1.334298650501973549e-01 1.199999999999999956e-01 1.199999999999999956e-01 1.199999999999999956e-01
1.636677208466977285e-01 1.371802026440599731e-01 1.294362512187345604e-01 1.199999999999999956e-01 1.199999999999999956e-01 1.199999999999999956e-01
1.564454299993643660e-01 1.122810104600043130e-01 1.145587474136189193e-01 1.199999999999999956e-01 1.199999999999999956e-01 1.199999999999999956e-01
1.312490491208148646e-01 1.201574081179848097e-01 1.236631266506744570e-01 1.199999999999999956e-01 1.199999999999999956e-01 1.199999999999999956e-01
1.403255376874614491e-01 1.098199134881100714e-01 9.336898663802313536e-02 1.199999999999999956e-01 1.199999999999999956e-01 1.199999999999999956e-01
1.354334397056274342e-01 1.215218806303339644e-01 9.025579566009853116e-02 1.199999999999999956e-01 1.199999999999999956e-01 1.199999999999999956e-01
1.673589658776745703e-01 1.280287541727787859e-01 8.990430813923645792e-02 1.199999999999999956e-01 1.199999999999999956e-01 1.199999999999999956e-01
1.689207988392447402e-01 1.167076523977057800e-01 1.142864568647302820e-01 1.199999999999999956e-01 1.199999999999999956e-01 1.199999999999999956e-01
1.766203362391231824e-01 1.223046896828611785e-01 1.285917400695028301e-01 1.199999999999999956e-01 1.199999999999999956e-01 1.199999999999999956e-01
1.704817140617688742e-01 1.126589671530674047e-01 1.158098700113964069e-01 1.199999999999999956e-01 1.199999999999999956e-01 1.199999999999999956e-01
1.490799260728147280e-01 1.116616900296276554e-01 8.223833649891287845e-02 1.199999999999999956e-01 1.199999999999999956e-01 1.199999999999999956e-01
1.402240861220808710e-01 1.148713332490684941e-01 1.002905716132011377e-01 1.199999999999999956e-01 1.199999999999999956e-01 1.199999999999999956e-01
1.098790291352481352e-01 9.834251384996414713e-02 1.086106346174715298e-01 1.199999999999999956e-01 1.199999999999999956e-01 1.199999999999999956e-01
9.563582563342569454e-02 1.163440644749912378e-01 1.062494418170040755e-01 1.199999999999999956e-01 1.199999999999999956e-01 1.199999999999999956e-01
8.908412058787196219e-02 1.167625969381844708e-01 1.012389977717080142e-01 1.199999999999999956e-01 1.199999999999999956e-01 1.199999999999999956e-01
7.651544341386473658e-02 9.855834702428742378e-02 1.062884754372958318e-01 1.199999999999999956e-01 1.199999999999999956e-01 1.199999999999999956e-01
5.986186026295398088e-02 8.521313069982736077e-02 1.074624969695960330e-01 1.199999999999999956e-01 1.199999999999999956e-01 1.199999999999999956e-01
7.235248453806186753e-02 8.347645846980920881e-02 9.131658376578080660e-02 1.199999999999999956e-01 1.199999999999999956e-01 1.199999999999999956e-01
8.217480640460086971e-02 8.081592736140363886e-02 1.165832997983598934e-01 1.199999999999999956e-01 1.199999999999999956e-01 1.199999999999999956e-01
1.091508383887595524e-01 9.642573118787561848e-02 1.294475922315397043e-01 -1.000000000000000056e-01 -1.000000000000000056e-01 -1.000000000000000056e-01
1.039731026850334722e-01 7.343017570886734013e-02 1.101119338242348977e-01 -1.000000000000000056e-01 -1.000000000000000056e-01 -1.000000000000000056e-01
8.211863628684482053e-02 5.411307259515023976e-02 1.186711269105348576e-01 -1.000000000000000056e-01 -1.000000000000000056e-01 -1.000000000000000056e-01
3.195652891063013173e-02 4.380579831357187676e-02 1.168475042473951231e-01 -1.000000000000000056e-01 -1.000000000000000056e-01 -1.000000000000000056e-01
7.190220886448540211e-03 3.805484107475414629e-02 6.353327114635481943e-02 -1.000000000000000056e-01 -1.000000000000000056e-01 -1.000000000000000056e-01
-1.140278694382800689e-02 4.037925583070490348e-02 2.993628880952450833e-02 -1.000000000000000056e-01 -1.000000000000000056e-01 -1.000000000000000056e-01
-2.120462528207734537e-02 3.325713229483695521e-02 1.569775406588942712e-02 -1.000000000000000056e-01 -1.000000000000000056e-01 -1.000000000000000056e-01
-2.975385674470203828e-02 6.008550050929442610e-04 -3.645066674053355771e-02 -1.000000000000000056e-01 -1.000000000000000056e-01 -1.000000000000000056e-01
-5.655777359499638418e-02 5.670161035034796196e-03 -5.775602816415349727e-02 -1.000000000000000056e-01 -1.000000000000000056e-01 -1.000000000000000056e-01
-4.180372669672673819e-02 8.442088535023713203e-03 -6.883042639675478191e-02 -1.499999999999999944e-01 -1.499999999999999944e-01 -1.499999999999999944e-01
-4.584082666618086166e-02 -1.233582612007651236e-02 -9.363081711637565030e-02 -1.499999999999999944e-01 -1.499999999999999944e-01 -1.499999999999999944e-01
-6.065078972711075711e-02 -3.205384350270917837e-02 -1.200834503979567591e-01 -1.499999999999999944e-01 -1.499999999999999944e-01 -1.499999999999999944e-01
-8.967145736440235160e-02 -5.184595100345426588e-02 -1.338066444792731513e-01 -1.499999999999999944e-01 -1.499999999999999944e-01 -1.499999999999999944e-01
-1.113869128497800981e-01 -5.385911762923203949e-02 -1.544581180090527639e-01 -1.499999999999999944e-01 -1.499999999999999944e-01 -1.499999999999999944e-01
-1.234647362194431636e-01 -4.477637122054075464e-02 -1.755904700534594298e-01 -1.499999999999999944e-01 -1.499999999999999944e-01 -1.499999999999999944e-01
-1.164187448510416167e-01 -3.373198351042878962e-02 -1.414618867860769624e-01 -1.499999999999999944e-01 -1.499999999999999944e-01 -1.499999999999999944e-01
-1.094770823827727751e-01 -5.560639478205312014e-02 -1.269727177290855546e-01 -1.499999999999999944e-01 -1.499999999999999944e-01 -1.499999999999999944e-01
-1.154239369124163139e-01 -7.896193393143741135e-02 -1.203187176993718022e-01 -1.499999999999999944e-01 -1.499999999999999944e-01 -1.499999999999999944e-01
-1.222912456275221799e-01 -8.360359385911141084e-02 -1.184812992336756743e-01 -1.499999999999999944e-01 -1.499999999999999944e-01 -1.499999999999999944e-01
-1.196149257587537929e-01 -1.072023755303031650e-01 -1.151030342638243442e-01 -1.499999999999999944e-01 -1.499999999999999944e-01 -1.499999999999999944e-01
-1.269790375666400850e-01 -1.068458202531530482e-01 -1.143171288511329875e-01 -1.499999999999999944e-01 -1.499999999999999944e-01 -1.499999999999999944e-01
-1.174063091383699270e-01 -1.155152220768741467e-01 -1.169756991306133420e-01 -1.499999999999999944e-01 -1.499999999999999944e-01 -1.499999999999999944e-01
-1.019018934834582113e-01 -1.189798523917473400e-01 -1.218243892180647103e-01 -1.499999999999999944e-01 -1.499999999999999944e-01 -1.499999999999999944e-01
-1.110645671167972970e-01 -1.434081854418719493e-01 -9.350308311573275744e-02 -1.499999999999999944e-01 -1.499999999999999944e-01 -1.499999999999999944e-01
-1.378943306164086835e-01 -1.317077546428163659e-01 -7.824218842710867206e-02 -1.499999999999999944e-01 -1.499999999999999944e-01 -1.499999999999999944e-01
-1.581734546350830051e-01 -1.241132346350346388e-01 -1.021828937458770514e-01 -1.499999999999999944e-01 -1.499999999999999944e-01 -1.499999999999999944e-01
-1.675556601973805515e-01 -1.293379486693417013e-01 -1.089787851735891655e-01 -1.499999999999999944e-01 -1.499999999999999944e-01 -1.499999999999999944e-01
-1.510730832755053099e-01 -1.269172937993214012e-01 -1.225947159828593425e-01 -1.499999999999999944e-01 -1.499999999999999944e-01 -1.499999999999999944e-01
-1.478777658588079913e-01 -1.418012804754306966e-01 -1.227730596019085268e-01 5.999999999999999778e-02 5.999999999999999778e-02 5.999999999999999778e-02
-1.370164328840763057e-01 -1.467634829363523019e-01 -1.204453738332363077e-01 5.999999999999999778e-02 5.999999999999999778e-02 5.999999999999999778e-02
-1.016851344468268636e-01 -1.423377007559603058e-01 -1.134614956348348608e-01 5.999999999999999778e-02 5.999999999999999778e-02 5.999999999999999778e-02
-1.150540517772903754e-01 -1.298708723735890747e-01 -1.193036545677133853e-01 5.999999999999999778e-02 5.999999999999999778e-02 5.999999999999999778e-02
-1.165155461383971108e-01 -8.785977989068438632e-02 -9.774005046130733454e-02 5.999999999999999778e-02 5.999999999999999778e-02 5.999999999999999778e-02
-7.760085806640878991e-02 -4.292299734159375074e-02 -6.174399504292941293e-02 5.999999999999999778e-02 5.999999999999999778e-02 5.999999999999999778e-02
-5.027763715143756390e-02 -3.470290238319420628e-02 -3.806982566945336932e-02 5.999999999999999778e-02 5.999999999999999778e-02 5.999999999999999778e-02
-1.501069430811211025e-02 -1.475506569643047008e-02 -1.945882310265669574e-02 5.999999999999999778e-02 5.999999999999999778e-02 5.999999999999999778e-02
-1.410663724495182444e-02 1.646028132181897446e-02 -2.201587831953745814e-02 5.999999999999999778e-02 5.999999999999999778e-02 5.999999999999999778e-02
-2.446696821234551136e-02 2.639604202156030366e-02 -2.242486250755092864e-02 5.999999999999999778e-02 5.999999999999999778e-02 5.999999999999999778e-02
-2.748898711582182380e-02 2.429604211905815603e-02 -5.528328414082656073e-04 5.999999999999999778e-02 5.999999999999999778e-02 5.999999999999999778e-02
3.757545688015638541e-04 1.603286584186826985e-02 3.398490930183263592e-02 5.999999999999999778e-02 5.999999999999999778e-02 5.999999999999999778e-02
2.653097596827457341e-02 1.069418899649577856e-02 2.412681212972249412e-02 5.999999999999999778e-02 5.999999999999999778e-02 5.999999999999999778e-02
2.023879927529680794e-02 1.714702359197685724e-02 3.192327372191067908e-02 5.999999999999999778e-02 5.999999999999999778e-02 5.999999999999999778e-02
4.196288948048138706e-02 5.176661645774124909e-02 3.614878733839475833e-02 5.999999999999999778e-02 5.999999999999999778e-02 5.999999999999999778e-02
5.189006207785576419e-02 7.286697234087413655e-02 4.817173152935098901e-02 5.999999999999999778e-02 5.999999999999999778e-02 5.999999999999999778e-02
4.753336953084226491e-02 5.328280173634784844e-02 4.227194321360011608e-02 5.999999999999999778e-02 5.999999999999999778e-02 5.999999999999999778e-02
6.172050880364147313e-02 5.625372369847617821e-02 3.541470873143551246e-02 5.999999999999999778e-02 5.999999999999999778e-02 5.999999999999999778e-02
6.158595158905647710e-02 6.135828593687843446e-02 5.523726514795806314e-02 5.999999999999999778e-02 5.999999999999999778e-02 5.999999999999999778e-02
5.415536998175623368e-02 5.519073652653475048e-02 5.289880911284598058e-02 5.999999999999999778e-02 5.999999999999999778e-02 5.999999999999999778e-02
5.247869490883338289e-02 7.983871625146014839e-02 3.261483787618042751e-02 5.999999999999999778e-02 5.999999999999999778e-02 5.999999999999999778e-02
4.087962077883215001e-02 6.291441488395131676e-02 3.574927505246947718e-02 5.999999999999999778e-02 5.999999999999999778e-02 5.999999999999999778e-02
2.437183963859225130e-02 6.748088044402887620e-02 5.172627760898142191e-02 5.999999999999999778e-02 5.999999999999999778e-02 5.999999999999999778e-02
2.218991967303293386e-02 6.160896166140808483e-02 7.238671300773698303e-02 5.999999999999999778e-02 5.999999999999999778e-02 5.999999999999999778e-02
4.593573564300191397e-02 8.282745039683921118e-02 6.535530683345353031e-02 5.999999999999999778e-02 5.999999999999999778e-02 5.999999999999999778e-02
5.945572289848036207e-02 5.643120817066576977e-02 8.772381980402810253e-02 5.999999999999999778e-02 5.999999999999999778e-02 5.999999999999999778e-02
7.253052127561301909e-02 6.585315656860606104e-02 8.097863371795989418e-02 5.999999999999999778e-02 5.999999999999999778e-02 5.999999999999999778e-02
7.262797770202047976e-02 6.428987097001125084e-02 6.870677966974814144e-02 5.999999999999999778e-02 5.999999999999999778e-02 5.999999999999999778e-02
6.194713477694528680e-02 7.006144566958605324e-02 2.809263443610187511e-02 5.999999999999999778e-02 5.999999999999999778e-02 5.999999999999999778e-02
7.802017652204322473e-02 7.436303419977741136e-02 1.099916005635653490e-02 1.000000000000000056e-01 1.000000000000000056e-01 1.000000000000000056e-01
6.205839153511724660e-02 8.397215109360860186e-02 1.859270116605058962e-02 1.000000000000000056e-01 1.000000000000000056e-01 1.000000000000000056e-01
5.590206196735715560e-02 8.453322327634066324e-02 1.801671156062017304e-02 1.000000000000000056e-01 1.000000000000000056e-01 1.000000000000000056e-01
5.562340140399627680e-02 7.327530709332852332e-02 2.873963628485022570e-02 1.000000000000000056e-01 1.000000000000000056e-01 1.000000000000000056e-01
5.949449379074005229e-02 1.029495698567721162e-01 1.191476941681192045e-02 1.000000000000000056e-01 1.000000000000000056e-01 1.000000000000000056e-01
4.250402041589775720e-02 1.129946194414890720e-01 1.914783373034870118e-02 1.000000000000000056e-01 1.000000000000000056e-01 1.000000000000000056e-01
5.303642071622316490e-02 1.079493587118446063e-01 2.145158558776782964e-02 1.000000000000000056e-01 1.000000000000000056e-01 1.000000000000000056e-01
7.192418085011220708e-02 8.096694078731336841e-02 3.471712122243528209e-02 1.000000000000000056e-01 1.000000000000000056e-01 1.000000000000000056e-01
8.004519972839342634e-02 9.603721435092232861e-02 5.327939821067692594e-02 1.000000000000000056e-01 1.000000000000000056e-01 1.000000000000000056e-01
8.881414447984806171e-02 8.337421258297388060e-02 3.411628282381429234e-02 1.000000000000000056e-01 1.000000000000000056e-01 1.000000000000000056e-01
8.363958960311841662e-02 7.536874346716138096e-02 6.767384992154937273e-02 1.000000000000000056e-01 1.000000000000000056e-01 1.000000000000000056e-01
8.908356734859658455e-02 8.060432371876732893e-02 8.589177587367903544e-02 1.000000000000000056e-01 1.000000000000000056e-01 1.000000000000000056e-01
6.535104174386666132e-02 8.371272274490980381e-02 7.904416292008956124e-02 1.000000000000000056e-01 1.000000000000000056e-01 1.000000000000000056e-01
6.954283901157268244e-02 7.889243963593910169e-02 5.668452041009778425e-02 1.000000000000000056e-01 1.000000000000000056e-01 1.000000000000000056e-01
7.738447822217534022e-02 9.947151360309358648e-02 5.729179541515524304e-02 1.000000000000000056e-01 1.000000000000000056e-01 1.000000000000000056e-01
1.103453781033641168e-01 1.072633603788630541e-01 4.185518771988108039e-02 1.000000000000000056e-01 1.000000000000000056e-01 1.000000000000000056e-01
1.199431878208162411e-01 1.004984512232070942e-01 3.085937702994532780e-02 1.000000000000000056e-01 1.000000000000000056e-01 1.000000000000000056e-01
1.262255377601890494e-01 1.168727377924461963e-01 4.925269799260334480e-02 1.000000000000000056e-01 1.000000000000000056e-01 1.000000000000000056e-01
1.305790001213147367e-01 9.468719236580364074e-02 5.457733155245135526e-02 1.000000000000000056e-01 1.000000000000000056e-01 1.000000000000000056e-01
1.225368510809672906e-01 8.479700739948142774e-02 4.068588783841398104e-02 -5.000000000000000278e-02 -5.000000000000000278e-02 -5.000000000000000278e-02
1.045836436794813640e-01 8.718536713115139503e-02 4.656307975795795362e-02 -5.000000000000000278e-02 -5.000000000000000278e-02 -5.000000000000000278e-02
8.550034659628973077e-02 7.262049056130916169e-02 4.985120761305279757e-02 -5.000000000000000278e-02 -5.000000000000000278e-02 -5.000000000000000278e-02
5.059672611099976652e-02 7.464608149740879772e-02 3.095188970021644712e-02 -5.000000000000000278e-02 -5.000000000000000278e-02 -5.000000000000000278e-02
3.287489871516409423e-02 6.846948666486944723e-02 2.391780515851344921e-02 -5.000000000000000278e-02 -5.000000000000000278e-02 -5.000000000000000278e-02
2.463177914121997963e-02 4.160775417405687682e-02 2.041236929225605234e-02 -5.000000000000000278e-02 -5.000000000000000278e-02 -5.000000000000000278e-02
-1.446149829540849946e-03 3.179931749705609823e-02 3.078188108720599642e-02 -5.000000000000000278e-02 -5.000000000000000278e-02 -5.000000000000000278e-02
3.512642912509167034e-03 2.210943243755789100e-02 3.193941670006434502e-02 -5.000000000000000278e-02 -5.000000000000000278e-02 -5.000000000000000278e-02
-8.790719418773117536e-03 6.792896960388448979e-03 2.417389644155001557e-02 -5.000000000000000278e-02 -5.000000000000000278e-02 -5.000000000000000278e-02
-4.640594762898342211e-03 -2.611349983129019822e-03 2.963653863295964003e-02 -5.000000000000000278e-02 -5.000000000000000278e-02 -5.000000000000000278e-02
-9.217368426762179504e-03 -6.425790167427592424e-03 -1.021412027084611651e-02 -5.000000000000000278e-02 -5.000000000000000278e-02 -5.000000000000000278e-02
-4.105449768791827325e-02 -1.191147175515819279e-02 -1.869373236895362916e-02 -5.000000000000000278e-02 -5.000000000000000278e-02 -5.000000000000000278e-02
-4.318288395327121026e-02 -2.258288824272363174e-02 -5.252607498572394590e-03 -5.000000000000000278e-02 -5.000000000000000278e-02 -5.000000000000000278e-02
-7.403534992635606160e-02 -2.330924883573560688e-02 -9.108583329091932482e-03 -5.000000000000000278e-02 -5.000000000000000278e-02 -5.000000000000000278e-02
-7.082539262237434741e-02 -3.882733893366392686e-02 1.261877869556625627e-02 -5.000000000000000278e-02 -5.000000000000000278e-02 -5.000000000000000278e-02
-6.810289616571718607e-02 -3.943037799083307787e-02 8.696509307774595576e-03 -5.000000000000000278e-02 -5.000000000000000278e-02 -5.000000000000000278e-02
-5.961993850385036847e-02 -3.106885099823266522e-02 -4.169601626970523972e-02 -5.000000000000000278e-02 -5.000000000000000278e-02 -5.000000000000000278e-02
-3.032866824573760001e-02 -4.030303451313254487e-02 -4.319597602544143766e-02 -5.000000000000000278e-02 -5.000000000000000278e-02 -5.000000000000000278e-02
-5.680254832133230236e-02 -2.647944358878981039e-02 -3.619016454552252682e-02 -5.000000000000000278e-02 -5.000000000000000278e-02 -5.000000000000000278e-02
-4.163759199253948273e-02 -8.215074061398059541e-03 -5.599264810026951394e-02 -5.000000000000000278e-02 -5.000000000000000278e-02 -5.000000000000000278e-02
-3.655619590215511416e-02 -2.768168116530861367e-02 -6.003596736215754265e-02 -5.000000000000000278e-02 -5.000000000000000278e-02 -5.000000000000000278e-02
-3.950754609477621221e-02 -1.822282313722756175e-02 -7.002341108828204208e-02 -5.000000000000000278e-02 -5.000000000000000278e-02 -5.000000000000000278e-02
-4.217843294256005265e-02 -2.343827150863976236e-02 -4.692135547398924855e-02 -5.000000000000000278e-02 -5.000000000000000278e-02 -5.000000000000000278e-02
-3.468740233850738097e-02 -2.992472366816555790e-03 -4.897899702951075129e-02 -5.000000000000000278e-02 -5.000000000000000278e-02 -5.000000000000000278e-02
-3.629462932961945165e-02 -1.313219292430315051e-02 -6.551289203426001462e-02 -5.000000000000000278e-02 -5.000000000000000278e-02 -5.000000000000000278e-02
6.664755522060999970e-04 -3.804754165974418012e-02 -5.576584395140866957e-02 -5.000000000000000278e-02 -5.000000000000000278e-02 -5.000000000000000278e-02
-9.556011453158890293e-03 -3.385226655192702383e-02 -5.220470942775495837e-02 -5.000000000000000278e-02 -5.000000000000000278e-02 -5.000000000000000278e-02
-6.212185897434486376e-03 -4.029084238125138495e-02 -2.382592873886002841e-02 -5.000000000000000278e-02 -5.000000000000000278e-02 -5.000000000000000278e-02
1.084794357166683071e-02 -7.284899323071900024e-02 -4.252114060568758930e-02 -5.000000000000000278e-02 -5.000000000000000278e-02 -5.000000000000000278e-02
6.577901949595698662e-03 -1.017051770228227375e-01 -3.208391523047576799e-02 -2.399999999999999911e-01 -2.399999999999999911e-01 -2.399999999999999911e-01
-5.831908704378417803e-03 -1.137080812245484379e-01 -4.088014980436325413e-02 -2.399999999999999911e-01 -2.399999999999999911e-01 -2.399999999999999911e-01
-6.264086375765295055e-03 -1.242212544580185984e-01 -6.140824023692335182e-02 -2.399999999999999911e-01 -2.399999999999999911e-01 -2.399999999999999911e-01
-5.617390685135129069e-02 -1.371728546079247213e-01 -7.584664870069646181e-02 -2.399999999999999911e-01 -2.399999999999999911e-01 -2.399999999999999911e-01
-7.586574950104359172e-02 -1.265157698774591610e-01 -8.385287267917009013e-02 -2.399999999999999911e-01 -2.399999999999999911e-01 -2.399999999999999911e-01
-7.792484611206539069e-02 -1.511791056688697454e-01 -1.353074427824002002e-01 -2.399999999999999911e-01 -2.399999999999999911e-01 -2.399999999999999911e-01
-9.558823444704664385e-02 -1.530474271906392403e-01 -1.520171336156060649e-01 -2.399999999999999911e-01 -2.399999999999999911e-01 -2.399999999999999911e-01
-1.220142460512713134e-01 -1.684111218556695877e-01 -1.423784745099041793e-01 -2.399999999999999911e-01 -2.399999999999999911e-01 -2.399999999999999911e-01
-1.504064874185706557e-01 -1.972427905174786722e-01 -1.504969732231466184e-01 -2.399999999999999911e-01 -2.399999999999999911e-01 -2.399999999999999911e-01
-1.709382091019977512e-01 -1.950608924539849187e-01 -1.681191819058139025e-01 -2.399999999999999911e-01 -2.399999999999999911e-01 -2.399999999999999911e-01
-1.751195559120882483e-01 -1.978252745648587663e-01 -1.709703122555042143e-01 -2.399999999999999911e-01 -2.399999999999999911e-01 -2.399999999999999911e-01
-1.624365320873509821e-01 -2.220532881253485802e-01 -2.002835445774031609e-01 -2.399999999999999911e-01 -2.399999999999999911e-01 -2.399999999999999911e-01
-1.882824746553325990e-01 -2.249885512942846610e-01 -2.164299704489237586e-01 -2.399999999999999911e-01 -2.399999999999999911e-01 -2.399999999999999911e-01
-1.918373574690048489e-01 -2.022417490832151277e-01 -2.301555120120848952e-01 -2.399999999999999911e-01 -2.399999999999999911e-01 -2.399999999999999911e-01
-2.125899032785469878e-01 -1.905184500482640930e-01 -2.321197928399821864e-01 -2.399999999999999911e-01 -2.399999999999999911e-01 -2.399999999999999911e-01
-2.308411999164213246e-01 -2.016091711540035081e-01 -2.416910341900210812e-01 -2.399999999999999911e-01 -2.399999999999999911e-01 -2.399999999999999911e-01
-2.423249572896735149e-01 -1.979357396122968793e-01 -2.192925990719276352e-01 -2.399999999999999911e-01 -2.399999999999999911e-01 -2.399999999999999911e-01
-2.432981873614676049e-01 -2.355533720633100347e-01 -2.127350216651831549e-01 -2.399999999999999911e-01 -2.399999999999999911e-01 -2.399999999999999911e-01
-2.168165136073424704e-01 -2.233922297231706322e-01 -2.358208716389692539e-01 -2.399999999999999911e-01 -2.399999999999999911e-01 -2.399999999999999911e-01
-1.976465043669936861e-01 -2.273427434266783453e-01 -2.588008220397831627e-01 -2.399999999999999911e-01 -2.399999999999999911e-01 -2.399999999999999911e-01
-1.926136995050963807e-01 -2.070206197686641492e-01 -2.583510053245299809e-01 -2.399999999999999911e-01 -2.399999999999999911e-01 -2.399999999999999911e-01
-2.220382498555122652e-01 -2.208116473632840970e-01 -2.322576255117670962e-01 -2.399999999999999911e-01 -2.399999999999999911e-01 -2.399999999999999911e-01
-2.106947874533844356e-01 -2.340260401757675301e-01 -2.279485751325648901e-01 -2.399999999999999911e-01 -2.399999999999999911e-01 -2.399999999999999911e-01
-1.963565772782057683e-01 -2.263021148720740228e-01 -2.275085590325623131e-01 -2.399999999999999911e-01 -2.399999999999999911e-01 -2.399999999999999911e-01
-2.213549521197407666e-01 -2.363154819202855361e-01 -2.404708621046939554e-01 -2.399999999999999911e-01 -2.399999999999999911e-01 -2.399999999999999911e-01
-2.102666765944129490e-01 -2.357424818094014385e-01 -2.600159025415081926e-01 -2.399999999999999911e-01 -2.399999999999999911e-01 -2.399999999999999911e-01
-2.272548466417375901e-01 -2.447285810769712078e-01 -2.636270845499286142e-01 -2.399999999999999911e-01 -2.399999999999999911e-01 -2.399999999999999911e-01
-2.323210719272500724e-01 -2.365910369795352353e-01 -2.766374719893362477e-01 -2.399999999999999911e-01 -2.399999999999999911e-01 -2.399999999999999911e-01
-2.050692211220997430e-01 -2.439983307322294848e-01 -2.878101825062940877e-01 -2.399999999999999911e-01 -2.399999999999999911e-01 -2.399999999999999911e-01
-1.974755495498097535e-01 -2.268762715768370408e-01 -2.806051553954189703e-01 -2.399999999999999911e-01 -2.399999999999999911e-01 -2.399999999999999911e-01
-1.872492246009647976e-01 -2.081676691043554683e-01 -2.505119823366266374e-01 -2.399999999999999911e-01 -2.399999999999999911e-01 -2.399999999999999911e-01
-1.809819097753490036e-01 -2.154109640590948782e-01 -2.552905991890916937e-01 -2.399999999999999911e-01 -2.399999999999999911e-01 -2.399999999999999911e-01
-1.822352208915053451e-01 -2.112771674846536663e-01 -2.470911209565265221e-01 -2.399999999999999911e-01 -2.399999999999999911e-01 -2.399999999999999911e-01
-1.862833934738933883e-01 -2.077593353078588945e-01 -2.648616477910220590e-01 -2.399999999999999911e-01 -2.399999999999999911e-01 -2.399999999999999911e-01
-1.901578604267737116e-01 -2.022424399092731806e-01 -2.684914918542838369e-01 -2.399999999999999911e-01 -2.399999999999999911e-01 -2.399999999999999911e-01
-2.057012323265262344e-01 -2.142553979128725972e-01 -2.692249094649992736e-01 -2.399999999999999911e-01 -2.399999999999999911e-01 -2.399999999999999911e-01
-2.090785797867695528e-01 -2.368154563900297938e-01 -2.600661509395930659e-01 -2.399999999999999911e-01 -2.399999999999999911e-01 -2.399999999999999911e-01
-1.947854950006981389e-01 -2.271500510528200734e-01 -2.636847675544156111e-01 -2.399999999999999911e-01 -2.399999999999999911e-01 -2.399999999999999911e-01
-1.916892389593720658e-01 -2.274197119055015592e-01 -2.631406412390729921e-01 -2.399999999999999911e-01 -2.399999999999999911e-01 -2.399999999999999911e-01
-1.869683660944475023e-01 -2.352977842279574960e-01 -2.598334343872824581e-01 -2.399999999999999911e-01 -2.399999999999999911e-01 -2.399999999999999911e-01
-2.070215564182579793e-01 -2.109393167010430170e-01 -2.308388864756570069e-01 -2.399999999999999911e-01 -2.399999999999999911e-01 -2.399999999999999911e-01
-1.985398885683724857e-01 -2.275149134221817193e-01 -2.412909754216360225e-01 -2.399999999999999911e-01 -2.399999999999999911e-01 -2.399999999999999911e-01
-2.177704978867758823e-01 -2.282199512875574543e-01 -1.796408016897159121e-01 -2.399999999999999911e-01 -2.399999999999999911e-01 -2.399999999999999911e-01
-2.473970776309426800e-01 -2.433707009003009125e-01 -2.034723112487298868e-01 -2.399999999999999911e-01 -2.399999999999999911e-01 -2.399999999999999911e-01
-2.252376884015133973e-01 -2.311079137916300374e-01 -2.214991891176777139e-01 -2.399999999999999911e-01 -2.399999999999999911e-01 -2.399999999999999911e-01
-2.490585733724769713e-01 -2.386404623054930729e-01 -2.035077260269503308e-01 -2.399999999999999911e-01 -2.399999999999999911e-01 -2.399999999999999911e-01
-2.297456738159667222e-01 -2.397878634756793192e-01 -2.136937378388139019e-01 -2.399999999999999911e-01 -2.399999999999999911e-01 -2.399999999999999911e-01
-2.182822908720736532e-01 -2.372397463900615122e-01 -2.431409191143595050e-01 -2.399999999999999911e-01 -2.399999999999999911e-01 -2.399999999999999911e-01
-2.229931622329466290e-01 -2.315231226073568016e-01 -2.488943704167743409e-01 -2.399999999999999911e-01 -2.399999999999999911e-01 -2.399999999999999911e-01
-2.192483290982277233e-01 -2.512376642818447969e-01 -2.554239630854525656e-01 -2.399999999999999911e-01 -2.399999999999999911e-01 -2.399999999999999911e-01
-2.292169505170625898e-01 -2.602848407592136537e-01 -2.390980082461988121e-01 -2.399999999999999911e-01 -2.399999999999999911e-01 -2.399999999999999911e-01
-2.172100834593175822e-01 -2.594564291765377173e-01 -2.409141466098695672e-01 -2.399999999999999911e-01 -2.399999999999999911e-01 -2.399999999999999911e-01
-2.402584430620955391e-01 -2.437581215440795812e-01 -2.509604458206782795e-01 -2.399999999999999911e-01 -2.399999999999999911e-01 -2.399999999999999911e-01
-2.251451043850623557e-01 -2.551089797953632887e-01 -2.536817910706973822e-01 -2.399999999999999911e-01 -2.399999999999999911e-01 -2.399999999999999911e-01
-2.101300054144739637e-01 -2.348930718629229086e-01 -2.118218143922461771e-01 -2.399999999999999911e-01 -2.399999999999999911e-01 -2.399999999999999911e-01
-2.067182998497830437e-01 -2.406326082296043889e-01 -2.270693256320231168e-01 -2.399999999999999911e-01 -2.399999999999999911e-01 -2.399999999999999911e-01
-2.226736654431189788e-01 -2.272302083877836276e-01 -2.131329204203244176e-01 -2.399999999999999911e-01 -2.399999999999999911e-01 -2.399999999999999911e-01
-2.321996536768261565e-01 -1.995284974095696273e-01 -1.998790435288158029e-01 -2.399999999999999911e-01 -2.399999999999999911e-01 -2.399999999999999911e-01
-2.141531476347103558e-01 -1.708994067786313575e-01 -1.875695364177623337e-01 -2.399999999999999911e-01 -2.399999999999999911e-01 -2.399999999999999911e-01
-2.224585530447596160e-01 -2.136012285808774336e-01 -1.630070717267305680e-01 -2.399999999999999911e-01 -2.399999999999999911e-01 -2.399999999999999911e-01
-2.162147293298313233e-01 -2.167375990909464756e-01 -1.897920669615486000e-01 -2.399999999999999911e-01 -2.399999999999999911e-01 -2.399999999999999911e-01
