1.000000000000000000e+00 -4.000000000000000222e-01
4.402906978323395948e-01 -4.000000000000000222e-01
-1.712308455389779660e-01 -1.418748388519841253e-01
-2.933484752419287037e-02 3.458939353034686248e-01
6.272035989157973002e-02 2.808034010220173404e-01
9.443523750880258860e-02 9.226368083572640544e-02
7.412914633692253841e-02 1.091729441442270028e-02
9.665345894536554738e-02 -7.638872864405867047e-02
9.243027428848839266e-02 3.755736163806951480e-03
8.909097191565727714e-02 -9.845835307544414938e-02
7.104595958654537358e-02 2.069064060921886952e-02
7.922762176201968154e-02 -9.551575443447407610e-02
9.884309170588902183e-02 -8.825021835612832655e-02
7.264965800331436852e-02 -9.007161340839379970e-02
8.226782816583487479e-02 -9.386912153836944606e-02
8.754323621757496843e-02 -2.270100603197565958e-01
9.885753200492412851e-02 -2.511847812372091648e-01
8.723866709383050477e-02 -2.550671570037347236e-01
9.374399947068852434e-02 -1.772326871067189669e-01
1.145437910273099796e-01 -2.510275190394565259e-01
8.629046026704456640e-02 -2.744512331553579654e-01
1.175993255150681177e-01 -3.622262957047412968e-01
8.283694590346085684e-02 -2.618770944580310900e-01
9.759427150419162922e-02 -2.625717783781316150e-01
8.232811892558682121e-02 -2.661626542272735318e-01
4.139258167590027099e-02 8.322778223527962926e-02
9.575625917349321614e-02 1.453011450701371665e-01
8.057840519069515983e-02 2.637812324061291624e-01
8.533522427285387957e-02 2.759168899338276804e-01
6.507413099840378412e-02 2.167731917716652634e-01
1.011738648979351313e-01 2.516841422980465315e-01
9.922987860536978955e-02 3.171589985115879640e-01
9.005112701916824502e-02 2.829275408062228436e-01
6.038252718478881453e-02 2.359770537021597114e-01
1.106552516128148506e-01 2.496308216360687005e-01
7.399295737972780285e-02 3.241557476183228315e-01
9.142010822744882359e-02 1.969154560030723089e-01
7.206984043597135237e-02 -6.534575458169529505e-02
9.197722477016834208e-02 -1.586673053773555997e-01
1.013337786823057113e-01 -1.715757380180045477e-01
9.090283612862046225e-02 -2.403605810196873527e-01
8.077846866538156145e-02 -2.775435691904579727e-01
1.123941747267442198e-01 -1.993953084948659193e-01
7.361868522689452021e-02 -3.033916639858506015e-01
1.015729838139741020e-01 -2.619513813942690450e-01
8.806948962255257973e-02 -2.665004970120873895e-01
6.516558576536550518e-02 -3.828252332439786576e-01
1.107240325018688382e-01 -1.875999634764647928e-01
8.819676318343364074e-02 -2.051793228251732049e-01
7.894466467288602241e-02 9.765989014718451378e-03
6.877876445641029068e-02 -1.457479708733053492e-01
9.267808018251502689e-02 5.464058182732806079e-02
9.167943685411647503e-02 -7.888103294257075779e-03
8.450204297195575143e-02 -4.551370464427282464e-02
7.834958373287057021e-02 -2.356717594266112895e-02
8.693469184917529402e-02 2.686111290884163685e-02
9.096982333763768691e-02 2.303953405641670071e-03
7.701273850933362808e-02 -3.023521494244620356e-01
1.078013481865419260e-01 -1.619675473540663491e-01
9.648338714818489870e-02 -2.320794878877160405e-01
1.022577180955760306e-01 -2.258342405500913253e-01
7.362169131795888444e-02 -2.451263840478727640e-01
4.598270724327212927e-02 -1.218746464061752216e-01
6.903052048254318396e-02 -1.035752181148473505e-01
8.790474322274700880e-02 -1.055746959393578516e-01
7.638860886182095855e-02 -3.586728252318075599e-02
8.823268069842531147e-02 -3.161808021035338728e-02
6.095200010818399572e-02 -2.056103822202142578e-02
8.471842325413932173e-02 1.957092002117926388e-01
9.950304819569019688e-02 1.222994975658692057e-01
7.804372690250908906e-02 3.410611853038428287e-01
8.043737935334265010e-02 3.473265449666060878e-01
7.554215874890166105e-02 3.418371887939422038e-01
9.450276011236141693e-02 2.650931763038361089e-01
8.071125643421704632e-02 3.055695770326711802e-01
7.824862867462345495e-02 2.677637884240600119e-01
8.515710721138151917e-02 2.566206896860286912e-01
-7.796702371465633608e-01 -6.542797829350158190e-02
9.190533700390396410e-01 4.000000000000000222e-01
5.390880093817364965e-02 1.707563824788281837e-01
8.952267046276563001e-02 -5.845080867388769558e-02
9.687856543238559937e-02 -1.861156327685524192e-01
9.672046228919112254e-02 -7.051409830299498749e-02
7.725907313250139630e-02 3.343689867485000189e-02
9.426435046186353028e-02 -1.513091212568252186e-01
5.777376243146670892e-02 -2.228719113664734963e-01
8.370648722305963629e-02 -2.377039615766948222e-01
7.069840328997477330e-02 -2.287830681333341831e-01
7.663814838556046172e-02 -1.078142093397892326e-01
8.390352639678745617e-02 -3.495420387108519877e-01
8.756167879425362510e-02 -3.455507640909867284e-01
6.279981568280114390e-02 -1.714159832478411305e-01
1.059495150050440149e-01 -2.345872518993274425e-01
7.270561953578720538e-02 -2.849561968855239824e-01
6.267450342622944703e-02 -2.091227996190747618e-01
8.093229819986401397e-02 8.806578284371317789e-02
9.228360503862460817e-02 -1.208785464394332709e-01
8.431307532792974013e-02 -1.081454824228826744e-01
8.375432380154951284e-02 -9.969746960834185989e-02
9.607604066853801805e-02 7.097830719527627175e-02
8.779403004710201186e-02 1.437190781302193944e-02
6.928882829257732023e-02 -4.247860381786948414e-02
7.534320544819093912e-02 8.872787917535888969e-02
4.933615059793534235e-02 -3.619488958921888294e-02
1.003440004704053423e-01 -6.383873245018939491e-02
7.504284789949051959e-02 3.087316898098966741e-02
5.451062248835288060e-02 -1.703334391813273938e-02
1.004983353898802334e-01 -3.399399691086334441e-01
5.768721324785595905e-02 -1.236095390798131327e-01
1.154991444377691107e-01 -3.479568768754062180e-01
5.763384816364062330e-02 -2.910835816710354851e-01
8.908492896286197837e-02 -2.256943125524877580e-01
7.647293946060972070e-02 3.574146729198644790e-02
9.041519313426489568e-02 -6.848327610137705523e-02
8.676485386490044582e-02 -7.198548607883559387e-03
6.099746478767947150e-02 4.189152729583577733e-02
6.646429671441897447e-02 5.465719568575565929e-02
8.124765944578306309e-02 4.335849277056634532e-02
8.320235436151200703e-02 -1.148954416639713511e-01
8.954433984888825193e-02 -1.057096882901744223e-01
5.663730548833854905e-02 1.256666002923557679e-01
7.574071168982567104e-02 -9.310119386838161537e-02
7.346559340403183147e-02 3.552514953709164786e-02
9.623762277385293495e-02 1.061703059374963926e-01
1.070049053734655753e-01 8.996420379967090541e-02
8.886317256349338112e-02 1.013782961457730669e-01
9.931964763147983766e-02 2.372766796556249544e-02
9.913364175048151872e-02 3.757478143229853185e-02
8.902127139012591672e-02 -1.314013094180991464e-02
1.016762118198045878e-01 9.185337826236025793e-02
8.708081769969813757e-02 5.083664551770872980e-02
8.392424865352722529e-02 -3.312292097164975385e-02
9.222644266436891280e-02 -4.529956463172625514e-02
1.011903022591348900e-01 8.925060011639143059e-03
7.854254265990211203e-02 -2.291898827170127662e-01
9.741974561457109050e-02 -1.590792502814206144e-01
1.055857871600068831e-01 -1.971963952323265989e-01
8.376550902478943628e-02 -3.306632423906400442e-01
7.721014788568436593e-02 -2.495627052385093747e-01
8.371260234882620110e-02 -2.957004221678689593e-01
7.374477349560408512e-02 -2.941237630182750307e-01
7.813015663606311112e-02 -2.382342161088125132e-01
8.430992822267098508e-02 -2.604682917890050464e-01
9.421868628621607455e-02 -2.607043960882490241e-01
8.228310083347843695e-02 -3.425904809915024662e-01
7.013190665228853649e-02 -2.899088580861538533e-01
9.635165902860547138e-02 1.476562946160948075e-01
6.015028509197912349e-02 3.922587995318386339e-02
7.565138679547442346e-02 2.052178030157731370e-01
7.187051272293028259e-02 2.033617239891819806e-01
9.829358367197407742e-02 3.162857033589411282e-01
9.504470351053904975e-02 2.512667765265484965e-01
6.082613942927830170e-02 2.448552446776612879e-01
1.042786744752862010e-01 3.509120392321595783e-01
7.725050580924978927e-02 2.607846461612939315e-01
6.092404689145752145e-02 2.234676960838439808e-01
9.061474530353869072e-02 2.657490691575846165e-01
8.501913674619852868e-02 2.833104691841640266e-01
1.259513866379370628e-01 3.126864869909450340e-01
8.442354665449681994e-02 2.634461233485302922e-01
8.823774210707265031e-02 -1.083307212685147153e-01
1.054724136426611059e-01 3.697548425775541020e-02
7.845039091189251468e-02 -2.972253747177797667e-01
5.805800931122950120e-02 -3.979923467967684814e-01
7.335532168938957431e-02 -2.641711094770397006e-01
7.118093158851936109e-02 -2.971912818939338452e-01
7.908514383263852421e-02 -3.017237313566096257e-01
8.116349490464623562e-02 -2.238011393494137302e-01
8.648859948305329115e-02 -2.984074701174117550e-01
7.141684847418097726e-02 -1.786540892031675265e-01
7.858295643274468278e-02 -2.357734718161758058e-01
1.014358105969993679e-01 -2.265216884682961507e-01
8.525108740805895091e-02 7.091668548149798745e-02
7.280002706331535622e-02 1.457777609723124868e-01
7.381736495412472010e-02 1.611344740276930976e-01
8.539392261664009720e-02 1.174354973714418354e-01
8.114941593118935037e-02 4.922842759705634008e-02
9.995489860758904888e-02 6.493275618552116213e-02
8.685442340183359422e-02 6.502200884959469240e-02
9.059586660491542043e-02 -2.105983279177721101e-01
1.066260579041392181e-01 -1.023576649477195982e-01
9.012837303915685605e-02 -2.421529392103409228e-01
8.478135031110201059e-02 -2.917668272057081236e-01
8.463640135735860104e-02 -2.911895260007790198e-01
7.834756509677799630e-02 -2.683643848489193906e-01
6.233246369493201239e-02 -1.105798173306117987e-01
8.018762230468989838e-02 -6.146021418442274009e-02
9.345323148973211369e-02 7.614339664317067158e-02
7.992156884360911151e-02 -8.587022463093778313e-02
8.759520450753716103e-02 4.371227064512826603e-03
8.271509517753720953e-02 5.324622538614719007e-03
8.944173726841889160e-02 -4.623094402466131764e-02
8.406368154676685522e-02 4.084151510171559613e-02
9.413707592430874127e-02 1.841234276755516763e-01
7.873347900835828139e-02 2.265364637797862846e-01
8.235497694436158533e-02 2.935237619817556154e-01
8.288832290337291853e-02 3.038906456191222127e-01
8.420278420017079934e-02 2.454396399135387319e-01
7.917412039182733507e-02 3.219124008812583315e-01
8.618481440727092380e-02 2.646394664361800819e-01
9.096153861248529315e-02 3.249401409484849457e-01
8.828063970078968425e-02 1.815800933648610838e-01
7.388843783370779850e-02 1.947543563143511736e-01
1.014127108948013611e-01 2.676748477768359780e-01
8.254627919844019501e-02 2.703938087652074662e-01
8.703204373272241390e-02 2.833681640816819169e-01
9.477386775288990095e-02 1.154118311463332575e-01
7.105219801559033155e-02 -8.230073036224001826e-02
7.956282722565384546e-02 -1.294250908469029016e-01
8.367282083021307382e-02 -7.879375611421192416e-02
8.900664471815668277e-02 -6.714732960661681793e-02
8.834509793059641680e-02 -3.310598525011899246e-02
7.499256466627940432e-02 -2.587677507718220138e-01
6.026030632538705717e-02 -1.358519118124849601e-01
6.824304019405764976e-02 -2.079275350766864872e-01
8.170933915134681591e-02 -2.572313123283926917e-01
7.867463046885551925e-02 -2.359472317542869457e-01
7.376611560829945957e-02 -2.206833389433008885e-01
7.924199217262946349e-02 -2.280189306057918974e-01
9.164633967970284290e-02 -2.842996477768279240e-01
7.013514716478827515e-02 -1.803937250685184457e-01
7.537589274110019499e-02 -2.592591605940705590e-01
7.501449402122400967e-02 -1.265301230673083199e-01
8.754374974529756381e-02 -1.045458285960059464e-01
7.910752184792815833e-02 2.040176354815095502e-02
1.007082692298413573e-01 -1.589906244560659529e-02
7.333346718984108670e-02 1.220142024395050179e-01
7.643134511796378927e-02 1.789673889552456307e-02
7.504570070680949279e-02 1.328610523103475605e-01
8.584641679145613158e-02 -6.835526426006315048e-02
8.411820884057995273e-02 4.305761143810502012e-02
7.912502703885417044e-02 2.279375813742454474e-02
7.550630796205445860e-02 -8.345216062031082793e-02
8.178679890057663493e-02 -8.386830212110490956e-02
8.244707998112603409e-02 2.200211228043011391e-02
8.156337741742447633e-02 3.042508696810220653e-02
8.131348627027421005e-02 -1.953007183932921609e-01
8.364187262830301284e-02 -2.363950736007507936e-01
8.782036687955474541e-02 -2.085505214864799006e-01
8.298989867577306889e-02 -1.862083170957268552e-01
7.902371257359672163e-02 -3.171728019970466161e-01
8.271473278662946904e-02 -2.128563822020472784e-01
7.204811945608190216e-02 -1.236835619902856842e-01
7.739797796490133219e-02 -1.221634508653012124e-01
7.710241604742761046e-02 -4.901347126692841977e-02
7.608705761866690898e-02 1.829707028737953892e-02
9.372303737959103431e-02 -1.382935245176412642e-01
6.277726209421494175e-02 2.102965769085280989e-01
8.078744171918858519e-02 -1.303255907713421757e-01
1.129139749652120633e-01 -2.046104158623267000e-01
6.184147684868658568e-02 1.070852735033093889e-01
7.063899751988872433e-02 -1.590569473489918074e-03
8.132925732727377954e-02 -6.869597295489647537e-02
8.296700547825616723e-02 -6.793761526309391452e-02
8.135090909375823631e-02 -1.810517654128984688e-02
6.189964010872800459e-02 8.970923734891157741e-02
7.560450630640318248e-02 9.692364810461266689e-02
8.064979604376174005e-02 -4.832633821878629110e-02
8.000359029048804971e-02 -9.814156778254184282e-03
6.704660676705696820e-02 -1.282962766024764965e-02
7.131991310930625716e-02 1.086801494174518407e-01
9.259724768913030202e-02 1.747495538396707973e-04
9.215459631714778554e-02 1.365600800107005242e-01
9.731822648568683176e-02 1.145953792625576395e-01
1.007649408374580724e-01 8.785539865466417131e-02
1.042265402317840289e-01 4.357105574469755105e-02
8.654773628877132641e-02 -3.956117148710312087e-02
1.041230423943562272e-01 4.897234330440095734e-02
1.031560538181104103e-01 7.130480839717164010e-02
1.247128983598398133e-01 1.206364581579867645e-01
7.029808972157619573e-02 -1.213754708119372250e-01
6.935977254588415741e-02 -7.985633637192299239e-02
7.618452673440541389e-02 3.155506059165389798e-03
8.355933389453806814e-02 -1.453322742517334371e-02
9.094541141796713690e-02 4.044250391126922445e-02
9.423607402894387808e-02 4.071400921522847632e-02
8.707512979593083624e-02 2.364504191837725738e-04
8.161068089444707685e-02 2.433239860725718018e-02
8.353525933267562376e-02 -3.982209125950227080e-02
8.735220055078378454e-02 -2.129195744229485376e-02
7.444776599963094654e-02 1.302190221844558640e-02
7.668412497423787721e-02 -6.723280322416232135e-02
8.102716774215225348e-02 -1.123160766969032581e-01
8.214974240934966310e-02 -1.964632719751485332e-02
8.315947998497952298e-02 7.192528374986591200e-02
8.496833127387393159e-02 6.827128042016522569e-02
8.696560944794505532e-02 -2.862086804323862171e-02
8.602342510371430162e-02 1.715479421485239381e-02
7.157717366286939220e-02 -8.852296759271455207e-02
8.493655525493146174e-02 7.038119586694642493e-02
7.237668960769982895e-02 -1.392562282801418361e-02
8.635073770618606481e-02 -7.790292249631157462e-02
8.502870641119195105e-02 1.302715565039024980e-03
8.220248801613694312e-02 5.953161933266905292e-02
8.337267681805447805e-02 4.167176979652856272e-02
8.269535235850192234e-02 2.395879717521284466e-02
7.050293464028467572e-02 -7.339916269590687770e-02
8.118229808269541992e-02 -4.040246430513087794e-02
7.913288050511210758e-02 1.877726461033254676e-02
7.943364404811319168e-02 -5.378275330831543133e-02
9.152084106972031841e-02 -7.942102009563709042e-02
8.269094913071507735e-02 -2.717462614079088623e-02
6.527331892444368511e-02 1.724876455333597125e-01
8.191550029366079233e-02 -5.020362217609333766e-02
8.632414950920649921e-02 -1.157488653634339143e-01
8.198879588459817569e-02 9.574378717233053906e-03
7.688487215581070455e-02 1.003456867502445921e-01
8.276835194689328989e-02 -2.124705580374429970e-01
7.563960508721982723e-02 5.295704433110464543e-02
6.746751337890516398e-02 4.625952901073043799e-02
8.582568928988024148e-02 6.843758789968808209e-02
7.421059259788230500e-02 -5.143263339539980855e-02
8.170252436483792235e-02 -6.661478688464826658e-02
8.558531114175842169e-02 -1.800121984155697227e-02
8.722762057848326700e-02 -6.661870029036828789e-02
6.763619643122609215e-02 7.104740380762274155e-02
6.777613517946530497e-02 -1.214020975084826801e-03
7.589492153564361687e-02 -1.643737916057689402e-02
7.537300720995666892e-02 1.201824057086915143e-01
8.758728423243417049e-02 -8.053101781149824001e-02
7.525057305271731778e-02 5.245786477696411099e-02
8.424974607311509767e-02 -7.581688116739120076e-02
7.173034914651994776e-02 -3.501186077019286663e-02
7.770483479448317410e-02 3.129194213922661255e-02
7.833173300953891194e-02 -4.899908904675905758e-02
7.713335605623253266e-02 5.227040970778058099e-02
8.669312995429398483e-02 1.785900731474143743e-02
8.249511632561766505e-02 -5.039618174830549913e-02
8.658159525538587642e-02 5.490650759004354203e-02
8.890848493144944131e-02 -1.020901362758055986e-01
8.166701820561997338e-02 4.589905674907950733e-03
7.999791303028684630e-02 7.560388340359386339e-02
8.409139164096338104e-02 3.087796436611323428e-02
7.845742695041311998e-02 -1.613680650286035759e-02
7.643694004707919654e-02 -4.252522120454309967e-02
7.558122147269791258e-02 -1.011455191113077856e-01
7.317609800251036190e-02 1.256389746623518544e-01
8.515630135630310182e-02 4.785339301209813601e-02
9.625525521393474282e-02 -4.465915172349605930e-03
9.252857124006672040e-02 2.535759100561848015e-02
8.932579881106221531e-02 -2.116682706601628536e-02
8.463224949300270084e-02 1.487980831161936530e-02
8.941364305971133408e-02 1.544487843059471344e-01
9.313401737234175415e-02 -6.027630660683051811e-02
7.641592430453381102e-02 -3.792750325956511376e-02
8.364192300918646406e-02 9.102954340293291369e-02
9.267401768243779814e-02 7.066369322065614578e-02
9.729237109746868839e-02 4.490669763294678068e-02
8.983541395137335794e-02 -2.321798328255619132e-02
8.284289808937232713e-02 -4.923456827281190440e-02
8.249558062046902229e-02 -7.814915469427435868e-02
8.604227145810777744e-02 9.239184725348036087e-02
9.049140067016755995e-02 7.852327022566586712e-02
8.496775796497038624e-02 -1.347172511371110340e-02
8.855821812816019878e-02 6.454833543290577902e-02
8.277072187819910221e-02 -3.786620469507628178e-02
8.120764735578878124e-02 1.487548101117796423e-02
7.808803319701848600e-02 -6.834048224885547261e-06
9.448397870460656378e-02 5.616678412476425880e-02
8.405204273990350694e-02 -8.736088910954527276e-02
8.446779914551165447e-02 -1.253089697469841196e-02
8.823348946167598739e-02 3.572739108723382156e-02
7.866559995246931447e-02 6.239807881112406987e-03
8.775733460342312331e-02 6.126669463140141381e-02
8.159864858446223834e-02 6.844071594005682498e-03
6.928591773971753964e-02 -3.286467147033169528e-02
8.336772413625287426e-02 -4.068306284038625958e-02
8.240965599878226355e-02 -1.599439226594451813e-01
8.920929367746789629e-02 -1.385786010341075181e-01
8.096450888760566011e-02 4.573707324995660711e-02
7.496916319760899006e-02 -1.534316034434170424e-02
8.775030629721171371e-02 -4.751645835230116494e-02
8.361404532448075966e-02 4.161602439856444680e-02
7.789687720095221646e-02 5.192984451411076369e-02
6.599447151805716560e-02 3.908400895006203246e-02
7.397058287846657032e-02 4.210899528833619843e-02
8.230286703535172332e-02 -3.558251113181776226e-02
8.048458084305065707e-02 -1.397330634577318709e-01
8.534537788820040216e-02 -5.156122864912621173e-02
7.203287904501698424e-02 1.430032719846772438e-01
7.674981133733371763e-02 5.479034018868397110e-03
7.979480333432566186e-02 -3.557041652838888873e-02
8.193827194887390308e-02 3.568960611445557568e-02
8.742540234807495703e-02 -8.612010788433031860e-02
8.092671515980998098e-02 9.018781843888136474e-02
8.568477895125614641e-02 -3.613877689568505830e-02
8.149215457775069171e-02 5.193072656747885207e-03
7.802918948739255567e-02 -8.599647024042381127e-02
7.449767128387208004e-02 1.074894346970869941e-01
7.830270428064092791e-02 -5.033329251872498827e-02
8.003609217257137698e-02 1.166867391028925463e-02
8.482460331092564476e-02 6.310839997735162230e-03
7.651199902829936006e-02 -5.060715216180702164e-03
8.751540285253281426e-02 -4.529523075975676327e-02
8.244149279410190045e-02 1.142478661681648258e-02
7.866768327491233115e-02 4.678498499440474773e-02
8.777933776236346297e-02 -1.155652935134243581e-01
9.003193085629980497e-02 -2.019704408675357735e-02
7.412829889086769430e-02 5.174958359256479068e-02
6.803499367634788242e-02 1.153159801032189319e-01
7.704258539887681723e-02 -1.070965867451782044e-01
7.454326467865968198e-02 6.938659720722686886e-02
7.842523447381417878e-02 -1.266695933038983202e-02
7.925732501551691067e-02 -5.999032224196924890e-02
8.775057160553623170e-02 -1.209524283664427727e-02
7.660295067954056569e-02 4.108229777221552442e-02
8.268563792973365745e-02 -9.681639002824606044e-02
6.937317641940346502e-02 -2.112642639089960285e-03
7.227773511159794884e-02 6.068449248933346224e-02
8.123020852842653683e-02 -8.555588864413686545e-02
7.215190821452573122e-02 1.107180704565938895e-01
8.212525690018786240e-02 4.110926252643458401e-02
8.519239860279413656e-02 -4.492487161557585235e-02
8.471386659281078535e-02 4.313937488231994050e-02
9.297216299025269637e-02 -1.886247711917915862e-02
8.619296131245318682e-02 1.423651383960418577e-02
8.380585123926856395e-02 9.625574434866697449e-02
8.804320840106354129e-02 -1.575086339828549870e-02
7.993159858964338227e-02 -4.231947461216041713e-03
8.636833891220349613e-02 3.212160087895084976e-02
8.040948347806511909e-02 -8.840401034280019263e-03
8.216775328389287758e-02 1.357460465701287346e-02
9.151493456452393371e-02 -1.608838263169733206e-03
8.379443407051880011e-02 4.963180612358724687e-03
9.105857298320303717e-02 -2.049750706670474404e-02
8.448297618072171666e-02 2.548381672621481686e-02
8.102371231381740035e-02 -1.962488974165233629e-02
7.633409275804435568e-02 -5.693710375436612618e-03
7.371837966054176072e-02 3.458553864506466041e-02
8.855899956827374686e-02 -7.462931998760927166e-02
7.591696555954932646e-02 -4.599902511392628401e-02
7.925898556955904284e-02 1.127037280598989777e-01
8.370347007165640507e-02 -3.117404061632084861e-02
8.259047560041904434e-02 6.096372935477738751e-03
8.030111484245787412e-02 -7.790365481211659893e-02
7.982677377320671064e-02 8.337656794929397541e-02
7.209220944572400369e-02 9.973094422581542384e-02
8.253836185004619075e-02 -4.751394617286933131e-02
7.947051126971663160e-02 -1.319086457532078066e-02
8.375646366723579761e-02 1.399371304007130945e-01
9.024638388883186868e-02 6.052602770601830245e-02
8.782460053240179199e-02 -7.494949301169744407e-03
8.369096257470447220e-02 6.142146001763195730e-03
9.989691180430729234e-02 1.679471430748332231e-02
8.062691426903401126e-02 -7.604234057944182779e-02
8.640246592563011196e-02 1.253898398406589620e-01
8.898366232443485901e-02 -9.879865302792971080e-03
9.541160213363386600e-02 2.472675573475866667e-02
1.070360316708364179e-01 8.625707584474914813e-02
8.694879290165183350e-02 -3.448211611822615125e-02
8.280054797265158639e-02 -1.298552888864929269e-02
9.225440103927998181e-02 9.918408034948482388e-02
9.299542073256085450e-02 -4.602535589228897925e-03
7.054900112096135212e-02 -9.156034435643806146e-02
8.592596974520831654e-02 -2.617525614942656231e-02
9.566971737226342976e-02 7.848774885058854012e-02
8.797205777399999538e-02 -1.879696615847525898e-02
1.066829697134279581e-01 1.422870972239170251e-01
7.405215984517068972e-02 -3.942336470078428023e-02
8.096957329888582189e-02 3.140632502943964399e-02
7.287143314175061060e-02 -7.313518926894584105e-02
1.031126615189581486e-01 5.432103559554040534e-02
9.023419561001549960e-02 5.571479201023896155e-02
7.629084064765860596e-02 -2.852671566506776585e-02
9.880361357540673461e-02 5.617703911650002990e-02
8.399029127292190200e-02 1.794328008974570635e-02
9.614846948322665343e-02 3.836094680380652128e-02
8.360138416559220742e-02 -1.707384091007377314e-02
8.164214606291951559e-02 4.752759116868694039e-02
7.388171073109976728e-02 -5.926322425259011178e-02
7.791632411403311143e-02 -6.342486893643117796e-02
8.749510544081348651e-02 7.771571352090474172e-02
8.642169891556381045e-02 8.355404269116387464e-03
8.777997413766795709e-02 2.961886998738557167e-02
8.651054763281355864e-02 8.265391965270388330e-03
9.738487115273496142e-02 6.820922177777073714e-02
9.907650094577083455e-02 7.903132106033630699e-02
7.495385970420591348e-02 -3.955010135980230324e-02
8.371581095220842483e-02 6.621988742500144361e-03
8.865712939117477431e-02 3.619552460589823412e-02
7.921250136045934753e-02 -1.035535508613396327e-01
9.070537659750883830e-02 1.012097627614276102e-01
8.967183762441582884e-02 -3.623009111254526377e-02
1.048200921808854630e-01 8.418322186151955266e-02
7.584506232773077783e-02 -2.631669959616669136e-02
9.767885042971556631e-02 2.153020598252017651e-02
8.257483207398079450e-02 2.008487462152401190e-02
8.377548627605894971e-02 2.320630930253816948e-02
8.596159058893364235e-02 -5.083864429710462964e-03
9.777080623783525326e-02 8.719149495832939634e-02
9.276584152150445239e-02 1.287487708970280233e-02
8.084615049459219216e-02 -6.336113833445071626e-03
8.480588467063403246e-02 -4.197948333928138570e-02
8.951534188111524848e-02 6.194918590554650273e-02
7.051490351577428817e-02 -9.184717272734256588e-02
8.812316978769837994e-02 6.401986426431470478e-02
8.806180284975988204e-02 -3.432353459687164515e-02
8.390874678541468401e-02 -7.308030445094121363e-02
8.042020287729705064e-02 -5.368201797057772090e-02
1.076710092953974823e-01 1.924344209826343022e-01
