4.074076338803109110e+01
2.371484558863538439e+01
1.374347465178741068e+01
7.506625038062873401e+00
4.941435364697555954e+00
4.613298665581701208e+00
4.932013653494145444e+00
5.592442543053461002e+00
5.482252340251508649e+00
5.812225934587773146e+00
5.770433506334865292e+00
6.244823010456531875e+00
5.456001828229899431e+00
5.126909906885654955e+00
5.533011098564052155e+00
5.982874372929317452e+00
7.055657285885146734e+00
7.709083811961201960e+00
7.393803375844331782e+00
7.425338669136694492e+00
7.927630596203900204e+00
3.430207694562946017e+02
4.800503217792420401e+02
8.377078648045277305e+02
1.083882322127791831e+01
8.295430343484175850e+00
8.590200083449850865e+00
8.242357617352467969e+00
7.963656006411248711e+00
7.382315048622807296e+00
7.394230608476077826e+00
7.366290738143643324e+00
6.970703331339865194e+00
6.097472901517480892e+00
5.709850774482270630e+00
6.270404148893439888e+00
5.928042824872648886e+00
6.730890103685328363e+00
7.951804951721522130e+00
7.310289364217370078e+00
7.080594386776811078e+00
7.567833878104457845e+00
7.458829581292539146e+00
8.009314238204999583e+02
7.297802313988218437e+00
6.079840219731416084e+00
5.573288786603769474e+00
4.920045577146351157e+00
5.139635057555108411e+00
4.880242950779193123e+00
4.373329461077953617e+00
4.827226240463329709e+00
5.531134125644860511e+00
6.296953171879845712e+00
5.788319144015239281e+00
5.472245389060383935e+00
5.345295889791739086e+00
6.262187866116262214e+00
6.450917345890465171e+00
6.525613945418973216e+00
6.040356213512779071e+00
7.775506031449027411e+00
7.109729794997075025e+00
6.535057654362467439e+00
5.974926242882149907e+00
5.256824062190952773e+00
4.967217806597228780e+00
5.869879827700557939e+00
6.935586730392533816e+00
7.590615613698219910e+00
7.430739693335252305e+00
7.502666149171842491e+00
7.535848999944165350e+00
7.105562748924096894e+00
6.095761450046277119e+00
5.658741563451987311e+00
5.170736741338556541e+00
5.358287372898622891e+00
5.584227753059337829e+00
6.214789971378068323e+00
7.117184543881724501e+00
7.141349494428064659e+00
7.553401628587497640e+00
7.438412563010446732e+00
7.875795863511359407e+00
7.926266442970975490e+00
8.242249204676415530e+00
8.210534946257562083e+00
8.226025826533742702e+00
8.973939480356101228e+00
9.059596639083867586e+00
9.266716973546341052e+00
9.490015672100268418e+00
8.854011797045085785e+00
9.409073262674825244e+00
9.189218251281999983e+00
8.897517211709338625e+00
1.011748559300290573e+01
1.061488985413208397e+01
1.063263817019442214e+01
