4.000000000000000222e-01 2.999999999999999889e-01 2.999999999999999889e-01 5.000000000000000000e-01
4.422258014874674847e-01 2.921220602994522575e-01 -5.183384712292036373e-02 1.140728389776070717e+00
5.009092717715716292e-01 2.488809649109214039e-01 -5.721429488516336370e-01 1.345559734494002013e+00
5.503254469686518213e-01 1.903575735534076274e-01 -7.605792388115406588e-01 1.182489962817290019e+00
6.077217004209184426e-01 1.614469979311630443e-01 -3.521219095828540535e-01 1.107890700442803800e+00
6.677213309039123912e-01 1.588166603561660950e-01 -3.227285554296756287e-02 1.092186233112565574e+00
7.176268963474399243e-01 1.564696443177360230e-01 6.423135554649833656e-02 1.096955675068577385e+00
7.673524521048207259e-01 1.567772010339354982e-01 6.968105310099149963e-02 1.088706593462282823e+00
8.173839676375493912e-01 1.524154529381539780e-01 -2.423119540976700903e-02 1.095022197590048707e+00
8.665021380845920884e-01 1.494906216807976029e-01 -1.835198197344079310e-02 1.098414426488643070e+00
9.183394765073386035e-01 1.400229505830406229e-01 -1.524243141875423480e-01 1.099561111881652398e+00
9.546291111193265788e-01 1.180103079348122641e-01 -1.385026956289554800e-01 1.089265374350720350e+00
9.789186738445224689e-01 9.347515753944003747e-02 -1.424474228031983036e-01 1.084539675971850414e+00
1.009993257272373102e+00 7.278490949985674807e-02 -5.222516190660750346e-02 1.092411601029264379e+00
1.055380209658042023e+00 5.668862400484545733e-02 6.345735572574577599e-02 1.083400414920920207e+00
1.102311819503043244e+00 4.542497064944469448e-02 1.856263402020724984e-01 1.080825631755561567e+00
1.151694716063004664e+00 3.077022598726517760e-02 1.706887232389571740e-01 1.081692731276662212e+00
1.205125576436083090e+00 1.268179009037983043e-02 1.452314327486084189e-01 1.089640011436884492e+00
1.263762028217624733e+00 -6.774889896404636368e-03 1.363560560617582407e-01 1.089966782096924103e+00
1.327113617007788404e+00 -1.897127295629469010e-02 2.344359579832445972e-01 1.094379451802385939e+00
1.394327361613906024e+00 -2.725403448478327939e-02 2.624512673191901069e-01 1.111582289379682287e+00
1.467129217215554782e+00 -2.931172378329607170e-02 2.742441629886308019e-01 1.110450054243556028e+00
1.542450909208734844e+00 -3.524342391041375422e-02 1.922358717660564709e-01 1.128654081473984938e+00
1.619993027870124225e+00 -3.721338850350049132e-02 2.332236877426951682e-01 1.124704410742765726e+00
1.697241707927120480e+00 -3.496293959564628767e-02 2.725205745042636463e-01 1.130045957528499123e+00
1.768857468247013065e+00 -2.990856736582316044e-02 2.521007485669190529e-01 1.125728054036963632e+00
1.828014746080898423e+00 -1.745630759316660341e-02 1.170699953883088951e-01 1.095846586890934393e+00
1.887488035286067900e+00 -1.277511049785849846e-02 2.611067014767045561e-03 1.101287647029848715e+00
1.948074816586950142e+00 -6.393924356929186342e-03 1.650239861708985983e-02 1.096989092175249647e+00
2.010300948155692602e+00 2.347565652084550661e-03 3.640898197744857345e-02 1.095834942096323150e+00
2.074716022088581635e+00 7.797874565320130763e-03 -2.152845013308791328e-02 1.081966104928858918e+00
2.140489923291748919e+00 1.134367492112143931e-02 -4.651849331640347390e-02 1.091355910812417340e+00
2.207922247783681957e+00 1.763841966771299841e-02 -2.136023749688414561e-03 1.099094134018965274e+00
2.277805029593827690e+00 2.361197635916593290e-02 -5.145204377846615551e-03 1.100803094699067453e+00
2.348948520204354740e+00 2.450649588266301873e-02 -6.855704543281239405e-02 1.083823454258126651e+00
2.419715401655184728e+00 2.073164119230390748e-02 -1.152112170842836680e-01 1.099076697567798355e+00
2.489397804524376756e+00 1.863890756348321118e-02 -7.243721761767124567e-02 1.090771290418177220e+00
2.555046840940352393e+00 8.904187740964204095e-03 -1.358983064006792085e-01 1.093685651213909482e+00
2.620590046160607756e+00 -7.322879472942124719e-03 3.646437978092662707e-02 1.084256266269481905e+00
2.688583111152999194e+00 -1.547933128127900945e-02 1.547975268757804668e-01 1.087791565302750785e+00
2.757950511381390246e+00 -1.667685680775405840e-02 2.640257232921968678e-01 1.097072274132674607e+00
2.823427964152500635e+00 -2.040046007915749526e-02 2.928228577160412738e-01 1.099400707817978384e+00
2.890246875618211586e+00 -2.471774405176170933e-02 2.854261523588625393e-01 1.095303095324104081e+00
2.956930010073131054e+00 -2.281733877116359430e-02 3.651989890372419612e-01 1.111169952516987136e+00
3.023726485566732070e+00 -2.224164802836488264e-02 3.260589092863226957e-01 1.102175629070941687e+00
3.090075750957104184e+00 -2.009419549735970076e-02 3.325923931845953807e-01 1.110946244236280522e+00
3.155763028795959713e+00 -1.667185707535599748e-02 3.300051239908044498e-01 1.110946082481842456e+00
3.222254215843260550e+00 -2.172578219084369752e-02 1.998382761490251902e-01 1.096785631555746043e+00
3.289138977496172345e+00 -2.022204256414580556e-02 2.926735569022693162e-01 1.111550291456228301e+00
3.354434047910485717e+00 -1.251787949207278615e-02 3.261580652340801412e-01 1.111605370523153891e+00
3.414323009442420620e+00 -9.888042400742545854e-05 2.552581616905988393e-01 1.105844864891217139e+00
3.476136383219634141e+00 -1.916575944784390919e-03 9.776905157548937408e-02 1.093919557014342736e+00
3.537447991127508296e+00 -4.512235131211216011e-04 1.435287156355580795e-01 1.097512116900780654e+00
3.599138666578719281e+00 -2.938415485441151680e-04 1.251817261681140991e-01 1.100328786667166714e+00
3.661280269450469582e+00 -4.629544785169340329e-03 6.033808185727452394e-02 1.098506840493038927e+00
3.723396708783809572e+00 -1.201965043888462287e-02 2.782418805838992801e-02 1.092870018611196592e+00
3.784744624429937865e+00 -1.892912977439719160e-02 2.626193346936285880e-02 1.092878715478901031e+00
3.850385627697810786e+00 -2.474523053797476890e-02 1.451968610250607139e-01 1.095436694600831151e+00
3.924274281999332370e+00 -3.687816331094949385e-02 1.203128804593798507e-01 1.089140823912024603e+00
4.001281890854601286e+00 -3.977538334089836952e-02 2.690169432807650307e-01 1.102431485641756526e+00
4.078137853893136544e+00 -3.790528966932386196e-02 3.353920862630977440e-01 1.108030834712883106e+00
4.165959852854282275e+00 -1.470731203759507305e-02 4.020166481533457570e-01 1.116994751152849963e+00
4.246098751345813049e+00 1.086377051720851562e-02 3.831625729707759942e-01 1.107752399781054331e+00
4.324133877802175618e+00 3.168201441633351767e-02 1.952559385871397990e-01 1.081343009293934232e+00
4.401814882971058829e+00 4.321150805175941884e-02 9.367701425977875695e-02 1.070433707459226502e+00
4.479626741481191665e+00 4.709434864163342810e-02 -1.919970572749768803e-02 1.071946051192553595e+00
4.557216907825003105e+00 4.863751711979520664e-02 -5.331088127906624674e-02 1.066058031999685740e+00
4.634666762635850645e+00 4.822145113724343735e-02 -8.737973907478281677e-02 1.067954532806500545e+00
4.711541228637840639e+00 4.766534508271397241e-02 -1.066897035221515827e-01 1.052325010146897055e+00
4.802093521833210588e+00 5.092042822115916412e-02 -2.106301730935449812e-01 1.052508439483837765e+00
4.889689949811093506e+00 3.898283700600873453e-02 -4.072265790772420235e-01 1.062139415458640102e+00
4.973580038143342819e+00 2.917589269781352759e-02 -3.489239255997418354e-01 1.057736163196996593e+00
5.055370811246310048e+00 2.362122927700511382e-02 -2.765753549014606238e-01 1.055008933862549902e+00
5.136270063545556930e+00 2.247549262424678590e-02 -2.080405117552580063e-01 1.049282972823118998e+00
5.216758379878284835e+00 2.031167463190492600e-02 -2.209875345933025037e-01 1.055806901564914080e+00
5.297089307315486550e+00 2.026629498732237036e-02 -1.884645143075787677e-01 1.053315952389310306e+00
5.377177597869031267e+00 1.993079385990152719e-02 -1.969294394591629416e-01 1.049343365898585789e+00
5.456774719536218399e+00 1.851699975664138423e-02 -2.158576088532696557e-01 1.049919646979653898e+00
5.509722678120734685e+00 4.611568840056636150e-03 -4.625651612923828981e-01 4.350382065877793636e-01
5.563155130307839258e+00 2.999444770763004618e-03 -1.594953555214937702e-01 1.038997773239461075e+00
5.635946759914236992e+00 1.027563640502739649e-02 3.412261634180540487e-02 1.019823920892618752e+00
5.719595504648794737e+00 2.547133762207504787e-02 -9.856515983381974530e-03 1.024367215546077459e+00
5.802375941891229516e+00 2.884507879500740335e-02 -1.923029135241164367e-01 1.033454542066391646e+00
5.884790617638628873e+00 2.786426104503943874e-02 -2.508062102717706909e-01 1.042101518550615058e+00
5.968324404936137917e+00 2.997150545447825956e-02 -2.113708749820911448e-01 1.037870569578206670e+00
6.046590740548976939e+00 2.582637887451415606e-02 -2.089853369721161314e-01 1.044742007168149689e+00
6.123954961334330704e+00 2.128353591256508526e-02 -1.903062853464909110e-01 1.027926895053205225e+00
6.201946446355826481e+00 1.690792159129205288e-02 -1.840751670407301255e-01 1.028388035208561924e+00
6.280955879365569317e+00 1.344591742166093180e-02 -1.632504888940205512e-01 1.020451561417191177e+00
6.361374607535041470e+00 1.995218329262690021e-02 -8.008908191526071391e-03 1.016611247795588202e+00
6.439496549678048076e+00 1.991401028634769144e-02 -1.157845155624720179e-01 1.017616091456681193e+00
6.516634863138601297e+00 1.269362762201324372e-02 -2.238593923591589430e-01 1.020925502760182013e+00
6.596274359594326953e+00 1.041869486391235229e-02 -1.373976084186179780e-01 1.008096489368443649e+00
6.676634507200019719e+00 9.868290737693548656e-03 -1.144186227503897479e-01 1.023669839499294021e+00
6.757036558962068007e+00 7.586928311435835182e-03 -1.464411033868504020e-01 1.017216835572210654e+00
6.839081809947458623e+00 8.156552098743276649e-03 -1.760585373360848693e-01 1.004450544826766878e+00
6.924171486321403002e+00 1.860072818465303285e-02 -8.052526491144523790e-02 1.003988180766098415e+00
7.008436092255295513e+00 2.256784097794227451e-02 -1.916287960711074434e-01 1.010937596012815520e+00
7.091284642959475804e+00 2.019794659675879650e-02 -2.870803985942227965e-01 1.012436146093537825e+00
7.172269822565693786e+00 1.223040851715748167e-02 -3.746640365360709435e-01 1.013515195582182837e+00
7.255505612492990863e+00 9.791507369142429806e-03 -2.832448064031520274e-01 1.022557117942102911e+00
7.336431226676349837e+00 6.084728449605276805e-03 -2.546021222456291144e-01 1.025875169887612071e+00
7.416607041012174939e+00 4.462466300871483329e-04 -2.860449374911057108e-01 1.017060669065122713e+00
7.497972187436584335e+00 1.782199844841329643e-03 -1.797208528134037198e-01 1.012498446878581815e+00
7.578221577718657898e+00 1.907322334790359421e-03 -2.036187224587645561e-01 9.910805850164282615e-01
7.657361944549881727e+00 -1.409748379170505921e-03 -2.562935086546142549e-01 1.003815693965524947e+00
7.737452906605708947e+00 -2.044378256408194063e-03 -2.175149073410361511e-01 9.995254116765656116e-01
7.817174955142141890e+00 -1.469530913940809242e-03 -1.221137556568022697e-01 9.818983149462976456e-01
7.895596521476322849e+00 -9.068651243058650085e-03 -2.035253013103763275e-01 9.949307454860134570e-01
7.977547986201425800e+00 -7.323550414300180819e-03 -4.874216226785790113e-02 9.795672435137265932e-01
8.058513666109782037e+00 -1.047669589103971885e-02 -1.282518991540155806e-01 1.002363908860788078e+00
8.140539118445877520e+00 -1.528721907289327248e-02 -1.469137659047125566e-01 9.868660351865198299e-01
8.223029436875057385e+00 -1.650561401048988158e-02 -1.390043304025131710e-01 9.923682797932332766e-01
8.301810693148679476e+00 -1.186941561181098330e-02 -1.434329798132415179e-01 9.894224692559845380e-01
8.381172023630776735e+00 -1.161285550579781688e-02 -1.901708731148877840e-01 9.957292616369056715e-01
8.460763120939764903e+00 -1.121800592928466275e-02 -1.861725861613494903e-01 9.994068807482382466e-01
8.540656511002220341e+00 -7.173624734057618482e-03 -1.298845108030362294e-01 9.860545348581783998e-01
8.620256743346599748e+00 1.535554865583752633e-03 -6.113991643173875834e-02 9.767401304006594343e-01
8.699723876609914086e+00 1.428861729327524782e-02 -3.968810036632658411e-03 9.774996581282339170e-01
8.778852633293597663e+00 2.068762359532987441e-02 -1.066022669139361917e-01 9.795172102519374979e-01
8.857281717774087682e+00 2.122964338462195871e-02 -2.003257248313696781e-01 9.856296598945021303e-01
8.914118836496271570e+00 8.104525100599916862e-03 -8.211802031308246264e-02 9.698641862273905678e-01
8.969514358669336218e+00 -1.133499011310309772e-02 -1.840942618597531943e-01 9.672330744150785531e-01
9.024997638605173123e+00 -2.915106347436590556e-02 -1.575778434929811234e-01 9.631838328139420424e-01
9.081347247738454698e+00 -4.096904329770888892e-02 -6.033500478648651938e-02 9.743381803840474031e-01
9.138747232215948202e+00 -4.777141867985725682e-02 2.194039133219857426e-02 9.921217380543596587e-01
9.196445483499150697e+00 -4.856810164737822288e-02 1.168976894403607608e-01 9.973045983453803220e-01
9.254590189195932126e+00 -4.849739565682863879e-02 1.321495147822688843e-01 1.009121341485821333e+00
9.313190835000451528e+00 -4.662494277389222369e-02 1.621603746960817161e-01 1.020331175473704999e+00
9.372523001997690173e+00 -4.649679364498028600e-02 1.388246968945843485e-01 1.024531336422130234e+00
9.431299764210685055e+00 -4.080183061176625298e-02 2.274062430583602412e-01 1.036737020933066855e+00
9.489742428984911271e+00 -3.203615522730952903e-02 2.724150274135971328e-01 1.039043459403089509e+00
9.549000206600572582e+00 -2.626846580030419917e-02 2.280344278270478309e-01 1.039225967725413868e+00
9.609284305841025997e+00 -2.434831684715986835e-02 1.701348412448955849e-01 1.044749059678054870e+00
9.670023408985285229e+00 -2.357339247150831360e-02 1.695735128339789233e-01 1.055804214895729842e+00
9.738397077511812938e+00 -3.153133507447022921e-02 1.770853349116180697e-01 1.051917970381302192e+00
9.808434316919056428e+00 -3.068426618994584201e-02 3.128978619835771635e-01 1.060232629783590896e+00
9.876136416391361195e+00 -2.296412602209427223e-02 3.955779224748509071e-01 1.073370642452655677e+00
9.943052628546285021e+00 -1.896916329929346917e-02 3.259916543335851236e-01 1.072149445955100422e+00
1.000817641635398481e+01 -1.360170966361822116e-02 3.399331222977229339e-01 1.066818454318231968e+00
1.007216952148656119e+01 -1.048823524366069605e-02 2.992144244523490815e-01 1.065810946278895388e+00
1.013576650703649129e+01 -1.000317517914545845e-02 2.598359605509978354e-01 1.058534028143960359e+00
1.019853281058346184e+01 -8.175499223998145687e-03 2.797945989903417585e-01 1.054286305647891497e+00
1.026065965341646269e+01 -6.687661304120822402e-03 2.733922932975263453e-01 1.054134251236203967e+00
1.032271722938701330e+01 -5.812265455846850337e-03 2.654664962205184331e-01 1.060283601232691719e+00
1.038614371008481285e+01 -1.181505384528402230e-02 1.725517217459885400e-01 1.058625796832187493e+00
1.045185166178743508e+01 -2.069685229557136422e-02 1.547017229554020767e-01 1.049307595111064195e+00
1.050704972475288912e+01 -5.021588425609128242e-03 3.571281268045742863e-01 1.057051230484234328e+00
1.056273924414729315e+01 2.850601187792694939e-03 1.194732639683384473e-01 1.041269899228942419e+00
1.062029358215485253e+01 6.746066945007460521e-03 5.244678825489115098e-02 1.036058027121715019e+00
1.067870053772518624e+01 6.402870190479089708e-03 -2.108441943509942185e-02 1.028599048934170757e+00
1.073398257219269247e+01 7.120994923694764188e-03 2.545163159390280774e-02 1.038344534757182469e+00
1.079027321612979939e+01 7.090424600948377551e-03 5.400302070272831661e-04 1.045661308273994061e+00
1.084631107358047331e+01 5.327252715251137166e-03 -3.142506796268991487e-02 1.030798937351911082e+00
1.090157728327084463e+01 9.407493322390006463e-03 5.291030455167644586e-02 1.044225033422536697e+00
1.095857903446166226e+01 1.291016183778483269e-02 3.440213868278254455e-02 1.039946060348338364e+00
1.101596522990012694e+01 1.193394601742508304e-02 -2.856235038675520449e-02 1.025315158742584831e+00
1.107244144590520207e+01 8.803812213509606965e-03 -4.459773515517417852e-02 1.030308705909726896e+00
1.112795323326217911e+01 4.620463870367621725e-03 -3.779067464373089824e-02 1.031519880133786149e+00
1.118280791383034334e+01 1.590251135621398000e-03 6.444171282813026744e-03 1.058705320622622903e+00
1.123530010332143902e+01 -3.479257321934188865e-03 4.661945393226463456e-04 1.058456651604512411e+00
1.132716039002296782e+01 5.549323379965464577e-03 8.123130502345056458e-02 1.060653873623678134e+00
1.140990751733128405e+01 3.503791501820033294e-02 3.925618633583832784e-01 1.073761905105208969e+00
1.148729329137650623e+01 6.025043737744347622e-02 3.148008489017572464e-01 1.069171318008932836e+00
1.156160333264925022e+01 7.227136972047533414e-02 1.185329861955107672e-01 1.051983598046910107e+00
1.163367962319732207e+01 8.116108623778080233e-02 6.392526713312120246e-02 1.044938577565742266e+00
1.170386772819819043e+01 8.516470011217523728e-02 -3.122710287380626656e-02 1.036771577286925705e+00
1.177260136907000287e+01 8.385963963243826813e-02 -1.350953041310081482e-01 1.033947271548022462e+00
1.184120694307587485e+01 8.266639464647555779e-02 -1.555343446310594735e-01 1.032548198098625081e+00
1.190872819521680981e+01 7.641086230519149314e-02 -2.601531428597158024e-01 1.034612494062445487e+00
1.197733726255852638e+01 7.294275743791650557e-02 -2.319955581236570474e-01 1.026902920400754038e+00
1.202186107897097145e+01 4.238967474779670175e-02 -2.832514712940114587e-01 1.024104412699885502e+00
1.207214675462392250e+01 9.440026280163557951e-03 -3.712766237183361961e-01 1.036109617843032682e+00
1.212911735897073839e+01 -1.893243145713747327e-02 -3.701774583266347340e-01 1.037259739022064808e+00
1.218926730205840059e+01 -3.933551175048925069e-02 -2.043073089326947200e-01 1.030339875905307512e+00
1.224957923194061138e+01 -4.862391398466809483e-02 -4.689178228812976301e-02 1.024326495013285321e+00
1.231004352172564964e+01 -5.047951797912099414e-02 7.056430254854872963e-02 1.026018133670210108e+00
1.237010190487587735e+01 -4.964318295961156480e-02 1.123407152910671780e-01 1.024897710930955386e+00
1.243023409025094850e+01 -4.502635966870059681e-02 1.778670882659024455e-01 1.035983591856221908e+00
1.248894623800928905e+01 -3.662817506997777250e-02 2.223800854307892150e-01 1.038172799414048164e+00
1.255640158989161037e+01 -4.312386952551782587e-02 8.630556584307921830e-02 1.042664808489960127e+00
1.263511512261717762e+01 -4.168922652539447382e-02 2.950144740614918937e-01 1.057274076769902482e+00
1.271211339439059529e+01 -3.556436781544314307e-02 3.493482248841660032e-01 1.060706264119333220e+00
1.278682401701769322e+01 -2.935251559541766572e-02 3.397779290381609529e-01 1.060608202897578733e+00
1.285957972105904190e+01 -2.361739100777433820e-02 3.231998059929684919e-01 1.060422105373237667e+00
1.293024011097260662e+01 -1.734686823940955955e-02 3.220455758445399663e-01 1.056250943742977011e+00
1.299152429207730819e+01 -7.103478609655408497e-03 2.120996055549186909e-01 1.041920824174534355e+00
1.305333729012854604e+01 -4.950524597141676801e-03 1.288814721795436546e-01 1.039586132710292654e+00
1.311450408884812369e+01 2.728823680157150232e-03 2.055840810264998042e-01 1.045881125414516388e+00
1.317684607055393897e+01 3.802666434037073762e-03 1.037461573453889035e-01 1.043228474578629106e+00
1.323925815328063216e+01 4.493017836051524209e-03 1.007969695963779611e-01 1.045614296990726055e+00
1.330171878705314725e+01 5.134224773588610437e-03 9.735565117638599053e-02 1.044767775277629429e+00
1.336465796590876565e+01 1.707511801045678455e-03 4.298655263404928956e-02 1.048279768485363972e+00
1.342714891895340124e+01 1.261039939335084365e-03 5.861343256807694663e-02 1.048199014880896618e+00
1.348899907498526396e+01 3.555599914381944726e-03 -8.827380584892099286e-03 1.054562613123252390e+00
1.355121374167721449e+01 2.391114188143912949e-03 -5.412845000613779323e-02 1.050843502143833375e+00
1.360835360493285506e+01 -1.309114409362140651e-03 -2.671157904031201333e-02 1.049580304402881303e+00
1.366439520329301693e+01 -2.369451262522539146e-03 1.615201458371208834e-02 1.048704408551992318e+00
1.372022405387095034e+01 -4.738484938541911128e-03 -3.385056132159208926e-03 1.048696820785901318e+00
1.377509854863545335e+01 -2.696943007015688201e-03 6.339907669660786727e-02 1.045496797728163729e+00
1.383059612971908159e+01 1.901466772147021545e-05 6.554799995965432391e-02 1.046875189755793079e+00
1.388656477070154160e+01 7.545532473590851191e-03 1.318555332411268377e-01 1.051223989652837032e+00
1.394571783273409160e+01 9.129454438122961910e-03 3.053748032821320194e-02 1.053726670365759510e+00
1.400505701012092707e+01 4.197432078568755741e-03 -5.778522112644790543e-02 1.046932829989940972e+00
1.406287070011322271e+01 -2.085306520060786414e-03 -6.039724225217465992e-02 1.057941187826307194e+00
1.411912600006450980e+01 -9.143955771714654471e-03 -5.262045749566367225e-02 1.056529889207204365e+00
1.420534466857417399e+01 1.319084286811829550e-02 -1.537809005715991273e-02 1.058019384964900667e+00
1.429216325697875334e+01 3.267952403971485786e-02 1.175330012816387798e-01 1.064406148329770430e+00
1.438040569484558517e+01 4.961988260929036526e-02 3.310696039183932265e-02 1.055384134065625146e+00
1.446748795346495697e+01 5.774436842316933716e-02 -8.985042650898605876e-02 1.052149944726357145e+00
1.455397442451452505e+01 6.123281126655139017e-02 -1.600024963263907696e-01 1.051670179512398606e+00
1.463968156092966844e+01 6.126777803691081659e-02 -2.147166765103102337e-01 1.054629428894276577e+00
1.472383269318223675e+01 5.996000658952015117e-02 -2.034524778550112767e-01 1.057049154070462738e+00
1.479565829511539654e+01 5.079266955934520072e-02 -2.593036677808696067e-01 1.050863886479500575e+00
1.486910534762506408e+01 4.799823963493275725e-02 -1.656838872850096012e-01 1.035389497356071997e+00
1.494246694753914717e+01 4.743294213092052319e-02 -1.476347431642548447e-01 1.025617994415397805e+00
1.501524691268750544e+01 4.524073033046020070e-02 -1.832876218279819724e-01 1.024881228482202200e+00
1.508822304179580520e+01 4.250390222234608911e-02 -1.954959637355364321e-01 1.022215485452343753e+00
1.516157128805058818e+01 4.028199826323997090e-02 -1.894033817974036249e-01 1.016473199896878787e+00
1.523514744935284249e+01 3.808629477650045392e-02 -1.895569991407790311e-01 1.014479028740206568e+00
1.530848958928582348e+01 3.183882278575256991e-02 -2.505670955769535579e-01 1.020551705365649875e+00
1.537498187688689555e+01 1.831550290247014809e-02 -2.000498881297201881e-01 1.012502413994162742e+00
1.544381232135878790e+01 2.753195070475775771e-03 -2.214517257917317794e-01 1.008156130381558935e+00
1.551768692208344191e+01 -5.402313695154164000e-03 -1.060624199399751583e-01 1.003701416173368388e+00
1.558796983815790682e+01 -1.445043090435032922e-02 -2.577233310519067011e-01 1.007578354330939563e+00
1.565991399969528786e+01 -2.409255725180768290e-02 -2.162510002815588306e-01 1.005809150301353982e+00
1.573158574878758387e+01 -3.455598489429816816e-02 -2.307878407347858651e-01 1.018180282132171266e+00
1.580507539107093073e+01 -3.678119410258498534e-02 -9.640628746491256007e-02 1.012275644259366558e+00
1.587844888496194429e+01 -3.752649398084385857e-02 -7.192765929543437631e-02 1.008589983422814695e+00
1.595156548281147479e+01 -2.890883422647509346e-02 7.218802516902000921e-02 1.004141119380585812e+00
1.602484375159358976e+01 -2.456285168545068245e-02 7.227109662784128585e-03 1.006897248411315227e+00
1.609819158167510622e+01 -1.699866217308286173e-02 5.817805348447549485e-02 1.008422820817974630e+00
1.617141250758004389e+01 -7.347954648952478851e-03 8.815398310510558222e-02 1.006634252110539141e+00
1.624467752197532633e+01 -2.929447678464001514e-03 7.849111191508221369e-03 1.002549853000301416e+00
1.631764064552027094e+01 -3.963285814913617908e-03 -7.305134654357811619e-02 1.002715511809786131e+00
1.639078703402652692e+01 -3.222381698776269777e-03 -4.056135354482511696e-02 1.003306681669268841e+00
1.646399854043516697e+01 -3.145451081179550775e-04 -1.851511682719177501e-02 1.003298463699448639e+00
1.653654249720510450e+01 -7.425349620825329872e-03 -6.294085469584984049e-02 1.003128037257642768e+00
1.661143970664109304e+01 -1.478072419060773648e-02 -2.389950263548993106e-02 1.004475210484304659e+00
1.668871388694769209e+01 -1.753553981082942026e-02 5.249303451857315755e-02 1.008486623286278361e+00
1.677183666183767485e+01 -6.498703481910768874e-03 1.555289037602569369e-01 1.009213945851758165e+00
1.685180149871768762e+01 2.760790120540848082e-03 1.090765092565385147e-01 1.007353475838867141e+00
1.692885725198237168e+01 1.734024217434045056e-02 1.220386102939601675e-01 1.007943451838032800e+00
1.701117300393950060e+01 2.768425883682496327e-02 -5.196418481539301359e-02 1.001560481431786664e+00
1.708970895620025487e+01 3.000464586813549051e-02 -1.526532652694478631e-01 9.988965450120993461e-01
1.716828150064054270e+01 3.014685333109686644e-02 -1.911490196672007424e-01 9.961306909425523548e-01
1.724690727888417996e+01 3.272161134889611800e-02 -1.581171016106466265e-01 9.927973086218344623e-01
1.732377843809863549e+01 2.724296007923207238e-02 -2.866609749410022334e-01 1.001121608437914867e+00
1.740307103634058805e+01 3.691252773876931015e-02 -5.655962098123257231e-02 9.889471006622763127e-01
1.748113237324258051e+01 3.946447336710956488e-02 -1.757940831039301322e-01 9.889583130475760875e-01
1.755624068499156820e+01 2.951279559970693828e-02 -3.730870981270156261e-01 1.009886904779479844e+00
1.763413358575557766e+01 2.725504569606246666e-02 -2.480062383001464532e-01 9.967650207965931264e-01
1.771165737587540434e+01 2.629652423382543638e-02 -2.355437673417598299e-01 9.898334817430012311e-01
1.778798291920730534e+01 2.200926858993048837e-02 -2.917511203083745230e-01 9.901679237763452157e-01
1.786318944287473087e+01 1.425412985193900105e-02 -3.472941850060210500e-01 9.915645805489593512e-01
1.793833558743114409e+01 6.098083090304683672e-03 -3.519060731125551733e-01 9.918498780472627674e-01
1.801513245093584814e+01 4.635543748839281164e-03 -2.466687296494540771e-01 9.793444080940058027e-01
1.809286324061449847e+01 1.061220644186868824e-02 -1.348391972820133511e-01 9.762909865700682976e-01
1.817018281193637108e+01 1.456981664216951654e-02 -1.696872456650972139e-01 9.766724683079772706e-01
1.822432425281321855e+01 -4.843471619920874417e-03 -1.887448210809097027e-01 9.766138297013050584e-01
1.827790002725614116e+01 -2.567116899650377648e-02 -2.108616376955267657e-01 9.679943046586930722e-01
1.833198467902925799e+01 -4.028420168154748376e-02 -1.118513486149355640e-01 9.625034489845638586e-01
1.838613802407369135e+01 -5.594393583139654208e-02 -1.212501430170189048e-01 9.712943095844509545e-01
1.844124283301823297e+01 -6.386830943649784986e-02 6.646845093560891857e-03 9.794329371615004831e-01
1.849655793618881816e+01 -6.528093796942734117e-02 1.134197788057830364e-01 9.906476402252560876e-01
1.855185119237622970e+01 -6.172585449470072844e-02 1.939591557153863832e-01 1.003669654382315368e+00
1.860754837063508305e+01 -5.597905614151860165e-02 2.294445946506779577e-01 1.018413956098045414e+00
1.866450188562288659e+01 -5.380716538017826095e-02 1.776914775983561290e-01 1.021082840116438017e+00
1.872145915260293947e+01 -4.922260882169256224e-02 2.196219718224161621e-01 1.035022685772125417e+00
1.877812448381650512e+01 -4.024982608084659574e-02 2.862793965870590873e-01 1.047743689301469772e+00
1.883312849015779378e+01 -2.290282863096055471e-02 4.084266385051443238e-01 1.073647601159335885e+00
1.889174463228428280e+01 -1.414998259775763177e-02 2.643123644187706511e-01 1.063824121639650455e+00
1.895133256274703726e+01 -1.246122387177459739e-02 1.668538238562044251e-01 1.053737830418751020e+00
1.901056720332108441e+01 -1.160967281288980378e-02 1.601671444079353634e-01 1.048388041685748062e+00
1.906987809671008094e+01 -1.258779375767979034e-02 1.342756448800305480e-01 1.047978927724676268e+00
1.912897743662697891e+01 -1.141605987243303130e-02 1.680189142741677355e-01 1.052329339134834729e+00
1.918797590805494480e+01 -7.806355982307163627e-03 2.023058035163949331e-01 1.058613600139743038e+00
1.924734173988602848e+01 -4.656073737701470379e-03 1.924524909675961182e-01 1.060063839938670593e+00
1.931301292566435990e+01 6.483010214534184676e-03 2.155613782560691361e-01 1.057959785154861887e+00
1.937918400132689101e+01 1.471909853008578420e-02 1.685297118280220663e-01 1.057168865310698758e+00
1.944569623128696634e+01 2.125409001846729692e-02 1.417836246699319680e-01 1.058853023292587014e+00
1.951194835941386074e+01 2.871934384867355639e-02 1.525929896968228339e-01 1.052201396665741751e+00
1.957839763284575341e+01 3.135102491277357711e-02 7.634415435494226743e-02 1.047231857072575822e+00
1.964475359334903004e+01 2.554005825654578898e-02 -4.840086297731058251e-02 1.045241001262195546e+00
1.971093573265024190e+01 1.783051593809801758e-02 -7.298188476398898006e-02 1.044044758950372742e+00
1.977722022642794286e+01 1.514823687758834816e-02 1.134237801263771007e-03 1.043544283642541481e+00
1.984334053314423585e+01 1.754571785525966751e-02 7.127855357085305377e-02 1.044226845012664828e+00
1.990967637930711120e+01 1.799088020298997975e-02 3.683172165624264138e-02 1.046168500223659814e+00
1.997607905522939120e+01 1.957725009141724273e-02 5.176399722071480664e-02 1.047428952813139746e+00
2.004226060465592241e+01 1.463594249747486413e-02 -4.740344488803666101e-02 1.039347919843901291e+00
2.010825781293821635e+01 1.442143055000606397e-02 2.434775027247505427e-02 1.040171077933470967e+00
2.017406808275335806e+01 1.324776205398803947e-02 5.417086251506612188e-03 1.032856091207490001e+00
2.023947861429121531e+01 6.181761118009067822e-03 -8.194331648392037815e-02 1.034840704220473917e+00
2.030498145524974518e+01 -1.379709762284858946e-03 -8.483041642784104608e-02 1.035896630820548170e+00
2.037069593124029510e+01 -5.084421736492283385e-03 -2.557032141158105745e-02 1.035087511294128459e+00
2.043640269661758779e+01 -6.070099854162326614e-03 1.447297833848630588e-02 1.035064502134632303e+00
2.050205769903937636e+01 -5.634917912716048277e-03 3.549778461681624142e-02 1.034604845192711231e+00
2.057862492943510446e+01 7.237298897914766060e-04 -3.608858301513896694e-02 1.026278581602198869e+00
2.065474798090384922e+01 4.361268049951679687e-03 -7.233589537326140517e-02 1.025169657807910362e+00
2.073086079797176851e+01 9.619638449098103991e-03 -4.584879934690002518e-02 1.022772481682426848e+00
2.080657738170156534e+01 1.154568453441365966e-02 -9.593053859844688502e-02 1.020659410767416508e+00
2.088170124580587128e+01 8.141279718212567074e-03 -1.731563026117065585e-01 1.026462594284188956e+00
2.095672832491851878e+01 2.914612519740585658e-03 -1.951008412159259131e-01 1.026324411723354535e+00
2.103259492961353061e+01 1.020290689401211204e-02 -6.200972782644855082e-03 1.014922546717772045e+00
2.110807989686401243e+01 1.490070714015603350e-02 -5.176703587518926425e-02 1.014712924783037762e+00
2.118277524374454757e+01 1.198260181892985866e-02 -1.661101407117788475e-01 1.017374497284990298e+00
2.125773733294998280e+01 9.969835603085017497e-03 -1.487403601369043371e-01 1.017121074945916526e+00
2.133326448153573551e+01 1.557435331935666870e-02 -3.608184433956864584e-02 1.013560573251171215e+00
2.140655724505072044e+01 7.248474620089327518e-03 -2.512340048486392807e-01 1.013954655240355551e+00
2.148067737477589745e+01 2.569398258405083003e-03 -1.884228301122772287e-01 1.009693790408671132e+00
2.155496575000722714e+01 1.634019587885117116e-03 -1.329340901855257939e-01 1.000245187165008209e+00
2.162954354013712432e+01 5.994262764410895894e-03 -5.462381106616388121e-02 1.003135489650951895e+00
2.170383032410100910e+01 7.517969694055857272e-03 -1.003015986181944041e-01 9.983255907688585173e-01
2.177742135423904202e+01 5.023898373646458124e-03 -1.614980598134537204e-01 9.985922708379181278e-01
2.185098982293296288e+01 1.694265294601585885e-03 -1.725755828554100813e-01 1.001389546122485985e+00
2.192393304028939838e+01 -5.816607866369757733e-03 -2.341202603080092537e-01 1.005151806354782407e+00
2.199771728384823177e+01 -8.276139915060310576e-03 -1.531552958555646993e-01 9.959704649182103964e-01
2.207100387434741862e+01 -1.029922347528001471e-02 -1.469142044299596994e-01 9.871850165174093084e-01
2.214380551947400022e+01 -1.304001644747559800e-02 -1.561817486229909180e-01 9.840428538477563603e-01
2.221714917739785378e+01 -7.402504055998493024e-03 -2.669135633990585982e-02 9.806738283303272352e-01
2.229024977932765950e+01 -6.600298884372570070e-03 -1.009931374168272361e-01 9.854594148167481471e-01
2.236368666062351807e+01 -1.879112682104106761e-03 -4.009377017262307635e-02 9.819550514596426805e-01
2.243673849763347050e+01 -1.667054146612428640e-03 -1.094598010290109419e-01 9.844987475163780033e-01
2.250945913647985108e+01 -3.353674754578027731e-03 -1.372116160806357843e-01 9.787077755692143999e-01
2.258224064006312659e+01 -2.507089075331756130e-03 -9.777778914454299253e-02 9.770594862101797951e-01
2.265460037005504645e+01 -4.388418644359975800e-03 -1.393757395032608482e-01 9.758839163956162244e-01
2.272729306252336556e+01 -2.380503343636085258e-03 -7.882166962663431087e-02 9.739592782737092058e-01
2.280019793019050311e+01 1.346916887719629662e-03 -5.278217007759435780e-02 9.784134534142288064e-01
2.287308117710837863e+01 2.313712190570753075e-03 -9.564893952099620678e-02 9.799339782988243375e-01
2.294642741823472676e+01 7.526706374743937465e-03 -3.172616492328211857e-02 9.840881513543748849e-01
2.301956481268428689e+01 6.587000680865497636e-03 -1.275392176964328661e-01 9.896086397316956607e-01
2.309302510228112126e+01 6.461193443161195732e-03 -1.144549511314374851e-01 9.901733194449927611e-01
2.316689274192044579e+01 1.212241988177008116e-02 -2.864795859041117596e-02 9.896216228630675404e-01
2.324086633697186244e+01 2.079297808660035898e-02 1.150996133775274329e-02 9.917770604369591236e-01
2.331486285550255388e+01 2.939142938611847763e-02 3.626951329526787154e-03 9.901552895723984005e-01
2.337412367477792685e+01 2.120443131452643196e-02 -4.567759493030499468e-02 9.872647681583650581e-01
2.343246499230737356e+01 6.161359561826792487e-03 -1.546385440039480808e-01 9.839174418757256069e-01
2.349123948276622187e+01 -8.410898568965044335e-04 -3.329943040227877765e-02 9.791082163594307941e-01
2.355002617382487529e+01 -4.855013310600894000e-03 8.891074402507604182e-03 9.823557383903236406e-01
2.360927910454669743e+01 -9.456113406407307478e-03 -2.257698099601700408e-03 9.927736905036333992e-01
2.366911664398643467e+01 -1.275221614136836691e-02 1.702441010115097325e-02 1.000336508407539959e+00
2.372938800405824011e+01 -1.799444092770649886e-02 -1.195713053730021978e-02 1.005511241492706986e+00
2.378989911706718630e+01 -2.286984538750098245e-02 -3.745089226402195659e-03 1.007424685152328525e+00
2.384981427002782439e+01 -1.763807004417346572e-02 1.500329487393820549e-01 1.012367667517815040e+00
2.390741154703967908e+01 -2.026086604556722251e-02 7.595798427546786302e-02 1.019547753932323220e+00
2.396532039429673233e+01 -2.655984495314142949e-02 2.518558166047088140e-02 1.015590740064513886e+00
2.402271699095969026e+01 -2.754915919246077316e-02 1.098007008141451135e-01 1.016478298534869262e+00
2.407974854345361493e+01 -2.433982563255102441e-02 1.733043342802658426e-01 1.023195366197107825e+00
2.413682258268080716e+01 -1.858256046494956293e-02 2.100621431709127351e-01 1.032634445973575676e+00
2.419479484702210925e+01 -1.506547492864814160e-02 1.743621992054631420e-01 1.036879155870715552e+00
2.425352655624713094e+01 -1.595995142484972137e-02 1.108624336291750001e-01 1.036446265985185855e+00
2.431266776704494248e+01 -2.360138228431757704e-02 1.648810254612422324e-02 1.035805834436489992e+00
2.437147380294588217e+01 -2.582998239433240140e-02 1.047828927815818018e-01 1.037477227408990288e+00
2.442975485004339831e+01 -2.312724080025361020e-02 1.785014963511765418e-01 1.041950636662311247e+00
2.448847466730394729e+01 -2.206793552754672538e-02 1.533822208528272946e-01 1.042694454335928667e+00
2.454658558648258904e+01 -1.724618169175130486e-02 2.124461245938367437e-01 1.045719267450037515e+00
2.460539843562060724e+01 -1.577209346599738049e-02 1.609838061964759814e-01 1.044904701421523363e+00
2.466409302374686519e+01 -1.417848722304606603e-02 1.664896950009659427e-01 1.043114518288862147e+00
2.472271971968549309e+01 -1.340538620698751397e-02 1.559661832997469855e-01 1.039380495020127970e+00
2.478083670217941403e+01 -9.348487888977156587e-03 2.059357196553152636e-01 1.046348689400805609e+00
2.484025305342595402e+01 -1.220385388333373490e-02 1.008369525050143017e-01 1.046334419134260285e+00
2.489988991844759170e+01 -1.715628454416858253e-02 7.658869202499217488e-02 1.046588101338368437e+00
2.495945063880587256e+01 -2.052223196628750329e-02 1.045332655275828249e-01 1.049252406666174808e+00
2.503280880331005420e+01 -1.003484737624708509e-02 1.143931600482484545e-01 1.045663448886185343e+00
2.510543238427645818e+01 5.044430739790995745e-03 1.838267163241265045e-01 1.048057276244589886e+00
2.517792667289362285e+01 2.118338051542369149e-02 1.944874679354860747e-01 1.046399916337551694e+00
2.525042460057727212e+01 3.549381527793123853e-02 1.624841680559204748e-01 1.036870275257254281e+00
2.532299691199614600e+01 4.747056595590840034e-02 1.224138060979294423e-01 1.036776423600609176e+00
2.539592151514932894e+01 4.852075180138835930e-02 -4.524283584700990873e-02 1.036069786565837481e+00
2.546782072754269777e+01 3.974503373273689799e-02 -1.901804261585569589e-01 1.039766978747150183e+00
2.554035466733842341e+01 3.429742570020230530e-02 -1.373866452593328347e-01 1.038013320677792395e+00
2.561254808946095451e+01 2.830883087399128570e-02 -1.501216016152261135e-01 1.032451531583649329e+00
2.568409968588291292e+01 1.921803053508124373e-02 -1.972052805021861366e-01 1.035356524319871241e+00
2.575629114463784575e+01 1.316196608838493542e-02 -1.489759525325778378e-01 1.035479167952308543e+00
2.582886155021416386e+01 1.117800848196380363e-02 -8.980214036345285367e-02 1.031903665318520513e+00
2.590116613207127116e+01 1.246633178341135378e-02 -4.469991613487613730e-02 1.020742520438945977e+00
2.597299044901086518e+01 1.724031959488362201e-02 3.214956178340526959e-03 1.015152272355851926e+00
2.604460045628832532e+01 2.008007634366710745e-02 -3.053798638648277247e-02 1.015186083897666514e+00
2.611515608821210321e+01 1.351656359312234865e-02 -1.735269087780292041e-01 1.014038037013589078e+00
2.618508896782590156e+01 3.330143182253029327e-03 -2.241905704127294952e-01 1.016092549508547993e+00
2.625631198423206314e+01 3.102380408227252851e-03 -7.119922778752614534e-02 1.009419734460238249e+00
2.632732466080799227e+01 3.738213211946713431e-03 -6.220717743231370112e-02 1.006044451992450073e+00
2.639800339303057086e+01 2.176955994895539599e-03 -9.596600482254427633e-02 1.004780230553053100e+00
2.646884658840784965e+01 3.253881579177508171e-03 -5.580250265424216427e-02 1.004962343092457022e+00
2.653924157897289149e+01 -1.387979730369515424e-03 -1.423429164133866442e-01 1.008715504145984987e+00
2.661033150398998615e+01 2.107266995167782978e-04 -4.535746885129005729e-02 1.008092369380497511e+00
2.668136816422794766e+01 -3.682285812255761443e-04 -8.011715305754515959e-02 1.010594160843889755e+00
2.675251836529889360e+01 -4.546535098820861094e-04 -7.188630732278651625e-02 1.010269619865453050e+00
2.682289079877389071e+01 -6.349390109963472251e-03 -1.588507618290025125e-01 1.007700939781114524e+00
2.689376721126227920e+01 -4.863464838287162410e-03 -4.466310019009419457e-02 1.002922654783021894e+00
2.696422165802527005e+01 -6.558151289387131357e-03 -9.440162818702294012e-02 1.000797303056386367e+00
2.703465971236992260e+01 -7.443544381449718021e-03 -8.011427637059319318e-02 9.998826666390652207e-01
2.710783461483032397e+01 -5.122606353586628761e-03 -6.878019912625521481e-02 1.002133927245657530e+00
2.718097384141056239e+01 -2.901191003544984631e-03 -6.920879955164727093e-02 9.988646121840326630e-01
2.725388171664971892e+01 -3.550899889425981806e-03 -1.112470255188891116e-01 1.002912507198841174e+00
2.732705632300488929e+01 -3.276486210179351249e-03 -9.456784720349427353e-02 1.003492730006062317e+00
2.740042865869334676e+01 5.091964149496586807e-04 -4.124107031065190471e-02 1.001585255484142234e+00
2.747309618546833931e+01 -3.311474190941571163e-03 -1.561522826134023878e-01 1.005695609317387884e+00
2.754591714787520473e+01 -8.588135944111487119e-03 -1.721671564901736673e-01 1.011122891385961342e+00
2.761929681163467976e+01 -1.022924071260238911e-02 -1.130924482164630679e-01 1.005977055526551922e+00
2.769262920428395702e+01 -3.586564949281463317e-03 1.149893114764695586e-02 9.970379573634163828e-01
2.776529228279391148e+01 -3.750048459453356187e-03 -9.333724704742159262e-02 9.943025562560340314e-01
2.783801778393526405e+01 1.026117490567358004e-03 -1.671044812280819344e-02 9.900230359992276963e-01
2.791055477719143241e+01 5.471521671456825928e-03 -2.408630535519461213e-02 9.884433176343072613e-01
2.798280138031097408e+01 6.358241934816382876e-03 -7.971478194171539855e-02 9.874678563484555749e-01
2.805513873392103719e+01 6.827679010845156063e-03 -8.642148697104209965e-02 9.921059679539676601e-01
2.812773182841272401e+01 1.053966354772886693e-02 -3.860929661770968330e-02 9.892550268761107768e-01
2.819972515756072795e+01 8.270843745234597935e-03 -1.317880417426141870e-01 9.905001449598257457e-01
2.827155556073103782e+01 6.215914975667395301e-03 -1.279555161650984541e-01 9.829502371724551102e-01
2.834337336074052160e+01 8.676256857164679759e-03 -6.033165055037858354e-02 9.775751478338011724e-01
2.841449800208843257e+01 6.003504414130983631e-03 -1.404872962201792197e-01 9.782922601160508602e-01
2.847619050324961520e+01 8.815280511535908241e-04 -3.232426289687822391e-02 9.730000352680571174e-01
2.853781424602345851e+01 -1.611614494643396050e-03 5.713971670177849828e-03 9.744752333160995317e-01
2.859954648527903487e+01 -7.221347520800500304e-03 -4.284143635692916341e-02 9.779196350055719966e-01
2.866154970571684402e+01 -1.021555382037919908e-02 -2.367999105775220586e-03 9.809203189779351906e-01
2.872391687172747154e+01 -1.473268006870295972e-02 -2.468923770834324793e-02 9.892395086334834220e-01
2.878669182786913439e+01 -1.865562066977534406e-02 -1.316557087567656048e-02 9.927883998275606192e-01
2.884939817861620881e+01 -1.635609356362710889e-02 8.267645578884601221e-02 9.946365331183706360e-01
2.891242861826129484e+01 -1.526157124381483272e-02 6.347743036124788019e-02 9.991924066347462885e-01
2.897560985607134043e+01 -1.471720499610881285e-02 5.613916988369770100e-02 9.982680282128153504e-01
2.903872604061100304e+01 -1.221431649895277777e-02 8.635725220211483422e-02 1.001589347230170901e+00
2.910199251078006810e+01 -1.047516342363571419e-02 7.420767044902112919e-02 1.000889964432679191e+00
2.916519386082510579e+01 -8.026882284804857590e-03 8.527943364512316493e-02 1.001366311638285156e+00
2.922865499043512472e+01 -5.837649044146571257e-03 8.067838891695960912e-02 1.007930083768945551e+00
2.929236342291441275e+01 -3.440431754292323785e-03 8.292217359443618263e-02 1.009206005429652553e+00
2.935642749181095823e+01 -2.595198202934634324e-03 5.855067379760416080e-02 1.015164508904110585e+00
2.942062678640620632e+01 -1.112287521184732143e-04 8.230449387160382324e-02 1.016615930965882209e+00
2.948495495593580529e+01 9.310451919104435108e-04 5.862076482430131352e-02 1.015763094492352803e+00
2.954916194436952992e+01 1.375248967548783419e-03 4.958731757785356936e-02 1.011888477942765485e+00
2.961291021906942333e+01 4.061964448524423704e-03 8.258837985165742857e-02 1.006447084684036097e+00
2.967684462052299210e+01 1.474061787257629347e-03 1.724680590152674045e-03 1.010882559774130218e+00
2.974073096316634235e+01 -4.706078415833975584e-03 -4.928067398917637676e-02 1.006912164621617256e+00
2.980433716328895599e+01 -3.454504713696685686e-03 6.487839940378282988e-02 1.005268648322085179e+00
2.986807034541445205e+01 -4.450071513662032935e-03 2.953819441740037147e-02 1.006584958160078758e+00
2.993186270341823985e+01 -5.327152773628114624e-03 3.298003028785029961e-02 1.007125802389118530e+00
2.999558318227571618e+01 -1.193815458876778743e-02 -5.090526673246135309e-02 1.006153060754838346e+00
3.005927076398858233e+01 -1.331301177231483668e-02 3.297302909356687045e-02 1.004906610911713294e+00
3.012214405818479079e+01 -8.044441077980466967e-03 1.335487557863838659e-01 9.986539360492185935e-01
3.018521371719423030e+01 -6.104841628124185217e-03 8.193129668901494300e-02 9.994554671212345642e-01
3.024835922902052943e+01 -5.316877468881596111e-03 6.579021475221379089e-02 9.982196377766433537e-01
3.029774979157059178e+01 -8.098121604866953191e-03 1.952544982964936893e-01 9.998308018759470839e-01
3.034669398178522215e+01 -7.413812095033688911e-03 2.429543562144021174e-01 1.005623972656104259e+00
3.039630147229046742e+01 -7.883420186311728556e-03 2.200683281900140398e-01 1.009615442228451787e+00
3.044621058827783244e+01 -8.773734355813222682e-03 2.113107846480067609e-01 1.010760592339361663e+00
3.049650707218252421e+01 -9.320356923044798708e-03 2.136723634015348372e-01 1.022399968812354620e+00
3.054820960797108143e+01 -1.610807940419108422e-02 1.179646475020318663e-01 1.021075663946944267e+00
3.059855505730462610e+01 -1.543142297071965936e-02 2.349240698879914990e-01 1.023543851473830202e+00
3.064949048685420507e+01 -1.622601083349585471e-02 2.088866086436343417e-01 1.027594381308699623e+00
3.070067655082890212e+01 -1.633419589699269120e-02 2.195713754014004537e-01 1.035640626958552746e+00
3.075124759559018273e+01 -1.118135574785750902e-02 2.967694000991451531e-01 1.050822456664011417e+00
3.080328906072591977e+01 -9.100289297321567661e-03 2.434011606326581256e-01 1.052496202057884522e+00
3.085586637698980539e+01 -9.133491338155006259e-03 2.132679099324349126e-01 1.051442861840684584e+00
3.090695168525641989e+01 -3.118403491251568564e-03 3.051876115684236668e-01 1.056488753645769441e+00
3.095873406818477847e+01 2.042811851564449010e-03 2.839811182362732001e-01 1.061811358610216027e+00
3.101219923059945671e+01 -5.290333851217629731e-04 1.677410275511455884e-01 1.052560819080035293e+00
3.106594936601196011e+01 -6.574327340774991160e-03 1.229849185088420366e-01 1.053510748497059391e+00
3.111921376818857965e+01 -8.165321409243581421e-03 1.924136817304868685e-01 1.060660253433967748e+00
3.117319637147429034e+01 -1.210244379188705338e-02 1.554160529876488228e-01 1.062603697998954155e+00
3.122548828431341050e+01 -6.726870542638947043e-03 2.962022104191377458e-01 1.076365259043381206e+00
3.127898894982219602e+01 -4.768846273834112699e-03 2.359983487545329883e-01 1.068824256940412054e+00
3.133190759140196135e+01 -1.876227992900907169e-03 2.541274458811755843e-01 1.065977785212862017e+00
3.138583501280053767e+01 -5.527177120580467791e-03 1.573637900064280837e-01 1.058062810512252927e+00
3.143942512435279113e+01 -6.643569899505407869e-03 2.005336486077939351e-01 1.069776882676062302e+00
3.149276826886817560e+01 -4.537955246543756531e-03 2.456030709149632230e-01 1.072800301968187764e+00
3.154672031255796227e+01 -5.550095694132453454e-03 1.974040662850766736e-01 1.066817951013324883e+00
3.160010113944148813e+01 -3.691408369758066368e-03 2.428829858907790851e-01 1.075416435913514102e+00
3.165363212260953674e+01 -1.392432988060308139e-03 2.461165445061919976e-01 1.074242645476417346e+00
3.170686938078724282e+01 2.758828392066388097e-03 2.721492824713473424e-01 1.080845197070842367e+00
3.176086922574004845e+01 4.753784466899335648e-03 2.364558601565807106e-01 1.079213548420185909e+00
3.181411748130039641e+01 9.119651102053998384e-03 2.728150916139005511e-01 1.076399937267585427e+00
3.186831152017980173e+01 8.139539403995884811e-03 1.906175610038537971e-01 1.068750803556890894e+00
3.192306896824424101e+01 9.257178633056178029e-04 1.042141625903141161e-01 1.063958707182421692e+00
3.197708561546739503e+01 -2.013080159104934947e-03 1.732109883569833975e-01 1.065466345122504599e+00
3.203123786796226824e+01 -5.305194844174024142e-03 1.659120765684865273e-01 1.066230403417731676e+00
3.208527387155726984e+01 -7.653677731721876022e-03 1.821195398162964163e-01 1.067831268697785774e+00
3.213946802813478598e+01 -1.059424277326594284e-02 1.748685212565197211e-01 1.068559347184685260e+00
3.219309067264865831e+01 -9.678640147998938265e-03 2.341736089840596724e-01 1.076181215219760734e+00
3.224584106951351714e+01 -3.674251518910238903e-03 3.062122067699390437e-01 1.084555501366460062e+00
3.229970151688429070e+01 -1.358984500585625615e-03 2.459490730128706115e-01 1.077288230134412883e+00
3.235349540316470041e+01 9.949900339595618194e-05 2.373337421906317468e-01 1.075867167334878083e+00
3.240688726269159758e+01 3.201211448840029627e-03 2.617282316041730783e-01 1.077644347125193525e+00
3.246195287052137246e+01 -2.474877864382468706e-03 1.308185648792920541e-01 1.073348940842867583e+00
3.251587028718374484e+01 -2.165426808397458158e-03 2.274813856161588543e-01 1.076525856317860130e+00
3.257069664822612509e+01 -5.285932185207675715e-03 1.713200932357104300e-01 1.078921598153428807e+00
3.262487357788216258e+01 -3.255095817352861558e-03 2.498603331842781383e-01 1.090812517517724789e+00
3.267986574364021379e+01 -3.953372799623718070e-03 2.044680960908543954e-01 1.083878782073149027e+00
3.273479049949196451e+01 -4.292636952557278562e-03 2.128079309258315011e-01 1.091049358181758189e+00
3.278974933018462679e+01 -4.140598069049828897e-03 2.195526031703213254e-01 1.088371183193401537e+00
3.284439492808905925e+01 -3.338952377398458904e-03 2.297996189900163022e-01 1.086557555482263071e+00
3.289929047528564610e+01 -4.011353477393402207e-03 2.083217331387753057e-01 1.086200223972799472e+00
3.295298626915099049e+01 8.222389563495934679e-04 2.908135228766541291e-01 1.093325023242132765e+00
3.300696998725467779e+01 6.156666671295542466e-03 2.897297841527499140e-01 1.096998640683531923e+00
3.306138318984668700e+01 1.014301471031637571e-02 2.669427826369844547e-01 1.092997158325236251e+00
3.311668622553747099e+01 9.883218484678626264e-03 2.039914087570844081e-01 1.091655071833618207e+00
3.317118406711490053e+01 1.319162966911217004e-02 2.584071097515389659e-01 1.093342867392471218e+00
3.322699584020181618e+01 8.722428344509000273e-03 1.395742218444787353e-01 1.082945359231894500e+00
3.328194827780537679e+01 7.607739325429173707e-03 1.956672657745797406e-01 1.084101072147316991e+00
3.333758214987186363e+01 3.064382800320879056e-03 1.415541613490768902e-01 1.085172232986260754e+00
3.339389100506296870e+01 -8.562118485528057502e-03 4.393874502807521010e-02 1.083568592108242967e+00
