1.412543705303744568e-01 1.116806113429262975e-01 -1.240762211986691510e-01
2.150026665870783116e-01 1.241645545043254528e-01 -6.043441027969473911e-01
3.085074546398117734e-01 6.842672743738976993e-02 -7.692994420554726265e-01
3.733743452137965324e-01 3.371283627921574377e-02 -4.104105522553221364e-01
4.592390753843325069e-01 5.081056777229740751e-02 -1.147271300128719917e-01
5.636337698224301862e-01 5.620171697869680294e-02 -1.260362484804000011e-02
6.061651011844050307e-01 8.720133151276138195e-02 -4.311745985871091869e-03
6.396554832072459673e-01 6.120842844295222573e-02 -8.334421336176409123e-02
7.323705795005219787e-01 9.205515182061682622e-02 -5.326542749783905184e-02
8.260045112711604798e-01 5.113484701863627024e-02 -1.398302152920982699e-01
9.024990763514795233e-01 9.298978308393343606e-02 -1.366457958103702297e-01
9.466466618999244131e-01 7.242412160875782989e-02 -2.733905765998231874e-01
9.752783030883800386e-01 2.088722055833013361e-02 -2.691280650405666885e-01
1.024437884458912373e+00 -2.640743223362746611e-02 -1.583284140273118479e-01
1.093499018546274959e+00 -6.601036211888681310e-03 4.958536408474099877e-02
1.164379979970636025e+00 -2.066076545680058107e-02 7.746312219299393564e-02
1.225491932479354729e+00 -1.526182424556898898e-02 1.086364929407839519e-01
1.319395809385286888e+00 -6.556671517419013218e-02 1.574297897039851069e-01
1.386105473154307433e+00 -7.734447674597746958e-02 2.944221546454303673e-01
1.434278744328027599e+00 -5.834813121964470273e-02 3.723524434803037741e-01
1.476159745959340741e+00 -4.169555515568001969e-02 3.727531594915787228e-01
1.529845422280034617e+00 -4.438539912763838496e-02 3.028997928060532252e-01
1.634483544089493368e+00 -4.411737909950384090e-02 3.339881019211259350e-01
1.724541966051146069e+00 -7.216318622351023358e-03 3.473376391483203873e-01
1.786535761805705835e+00 1.995426135837714138e-03 3.078217479483994490e-01
1.821696591508040974e+00 1.977014915625344149e-02 1.757467214808843270e-01
1.899709147149306165e+00 2.959921718092613056e-03 5.280339224862178049e-02
1.952142003833964745e+00 -3.094865610987627708e-03 4.506100551611678245e-02
2.035771093671202792e+00 1.852095377299575740e-02 6.148186320558692713e-02
2.055732830552160273e+00 3.864672908139420160e-02 -7.811486705296978236e-03
2.123395913485854436e+00 7.601581632441770445e-03 -2.191960326277324345e-02
2.191590624366178019e+00 -7.666598275884665969e-03 -8.379036955216032437e-03
2.295500105127977974e+00 4.845228126626459353e-03 -1.985519168551410155e-02
2.337316372190674230e+00 3.958260183903498930e-02 -1.143192910089964320e-01
2.404357857594228154e+00 1.378096161910797104e-02 -1.314186910692373422e-01
2.512102868275209566e+00 4.088839718563508363e-02 -1.092445389277687945e-01
2.566091863714905941e+00 4.832472489360447113e-03 -1.673576659182349491e-01
2.617217522227485826e+00 -9.903724025991669788e-03 7.644745336452095016e-03
2.678993377639861340e+00 -4.364493669651678398e-02 1.219074270483930661e-01
2.756538414621712008e+00 -3.853770285982250493e-02 2.325877140330695758e-01
2.838516073413872576e+00 -1.797447005953381471e-02 2.778763542263382735e-01
2.886980814559143127e+00 -8.546176438411670628e-02 2.736288436047918937e-01
2.985301320677489656e+00 -1.890374091522908223e-02 3.732079205207780581e-01
3.050137888878851733e+00 -3.430857252624575082e-02 3.729866500196581391e-01
3.103134198047700298e+00 -4.671419629801981666e-02 3.772327006481416833e-01
3.168785055378017024e+00 2.359017031382772481e-02 3.525026499964660776e-01
3.231266876732327376e+00 -3.794706756280327026e-02 2.584138446747588080e-01
3.289163511662290595e+00 -3.000834492828398370e-02 3.375309087897427340e-01
3.378755311013978524e+00 -1.795126802161762722e-02 3.022977649063929295e-01
3.418501074094928427e+00 3.579950346466052175e-02 2.534133790709286460e-01
3.479772777157624564e+00 -7.544282294526197946e-03 8.482011210703610526e-02
3.533881471306397071e+00 1.893008213162424187e-03 1.578149836787713090e-01
3.594667040234407196e+00 1.783311884827231200e-02 1.485517162872566632e-01
3.685997877524297195e+00 2.399838542964228758e-02 5.081374581573713800e-02
3.702134778292536232e+00 1.353263867960162112e-02 1.188260652599952734e-02
3.809349425878711060e+00 -2.916025584253837538e-02 3.742456925684679858e-02
3.869351927730231733e+00 1.877384876098218275e-02 1.946689990593730157e-01
3.938113921427771391e+00 -4.696340827935041595e-02 1.260968608895433607e-01
4.004863934735640285e+00 -2.777618618593194477e-02 2.821475671928980189e-01
4.093061292159572595e+00 -4.697334483991124493e-02 3.477464610578840931e-01
4.182389627338587879e+00 -2.540064115476470263e-02 4.238899942495917283e-01
4.239856530809984925e+00 1.657542850767625142e-02 3.911418885341548246e-01
4.329456068602375751e+00 3.317690136085935104e-02 2.273364034508280618e-01
4.392496690866945386e+00 5.438105572353073291e-02 1.029903000225109583e-01
4.469805601329335687e+00 4.125927501390294627e-02 -1.078392576838606287e-02
4.546564785945771625e+00 4.044090636931577804e-02 -3.342680126836777843e-02
4.665930044541010346e+00 3.232763838244827326e-02 -7.420235975180032584e-02
4.733827230284775922e+00 3.343999141657853780e-02 -1.031305844797235638e-01
4.825644304818776931e+00 7.046308810978144099e-02 -2.579984648894420585e-01
4.901826991702538550e+00 4.323791932444762814e-02 -4.298726641382611957e-01
4.959753476726678656e+00 4.266467213245510315e-02 -3.484617328884273557e-01
5.042193611671216047e+00 -4.070295503869943848e-03 -2.914804106167787623e-01
5.117800717922008857e+00 1.607338846726430806e-02 -2.408740708652238327e-01
5.200051532513084496e+00 1.821215617735927675e-03 -2.406102022705716714e-01
5.281753330137954450e+00 2.245034920102072923e-02 -1.820064526781930980e-01
5.356826421718250408e+00 2.538126646388067648e-02 -1.945915091977779288e-01
5.423795617041273331e+00 -1.326521413314539488e-03 -2.256371517564801088e-01
5.529035086316583580e+00 -2.490620588327280976e-02 -4.545672786670427734e-01
5.569973255596215367e+00 -2.321290849316368782e-02 -9.447906916664162991e-02
5.632899276784296916e+00 3.926511724474253742e-03 4.450388142994312485e-02
5.708697307051177283e+00 5.519367347825823722e-02 3.474245458829967881e-03
5.790152340220918070e+00 4.784377005033985109e-02 -1.776917350345863511e-01
5.898201610757690005e+00 2.437684160324637278e-02 -2.285904169959561139e-01
5.956419099205287893e+00 5.070815790456730671e-02 -1.668615180458259684e-01
6.038786088971077604e+00 3.063876626722186053e-02 -1.859917681383062849e-01
6.106564720106196553e+00 3.336200387021978631e-02 -1.736969617950857581e-01
6.200161852160537279e+00 2.151276173168278211e-02 -2.107113545240671681e-01
6.267002454380761201e+00 -2.969556306212016786e-02 -1.466640489547912929e-01
6.334955248172566833e+00 2.949706405375268625e-02 -1.059694784225535119e-03
6.445651515257234010e+00 4.985589925639720421e-02 -1.565472164032967184e-01
6.532556142132272647e+00 6.393537113805254635e-03 -2.598511218144196055e-01
6.579498360523645673e+00 1.205443218487062089e-02 -1.283866045580211168e-01
6.647622776855869553e+00 1.660742566046758198e-02 -1.200651654769538390e-01
6.765793580104721983e+00 -1.448564743000182314e-02 -2.067308900292336160e-01
6.851364763982558337e+00 -2.997443767939272224e-02 -1.970755407964759898e-01
6.916160755512282599e+00 2.061626753252296385e-02 -1.140879928315555319e-01
7.011558982643119720e+00 2.728096514396860170e-02 -1.875934562010504736e-01
7.098886690935338528e+00 4.031959084105821156e-02 -2.900532981590556170e-01
7.156429514410221238e+00 -1.705525365692905915e-03 -3.623971908659938124e-01
7.223929534451502654e+00 4.968331504246534594e-03 -3.037500796502487499e-01
7.307900260974297346e+00 1.487952348271722944e-02 -2.679684405576692741e-01
7.431454332586036493e+00 -2.133387713140057554e-02 -2.943704849693924430e-01
7.507065460785203648e+00 3.166610283624169547e-03 -1.975152722972543240e-01
7.572950856748652981e+00 1.730309367777299601e-02 -2.165459074486138225e-01
7.659751574654042550e+00 1.245756259021449895e-03 -2.553678482576467457e-01
7.746698870552945593e+00 -1.352128757715426524e-02 -2.342130188663444357e-01
7.796352665661199666e+00 2.158569659577124975e-02 -8.435465766190869408e-02
7.910010461607488885e+00 -4.090509196960868954e-02 -1.965810285153959114e-01
7.955279140036924268e+00 3.866057463042665843e-03 -3.044759615993798685e-02
8.012654836996114582e+00 -1.304773844083654405e-02 -1.636723007337266556e-01
8.102391123531202055e+00 -2.703749920715577473e-02 -2.005114241920599449e-01
8.249093432096865186e+00 -1.301994555892721332e-02 -1.570914788200273304e-01
8.268903257551608377e+00 -1.097592429936617223e-03 -1.595125798840801301e-01
8.322150124019870532e+00 -6.893247000860094897e-03 -2.128823685941414467e-01
8.440266500189677501e+00 -1.785294090117988536e-02 -2.306040867139981798e-01
8.515243474854335304e+00 -3.096140842737711563e-02 -1.579488804650995559e-01
8.620950969607818593e+00 -3.834638698179675120e-02 -8.063037636196845881e-02
8.687410811995560422e+00 4.871361138017013884e-03 -5.042742555397160265e-02
8.765611303957252076e+00 1.632642945347236724e-02 -1.234509826706337299e-01
8.876260067197245363e+00 -3.222326292179875790e-02 -2.437606305758612535e-01
8.947235548964760810e+00 7.857284181699217274e-03 -8.617681381073212521e-02
8.998199196031078984e+00 -1.362457426259255228e-02 -1.891492605777072566e-01
9.023904335877599436e+00 -3.638387221562300322e-02 -1.682510501034578110e-01
9.090292985614379262e+00 -4.492161265047475704e-02 -8.351033974023305828e-02
9.154737217885461575e+00 -6.471794202738530288e-02 3.895292082220062208e-02
9.199633153333163449e+00 -5.106385406865289467e-02 1.174887310661003464e-01
9.277412737941833853e+00 -5.318600250158414533e-02 1.280162402976654790e-01
9.323809038113822112e+00 -3.451057803961360415e-02 1.403967102818765578e-01
9.399881981642721485e+00 -5.958639986139398909e-02 1.165558656120719017e-01
9.455400362204185782e+00 -5.382357792747217984e-02 2.076329967511317265e-01
9.499200185443912758e+00 -3.258134290090078378e-02 2.703290214749280995e-01
9.554216062156259071e+00 -1.385439446016226671e-02 2.305388948119505843e-01
9.596786350248359909e+00 -3.163847955994292943e-02 1.847192343220249444e-01
9.683481017348109177e+00 6.034973735728529215e-03 1.669868849064839456e-01
9.741330702457576152e+00 -3.938393945274432095e-02 1.663964455043687729e-01
9.847743040776920864e+00 -3.823800100702531846e-02 3.408517968050055469e-01
9.878937125889436288e+00 -6.992605453120234738e-03 4.287758947157237488e-01
9.965166102002527282e+00 -3.034464022077730527e-02 3.573728758916255299e-01
1.002191045687325044e+01 -1.311502137322870937e-02 3.804425998462356295e-01
1.008784700606065243e+01 -1.969801402776211879e-02 3.021361100107929909e-01
1.012529835868737216e+01 -2.150039462544171137e-02 2.805251824004096339e-01
1.020542299723911484e+01 -1.392506739386542396e-02 3.042026484351524895e-01
1.025969726580684593e+01 -1.764773309586851677e-02 3.120371944757510674e-01
1.031502550233581061e+01 1.090663214725319519e-02 2.793714599632559636e-01
1.038435972641198823e+01 9.288665263581633719e-03 1.656032288059428592e-01
1.048260208788389392e+01 -5.279067774829455939e-02 1.386579711395143910e-01
1.052404222924754507e+01 -1.864124065548016657e-02 3.524699710334928127e-01
1.055830649995009018e+01 3.717445967545891707e-03 9.663865505612936890e-02
1.063888200256419481e+01 2.138524343146399470e-02 3.161173798605910329e-02
1.067344411328093301e+01 4.457014108818272563e-03 -3.158175724691428266e-02
1.072362248236556148e+01 2.439936110001263841e-02 2.013889084779227345e-02
1.083358524358939867e+01 1.678118159932705678e-03 -3.053199822067572539e-02
1.089778392977603616e+01 -1.002005526083998149e-02 -1.191411377847727618e-02
1.095097234462094526e+01 2.302327503006186028e-03 1.017852398006805770e-01
1.097905880996201944e+01 8.396152649700488330e-03 8.247750650040182319e-02
1.103964476487327495e+01 4.169114234634635312e-03 1.637628188603862736e-02
1.111166580217295596e+01 1.213017094981416917e-02 4.482441972167888755e-02
1.112950481464968533e+01 -1.376855624992620250e-02 3.477285049436152492e-02
1.120913189044588698e+01 -2.687262934707304596e-02 8.203967367391312715e-02
1.124617692996641161e+01 8.093496675658692560e-03 9.443827841514657040e-02
1.127847158142006201e+01 -1.004658490708066308e-02 -3.371939402543080999e-02
1.137237569935318859e+01 1.608131297042943858e-02 3.395145397703766554e-01
1.145722403419209812e+01 7.395902500563497628e-02 2.599469957918074670e-01
1.153374420966367353e+01 6.706464141065870965e-02 1.239000098995283738e-01
1.163435386471155653e+01 7.179554908573397565e-02 6.022760219245801294e-02
1.166179977977198057e+01 7.314300724579531066e-02 -4.066663835603888388e-02
1.174523704956744474e+01 5.564134582331133755e-02 -1.341484188808902134e-01
1.183006910298866110e+01 8.733521544148102611e-02 -1.415057290313335159e-01
1.190491196415168318e+01 4.219407115716812540e-02 -2.543505770407145095e-01
1.197396972924697067e+01 4.898267793946818605e-02 -2.088946117347253995e-01
1.203323869736696494e+01 8.375331907348511351e-02 -2.389940340238755345e-01
1.206708137888225707e+01 2.453922415551251096e-02 -3.738033661108084438e-01
1.214395408016341982e+01 -2.355287526631061421e-04 -3.905199474061777920e-01
1.217311738429235213e+01 -3.698228426822356557e-02 -2.070458046370362848e-01
1.227351081155094015e+01 -4.556287778554546364e-02 -7.189870725017745434e-02
1.232565366023580822e+01 -4.627395295238285328e-02 7.762489359209891193e-02
1.237812662671110964e+01 -4.814040061850180519e-02 8.041141698537655758e-02
1.244748579573357183e+01 -5.792783436174357703e-02 1.762472171978022306e-01
1.251839978346825077e+01 -3.135049529233662619e-02 2.324425643857755408e-01
1.257248386667261286e+01 -3.923689680659075973e-02 5.719362527918428474e-02
1.264466288823718543e+01 -3.544037204686572434e-02 3.002270204407979648e-01
1.271089699588490873e+01 -3.383524016669146872e-02 3.409074758361930191e-01
1.278422679254972927e+01 -2.787490402942000012e-02 3.411436501390083254e-01
1.289267964769498498e+01 -1.545035643425230962e-02 3.529077152879165347e-01
1.293698498171841393e+01 -3.774307290246602109e-03 3.124094787097789760e-01
1.299764971779348777e+01 1.772524002226347293e-03 1.655450151636277123e-01
1.308633970661311885e+01 -3.770106647193215144e-02 1.359692775696368927e-01
1.313003319019510329e+01 1.495463452135777256e-02 1.712732017619545966e-01
1.319184899027162317e+01 -2.819026091185532733e-03 9.267542139975090687e-02
1.326224773775600951e+01 1.304677393148933294e-03 6.687680970504021605e-02
1.328419024877640631e+01 1.235083609106307767e-02 8.779947263729945273e-02
1.337293003231803468e+01 5.707696518878339551e-03 3.237383866418081652e-02
1.342961439474220242e+01 -1.511196676303389400e-04 6.342257679639237700e-02
1.348730583772695191e+01 1.186708412846325562e-02 -2.798903678168090936e-02
1.355525853635475997e+01 -4.730694660036534674e-03 -7.907986510482330200e-02
1.362200751914894958e+01 -2.494021444283044814e-02 -7.413234990495237708e-02
1.369731989011157935e+01 2.133817320726948130e-03 -4.037204435699877358e-02
1.376078602286226449e+01 -1.606537831613933515e-02 -2.539316309288867923e-02
1.380221021328741138e+01 2.478357013391753461e-03 6.419624512521208970e-02
1.387699394862528379e+01 -3.974205860157402348e-02 1.058850220379593254e-01
1.391121434007277458e+01 1.870507517378021921e-03 1.422770064469569828e-01
1.399317259393265722e+01 2.617598416520127216e-02 6.527060915428856136e-02
1.402321256657396020e+01 2.863239639206999199e-02 -1.475071307166709103e-02
1.411091557251895878e+01 2.294137736670370797e-02 -1.549241298462663077e-02
1.414204860633801530e+01 3.819584399074000408e-03 -3.356247018889472328e-02
1.418153481699986251e+01 1.755441165053418795e-02 -2.482360960197125752e-02
1.428924494865825245e+01 2.121606416591302960e-02 1.232001256313343812e-01
1.441386184214097810e+01 6.246476417611260268e-02 3.913426943359708116e-02
1.447411706485862304e+01 6.653623008314797638e-02 -9.144767321146053674e-02
1.455915727254849124e+01 7.268179163457608172e-02 -1.659060778698745742e-01
1.462338613983360780e+01 6.802430730363684397e-02 -2.071701299133850982e-01
1.475118126721273626e+01 8.350802315635817707e-02 -1.983483166747714577e-01
1.476600894146430498e+01 4.552973855390718416e-02 -2.336931954572415149e-01
1.487282911435056576e+01 5.239628510801790789e-02 -1.117499474615903932e-01
1.493443848283686926e+01 3.945152203180214007e-02 -1.447199236472819506e-01
1.502586973765209777e+01 4.379110669559906771e-02 -1.641758000275192475e-01
1.509305107554772540e+01 3.012505170603343649e-02 -1.908705398671661224e-01
1.515656602726888025e+01 3.148541261259181490e-02 -1.559217821709661111e-01
1.523301423264375742e+01 3.813155960509058418e-02 -1.962493304310513054e-01
1.531020796801498918e+01 7.338929698069139931e-03 -2.500820512874722956e-01
1.540740262202916888e+01 3.087825171148898123e-02 -1.660384352508995076e-01
1.543830033227593290e+01 -3.698686670929432485e-02 -2.041665714563915823e-01
1.556342279081045454e+01 3.482076963559811028e-02 -1.099083391469901083e-01
1.560217608649651311e+01 -3.537091359951670920e-03 -2.365185890339535080e-01
1.563784218961747818e+01 7.987668720127944974e-03 -2.263969100875937168e-01
1.572359539221023184e+01 -3.550526436234421185e-02 -2.194855809906018640e-01
1.581196032615033964e+01 -2.591231853033982777e-02 -7.179890138950337231e-02
1.590122945620781358e+01 -6.401671099663053255e-02 -4.513962592869440876e-02
1.595009484601369643e+01 -2.294174617411597755e-02 9.757795195856705517e-02
1.602276198964005971e+01 -4.542078071282659724e-02 4.632030318510643729e-02
1.612960511738680935e+01 -3.750090304983394462e-02 6.131427295675845324e-02
1.619958609958143114e+01 -9.054532895358357453e-03 1.175259891668050949e-01
1.626505651305410538e+01 1.028635836663907739e-02 2.630650129537846771e-02
1.631098581832298322e+01 -3.432077599051113793e-03 -7.338591816198561379e-02
1.639723191843890149e+01 -5.119660364971549346e-03 -1.998538735136342476e-02
1.648353103170949296e+01 1.683019417210443458e-02 -2.807773602635496579e-02
1.653496677373902557e+01 1.008838502992475891e-02 -2.403888735661980497e-02
1.658306513793952419e+01 -1.819434978857965152e-02 -5.351044879422296036e-02
1.667226788449056230e+01 -2.350837866945461666e-02 5.141263936763888071e-02
1.675827082458794237e+01 6.614624380943397858e-03 1.599267297524706311e-01
1.684269282212183683e+01 -3.872278466370632222e-02 1.184286448546135739e-01
1.693499367256190169e+01 3.905655145999543942e-02 1.872089577429961738e-01
1.700906804106254810e+01 3.436312013100351753e-02 -4.716605882474904365e-02
1.709607871349049546e+01 3.107505093001070376e-02 -1.400155137007998984e-01
1.716266079115197840e+01 1.202320974780759708e-02 -1.834779322966854087e-01
1.723354647318266331e+01 5.455222618461394446e-02 -1.551651107715702749e-01
1.728834541731844610e+01 -2.978008584530542763e-02 -3.188944384723859105e-01
1.740075381138580468e+01 3.488997637352625469e-02 -8.029703276743935247e-02
1.745853521598670355e+01 7.926402832319834335e-02 -2.155800502171700550e-01
1.755213441886340320e+01 6.125374825079736574e-03 -3.885204941135436685e-01
1.764027439979898659e+01 2.077702469677253361e-02 -2.778221556059926045e-01
1.771210296886927793e+01 3.144575118630132254e-02 -2.325644161583673430e-01
1.780993932896910437e+01 3.862994926131649298e-02 -2.994868982240641575e-01
1.787323202118552601e+01 2.875667767157680937e-02 -3.475060931548161758e-01
1.795712734119991794e+01 -3.451019806154334742e-03 -3.689831608410311659e-01
1.801633254337809475e+01 -1.649359006797331689e-02 -3.115771087220151614e-01
1.809746426562237787e+01 2.701226042088133040e-03 -1.648960716139210303e-01
1.817816490231329141e+01 -1.153855706631864639e-03 -2.160571222369423727e-01
1.830164941103807053e+01 -1.881191280052922849e-03 -2.029562327307760650e-01
1.834215734045382007e+01 -3.528808440596324647e-02 -2.046490180367455392e-01
1.837804191425192712e+01 -1.861328357462099098e-02 -1.128328980810324178e-01
1.842901180517893067e+01 -5.404119007942426861e-02 -1.294948130718664436e-01
1.850286998198875210e+01 -6.531651950715013089e-02 2.005485811196316276e-04
1.856083428971022542e+01 -7.340542346173727084e-02 1.200989363092704043e-01
1.861322292055134042e+01 -6.458827733164919371e-02 1.728118008978530573e-01
1.868490689854354869e+01 -4.259757420886899071e-02 2.275637281358353636e-01
1.869624341596036032e+01 -5.903228875376920204e-02 1.852724323936046913e-01
1.876201466407227869e+01 -6.539253276848529250e-02 2.058432359841210479e-01
1.879591597168338168e+01 -9.608510359203009665e-02 3.125310335135733086e-01
1.887040766865302643e+01 -2.335986840899471201e-02 4.041343393278742369e-01
1.894248207849360810e+01 -1.146133176659890410e-02 2.725933191721769955e-01
1.901312201867695251e+01 -1.740168762095435293e-02 1.725542242976706164e-01
1.905991769157428450e+01 -9.947085442176380188e-03 1.806718477924766364e-01
1.909138459287493816e+01 -1.795386773107132336e-02 1.245391931197627061e-01
1.914567143013282546e+01 -2.382349974858962577e-02 1.690356662503206542e-01
1.921117765888788398e+01 -1.714238206536018022e-02 2.208509829581391248e-01
1.929503233876200952e+01 -2.131537714899892771e-02 2.068873875166056253e-01
1.932528502692483485e+01 -1.535842976641199273e-03 2.268323535428490301e-01
1.936244303120840726e+01 5.598244799200350480e-03 1.505876891432048337e-01
1.947463310835309969e+01 7.096140874305978223e-04 1.195987534508368422e-01
1.952349205641273144e+01 2.467777616491260984e-02 1.390264891188973118e-01
1.959169740129268789e+01 4.677939440141631183e-02 9.510909987622379047e-02
1.966682230841336221e+01 3.478705617416904400e-02 -2.723312542222480759e-02
1.971872888375137478e+01 6.526573085506427382e-03 -4.961388404838491806e-02
1.977739486057043550e+01 -1.184787710639116642e-03 -1.769111563596462156e-02
1.982100927198777640e+01 1.483528547757134025e-02 6.860261010271082038e-02
1.988224796214370826e+01 1.220048484525431548e-03 5.707909698797035414e-02
1.999339275562488893e+01 3.442163234478984313e-02 5.816722303706842873e-02
2.002476974203916171e+01 -3.631218720623947960e-03 -2.931041865735142110e-02
2.013241175220473878e+01 1.175540937407815352e-02 3.600369967641753322e-02
2.015979701411720271e+01 3.741369641879697949e-02 -6.466682307512544581e-03
2.022629939136890798e+01 2.114263407067083766e-02 -6.518943335627247482e-02
2.029166149943648989e+01 6.321964268505390894e-04 -6.467284486891253237e-02
2.036031955786457459e+01 8.148789935045665928e-04 -4.821231442540509227e-02
2.042415710885917690e+01 -3.213637828098235040e-03 8.153145173374336252e-03
2.053520178601105428e+01 2.340168121289060155e-02 3.385658093255951295e-02
2.058059424450519259e+01 2.695576472056801856e-02 -5.711709981155475152e-02
2.065486774589729180e+01 1.244056722638066902e-02 -8.612346310487715983e-02
2.073563444908843678e+01 3.104812268741791170e-02 -6.954114533371963391e-02
2.078400194989492533e+01 4.381914618866551703e-02 -1.051461092541016162e-01
2.087461876449793508e+01 3.918250339527345333e-02 -1.965380471600862433e-01
2.094921287028486034e+01 -2.283493244535118524e-02 -2.177432897293905267e-01
2.098169804784471992e+01 1.124397478174855858e-02 -4.934294802038535072e-03
2.107969997500776671e+01 4.186192154003941235e-02 -8.347759096630759379e-02
2.113990679534327199e+01 2.059065465384375335e-02 -2.015367558300257267e-01
2.119936297626359689e+01 -1.707466691508585654e-02 -1.465602432631975816e-01
2.132057357080924120e+01 6.138251673257692775e-02 -3.763458243890558524e-02
2.137319481800368948e+01 1.061975792534247329e-02 -2.561581011109979600e-01
2.146982372370353076e+01 9.861612373674982085e-04 -1.877499679738751093e-01
2.148051598801330542e+01 -1.452306362462939607e-02 -1.460203936926667834e-01
2.161523461630702769e+01 9.470395518247787942e-03 -7.504998261975788509e-02
2.167519503549702620e+01 1.966611833635179343e-02 -1.108449682766219774e-01
2.172766744634838787e+01 1.217521336829882790e-02 -1.547749089586590299e-01
2.180726280010149054e+01 2.989926841936182966e-02 -1.800964067409502045e-01
2.190455812027577309e+01 -5.491761066795115831e-03 -2.319214342636139181e-01
2.200268552109928066e+01 1.069618942336576436e-03 -1.405962346685805942e-01
2.207037062599654575e+01 5.035883476216818262e-03 -1.475777357841402126e-01
2.212554707608440552e+01 -3.196476208268968222e-02 -1.692260398966875246e-01
2.217617115631797731e+01 4.182835691863215355e-03 -1.901659014061459277e-02
2.227972529921203559e+01 -1.721003087676330895e-02 -1.367346028625888721e-01
2.234130134977702653e+01 1.022373905742319719e-02 -5.903307029409662204e-02
2.246005946526600638e+01 9.048828321256844123e-03 -1.277322797336055138e-01
2.251130755914415715e+01 -9.454681261776187035e-03 -1.245450664274610902e-01
2.259676188004537067e+01 7.569412202872828968e-03 -8.749053215510026182e-02
2.265931039402361336e+01 -1.218621986118020861e-02 -1.546154365622034454e-01
2.271104146124607226e+01 -6.883868601845354387e-03 -1.272697345816142800e-01
2.279281210356964493e+01 3.280648350542363090e-03 -5.512274337546128888e-02
2.283414970735007543e+01 -1.989831734119666684e-02 -1.013369001696264038e-01
2.291227869383391180e+01 1.859991425013967498e-02 -5.053234323210337164e-02
2.298655318612255272e+01 2.749213342664183837e-03 -1.504628864956619738e-01
2.304626351053607536e+01 -2.121229277834225935e-02 -1.273287316137783620e-01
2.310570057604858363e+01 -2.089092436486730125e-02 -4.606940206779038677e-02
2.320301979767395650e+01 -9.426987492386379452e-03 -2.972707606804872449e-02
2.327792753919223046e+01 -4.723547889060666048e-03 4.788133717902553349e-03
2.337506612635642611e+01 1.938493149415440597e-02 -3.543653811675039067e-02
2.342147737986280731e+01 -2.764026578084662414e-02 -1.617003039244370721e-01
2.346915932986451381e+01 -2.867724207761141245e-02 -1.220021962583896225e-03
2.349234723155854709e+01 -2.074428820567276316e-02 4.531465180176398599e-02
2.356492372564461135e+01 -1.947136633324374200e-02 -1.842661252528963664e-02
2.362691721943284762e+01 -7.481781990455523002e-03 1.008059079276092326e-02
2.369542944335561430e+01 -1.473906177019119329e-02 -6.596270276442300906e-04
2.375654270179618521e+01 -5.171370551728971671e-02 -3.761383377863838223e-02
2.379003217705870910e+01 -9.360594356675099037e-03 1.295338427194163700e-01
2.389454144154001014e+01 -4.142762527096867375e-03 6.659370712200389508e-02
2.394293788763005892e+01 -3.205547844627393977e-02 1.499554416543913242e-03
2.398886477681833185e+01 -3.626037545756818220e-02 7.487988790974096920e-02
2.402509438640287698e+01 -3.767566142909040128e-02 1.430636370959587900e-01
2.407985126538481779e+01 -1.693266514194330732e-02 1.638320855051179359e-01
2.414254397441245104e+01 1.481462481042576662e-03 1.182338791377816611e-01
2.421738376264448434e+01 1.521042446262382136e-02 1.137326099848244981e-01
2.427993862965471195e+01 -2.328379334233918879e-02 1.614928823085509668e-02
2.432840855164687710e+01 -3.291126423331360018e-02 1.025297546306152274e-01
2.438383721863173648e+01 -1.417126196038172130e-02 1.731928705703591753e-01
2.445170514242258974e+01 -3.536596601118254662e-02 1.552848658117968739e-01
2.449926518083624316e+01 -9.110664970734028839e-03 2.127028726592461172e-01
2.457629488304909060e+01 -1.630534297772291003e-02 1.616973417229764509e-01
2.464837494189640665e+01 -1.010458384152220813e-02 1.653859337887695902e-01
2.468358654444806177e+01 -3.199711917210394663e-02 1.979682979985322167e-01
2.471681214644507207e+01 8.561353661785904567e-03 2.460680709899242258e-01
2.477323855791054896e+01 7.030368327038361183e-03 1.061481397629419204e-01
2.483421922336069443e+01 -6.171715203028364446e-03 9.686293750228076871e-02
2.491998839457395221e+01 4.926441227155551467e-04 1.154136094277078972e-01
2.496934562049898076e+01 -1.936431289368182110e-02 1.255097547716188533e-01
2.503878923005997947e+01 -1.054616556190368648e-02 1.854541153712795376e-01
2.513425667635290139e+01 2.704538529333352578e-03 1.916243948474099790e-01
2.515101767368653185e+01 1.481241219614727253e-02 1.349018247911392687e-01
2.521856120792092781e+01 5.861186941037045683e-02 1.135818507306462638e-01
2.532306227034019486e+01 7.433360823513590621e-02 -3.345571552165693685e-02
2.538728447353069129e+01 3.401886063006751698e-02 -1.777371030765674542e-01
2.547620358834375764e+01 4.174165886538837300e-02 -1.277925520572547047e-01
2.551606928775006722e+01 5.322148811669959872e-02 -1.633912203409425279e-01
2.556768035998953792e+01 2.859488295492245563e-02 -2.117035237147911753e-01
2.563860949990303695e+01 1.083228429504897242e-02 -1.412670946026688967e-01
2.574561479615179493e+01 -1.068575723257397109e-03 -6.081158677867962159e-02
2.582119646178624350e+01 -5.798519496110893928e-03 -5.572205420223450001e-02
2.586311521691186854e+01 8.164147606747128305e-03 6.111157060319380441e-03
2.596388221000825425e+01 4.601631118350300864e-02 -3.106928065657571167e-02
2.602710589735861291e+01 3.878751063392447962e-02 -1.610370509063140110e-01
2.608383738932574403e+01 -1.362135481043632960e-02 -2.257152212917208911e-01
2.617414417942602611e+01 3.624600122914053459e-03 -8.008485264038930906e-02
2.623532338477892267e+01 9.220442235609633067e-03 -4.175931585942765922e-02
2.629535880847760865e+01 -5.560949568961424776e-03 -9.235967065714902058e-02
2.636791160219543784e+01 2.881205778732367703e-02 -7.804031979124870233e-02
2.642426310200631789e+01 -1.528435065512261624e-02 -1.420940658014183122e-01
2.648270754592742193e+01 5.913333171763832975e-03 -3.011769178659159940e-02
2.656074401079989045e+01 -4.233712388601212559e-03 -4.966777979621622707e-02
2.666093591762610160e+01 2.589014527437750318e-02 -6.651146069573188324e-02
2.672718348713544856e+01 -2.556650265806108963e-02 -1.140202930476637427e-01
2.680422094893363294e+01 7.719246367041986134e-03 -2.575357653702606969e-02
2.686534925627165293e+01 -2.827468855124489963e-03 -8.162961798529336233e-02
2.692188763861374312e+01 2.399188486444595123e-03 -1.074791930245789784e-01
2.702108191857809771e+01 3.401341598254732212e-03 -8.906466591272636790e-02
2.705955895756111573e+01 1.343951620353640158e-02 -7.072759047352288053e-02
2.713411612307415410e+01 3.809963223008500099e-03 -1.221234775352336016e-01
2.720836291400210527e+01 -1.137006509710290769e-02 -9.430074905136920371e-02
2.728256626072576196e+01 3.418101746753005044e-02 -7.682859330036032053e-02
2.732708841791244936e+01 2.029523126933308400e-02 -1.711345559529092175e-01
2.742238794680138625e+01 4.494412775720721745e-04 -1.927637386209938852e-01
2.750865228105422844e+01 -3.085398872242436225e-02 -1.214096617236599535e-01
2.757756446661697325e+01 1.501499826985460209e-02 1.016403999869277749e-02
2.765203818591457363e+01 -1.646164002263078921e-02 -1.329400112436396053e-01
2.771261826945612228e+01 -1.003227735250896910e-02 -2.240238773534977690e-03
2.779436868498014945e+01 5.895673564056032497e-03 -1.467746637135594265e-02
2.783123393786839372e+01 3.931067010879033680e-03 -9.292451984076921523e-02
2.792583471934323569e+01 -7.601211860064221310e-03 -1.226997389883460465e-01
2.800267459993688490e+01 2.454705674032858775e-02 -6.031030428144257965e-02
2.811024240374977978e+01 1.289957211553850736e-02 -1.754509138310615390e-01
2.816885162284881616e+01 -5.895986569463962726e-03 -1.756342514756295270e-01
2.824309078938038553e+01 2.241398582455052593e-02 -8.138564838269421453e-02
2.831612202633986897e+01 -2.265848064680277621e-02 -1.699862344959523208e-01
2.837507626863088461e+01 -1.715319396268805488e-02 -7.658083049009253851e-02
2.843315365404748363e+01 -1.192887956499360733e-03 -1.502003155499707400e-02
2.849455533706313304e+01 -1.972060289651744736e-02 -5.666753749548142371e-02
2.853487684880629516e+01 -3.940192111971194816e-03 -3.747535815008084387e-02
2.860911464079729427e+01 -1.105910779726624986e-02 -4.815055481605502036e-02
2.868042627328000904e+01 -3.767703462291760452e-02 -2.949644757977899420e-02
2.872235650903223458e+01 -2.052682747860043108e-02 8.538421119075287335e-02
2.881458730332242268e+01 -1.920474004699651224e-02 6.465302080078488833e-02
2.886134828082425940e+01 -2.652520516284928923e-02 5.190013718792298170e-02
2.894208894177768343e+01 -1.907136281194342364e-02 9.943463535258596775e-02
2.899973578925516549e+01 -1.557562742917822408e-02 3.706155278579750106e-02
2.902817916549019728e+01 -1.379959821893170235e-02 7.076768322744608763e-02
2.911371935137289668e+01 -1.699118596535970777e-02 9.202107346263443954e-02
2.914032854750808355e+01 -6.366106421354636793e-03 8.068156104371314308e-02
2.922934277401562397e+01 -2.032096815654451522e-02 9.036602520986045106e-02
2.929352399627508063e+01 -6.230353125662926352e-03 9.494178161470212540e-02
2.936713083791644863e+01 2.167750089503994032e-03 1.362292093569915027e-02
2.945996795269459056e+01 -1.303123204986344000e-02 4.354238875746396092e-02
2.946813802870614651e+01 1.513581959351562381e-02 8.501239307626000385e-02
2.957313717903057437e+01 2.352744799722500738e-02 -2.600239495073405210e-02
2.963168196935858489e+01 -1.956126813863082181e-02 -6.480775679991263027e-02
2.968744720439811502e+01 8.235071281266184012e-03 3.692297314576416939e-02
2.975134929590041821e+01 -3.211923581035555815e-03 3.801157680054954857e-02
2.982705376492483040e+01 2.563663418182680204e-02 1.868542557872619747e-02
2.988508916296031259e+01 -9.179315860192214724e-03 -8.293884139703136538e-02
2.999811793608866495e+01 -3.112710031132648325e-02 2.587398361409936828e-02
3.002269902042834460e+01 -1.073557831941081286e-03 1.205551366475889757e-01
3.010136426315685299e+01 -7.229112917880704814e-03 1.020946563847089233e-01
3.018619144517141706e+01 -4.523626209924163505e-02 4.279754223986587808e-02
3.023474515181539957e+01 -4.615681969250477745e-02 2.128262792310304241e-01
3.028563446957114280e+01 -2.971012328877733685e-02 2.523368854078427703e-01
3.035949901291754927e+01 -2.656778795821080480e-02 2.223788865162937001e-01
3.036181268499132102e+01 -2.767073955548838421e-02 2.217112869104471973e-01
3.043834462792120021e+01 3.310764384292992288e-03 2.345954738880502710e-01
3.051850009228871485e+01 -3.839245813097703908e-02 9.381637652931051896e-02
3.055500728416055622e+01 -1.443564731751821421e-02 2.335717172855328316e-01
3.059510905281606696e+01 -2.520699222441008872e-02 2.390782986612612904e-01
3.063815209532032569e+01 -4.531767402886734131e-02 2.389569301574522853e-01
3.068942316766354494e+01 -1.257814413147173398e-02 3.031188068070768682e-01
3.075651580442534794e+01 -1.116119773460105997e-02 2.656067175743830333e-01
3.083379062625348155e+01 -3.870435789249503100e-02 2.073826455851228434e-01
3.084528693396065790e+01 -1.679000930619196225e-02 3.014306961338911739e-01
3.091648521294199625e+01 1.969959615203186257e-02 2.759499105612165382e-01
3.094907806655604787e+01 1.662698732644263960e-02 1.697803594945186678e-01
3.099815164972097392e+01 -1.059348757871230416e-02 1.173076735578007790e-01
3.104977481055802002e+01 5.924609223152377604e-03 2.212761014056248976e-01
3.111110544520920840e+01 -4.570815494073486585e-02 1.801864220961172103e-01
3.119498026886760655e+01 1.903011460134934954e-03 2.845360540117567449e-01
3.125449057234322225e+01 -1.098288738645691702e-02 2.154494761660878666e-01
3.130130457795702981e+01 2.198014735190202684e-02 2.492985442344800573e-01
3.131393517580454144e+01 -1.118730968688290243e-02 1.864371345551374959e-01
3.140669735195237067e+01 -1.730313073990293049e-02 2.162934604961790630e-01
3.147067151428195331e+01 5.566798433120946632e-03 2.581908129217812542e-01
3.148417184426540771e+01 -1.428615708652866342e-02 1.955115228126149407e-01
3.157156425767631802e+01 -5.306753470366361303e-03 2.263313850645867209e-01
3.159623162630376925e+01 -1.463993791381934702e-02 2.397030299783755314e-01
3.165667581058981739e+01 4.270038262752681897e-03 2.497053415568389334e-01
3.174996468856279108e+01 -1.131939498701928226e-02 2.102534302391239063e-01
3.179349927977027335e+01 1.963594163135550658e-02 2.594665522229656074e-01
3.185477803541728647e+01 3.051755230275743705e-02 2.073245369515375747e-01
3.191458827954642530e+01 -9.537966570309485553e-04 9.368710986120527828e-02
3.196493577164276090e+01 8.592711865835888502e-03 1.748948603968080440e-01
3.201884475590903634e+01 5.209099344265177151e-03 1.386323912828684723e-01
3.207412406323812348e+01 8.305418280474562154e-03 1.625714330924509510e-01
3.211464614033067022e+01 -1.296669660296713780e-02 1.568118510813097388e-01
3.217868049507909234e+01 -2.977330026550210201e-02 2.273554340723492606e-01
3.225365576541792478e+01 4.103657523164561290e-03 2.840262390396123271e-01
3.230332303041330277e+01 -1.839358253107924081e-03 2.265045565771765246e-01
3.236364039886363742e+01 -1.056024302905724313e-02 2.206465674576822134e-01
3.239105573671351834e+01 3.166761777092697711e-02 2.749642998890572398e-01
3.247577253590294077e+01 -1.511222881334650658e-02 1.124809471930409283e-01
3.249952528379843386e+01 4.903488241372379666e-03 2.934371144980136847e-01
3.253436666362284058e+01 -2.020775708677189503e-02 1.637766177721891037e-01
3.263796454372454292e+01 8.568295205095168357e-03 2.386328677609068361e-01
3.264541553846867572e+01 -7.400490352695205526e-03 2.320491358052854669e-01
3.274305105218353873e+01 -4.072597040323490923e-03 2.158795292564634483e-01
3.279815863660159181e+01 -1.828584679467639990e-03 1.943884190144317681e-01
3.283888135293933175e+01 5.097325969544074138e-03 2.194389141506867813e-01
3.290330298798703268e+01 -2.520377111421645555e-02 1.954078931470448199e-01
3.294305864340551437e+01 -1.533879719816393962e-02 3.014748960600508454e-01
3.302030062518454656e+01 -4.529350797455372266e-03 2.846604280417992516e-01
3.303788043559306686e+01 1.596211215734742381e-02 2.482566301896776129e-01
3.313023759818831593e+01 -1.206491255212931331e-02 1.912972994842054020e-01
3.319196248008497463e+01 2.847569736087121953e-02 2.973231112360196771e-01
3.324441752572590758e+01 -1.960487880087045248e-03 1.295724077713630018e-01
3.327682316228347048e+01 1.991758888495194502e-02 2.139635305340631122e-01
3.333302514745826528e+01 4.174031577678410931e-02 1.660645631583272386e-01
3.341906451682473289e+01 4.901172753626020784e-02 7.608724238938645301e-02
3.345066472349429176e+01 -3.657792451993571725e-02 3.075181886175220453e-02
3.351992373596170438e+01 -1.091841604962312876e-02 1.793711926215680041e-01
