0.000000000000000000e+00 1.000000000000000056e-01 -1.600000000000000089e+00 0.000000000000000000e+00 1.428571428571428603e+00
8.975979010256551760e-02 1.895140131791542004e-01 -1.594253009676272370e+00 1.282282715750935886e-01 1.428571428571428603e+00
1.795195802051310352e-01 2.775582087366551542e-01 -1.577106404127320616e+00 2.564565431501871773e-01 1.428571428571428603e+00
2.692793703076965528e-01 3.626869034155618676e-01 -1.548841730142215045e+00 3.846848147252807659e-01 1.428571428571428603e+00
3.590391604102620704e-01 4.435022864027564626e-01 -1.509923092886372498e+00 5.129130863003743546e-01 1.428571428571428603e+00
4.487989505128275880e-01 5.186773713438510569e-01 -1.460989535307569698e+00 6.411413578754678877e-01 1.428571428571428603e+00
5.385587406153931056e-01 5.869777854224403901e-01 -1.402844545068409277e+00 7.693696294505615318e-01 1.428571428571428603e+00
6.283185307179586232e-01 6.472820377276208292e-01 -1.336442861301113449e+00 8.975979010256551760e-01 1.428571428571428603e+00
7.180783208205241408e-01 6.985999341037422150e-01 -1.262874797817367556e+00 1.025826172600748709e+00 1.428571428571428603e+00
8.078381109230896584e-01 7.400888361110685709e-01 -1.183348340185675696e+00 1.154054444175842242e+00 1.428571428571428603e+00
8.975979010256551760e-01 7.710674971256623600e-01 -1.099169310641722852e+00 1.282282715750935775e+00 1.428571428571428603e+00
9.873576911282206936e-01 7.910272483901150675e-01 -1.011719926523365620e+00 1.410510987326029531e+00 1.428571428571428603e+00
1.077117481230786211e+00 7.996403513404815033e-01 -9.224361043001587657e-01 1.538739258901123064e+00 1.428571428571428603e+00
1.166877271333351729e+00 7.967653790644386724e-01 -8.327838818646229324e-01 1.666967530476216597e+00 1.428571428571428603e+00
1.256637061435917246e+00 7.824495385272765002e-01 -7.442353462305799638e-01 1.795195802051310352e+00 1.428571428571428603e+00
1.346396851538482764e+00 7.569278954348322985e-01 -6.582444619050847878e-01 1.923424073626403885e+00 1.428571428571428603e+00
1.436156641641048282e+00 7.206195144611000636e-01 -5.762231968314155406e-01 2.051652345201497418e+00 1.428571428571428603e+00
1.525916431743613799e+00 6.741205782178691930e-01 -4.995183379144814140e-01 2.179880616776590951e+00 1.428571428571428603e+00
1.615676221846179317e+00 6.181945979527209145e-01 -4.293893768170784497e-01 2.308108888351684485e+00 1.428571428571428603e+00
1.705436011948744834e+00 5.537598767154521262e-01 -3.669878291416061034e-01 2.436337159926778018e+00 1.428571428571428603e+00
1.795195802051310352e+00 4.818744308473843496e-01 -3.133383265757118119e-01 2.564565431501871551e+00 1.428571428571428603e+00
1.884955592153875870e+00 4.037186173822907564e-01 -2.693217924683067865e-01 2.692793703076965528e+00 1.428571428571428603e+00
1.974715382256441387e+00 3.205757526165345928e-01 -2.356609770925319758e-01 2.821021974652059061e+00 1.428571428571428603e+00
2.064475172359006905e+00 2.338110400909607645e-01 -2.129085901062542918e-01 2.949250246227152594e+00 1.428571428571428603e+00
2.154234962461572422e+00 1.448491539864992794e-01 -2.014382250747646097e-01 3.077478517802246127e+00 1.428571428571428603e+00
2.243994752564137940e+00 5.515084601350122434e-02 -2.014382250747646097e-01 3.205706789377339661e+00 1.428571428571428603e+00
2.333754542666703458e+00 -3.381104009096030927e-02 -2.129085901062542918e-01 3.333935060952433194e+00 1.428571428571428603e+00
2.423514332769268975e+00 -1.205757526165341376e-01 -2.356609770925318648e-01 3.462163332527526727e+00 1.428571428571428603e+00
2.513274122871834493e+00 -2.037186173822906066e-01 -2.693217924683066755e-01 3.590391604102620704e+00 1.428571428571428603e+00
2.603033912974400010e+00 -2.818744308473839499e-01 -3.133383265757114788e-01 3.718619875677714237e+00 1.428571428571428603e+00
2.692793703076965528e+00 -3.537598767154517265e-01 -3.669878291416057703e-01 3.846848147252807770e+00 1.428571428571428603e+00
2.782553493179531046e+00 -4.181945979527207369e-01 -4.293893768170781722e-01 3.975076418827901303e+00 1.428571428571428603e+00
2.872313283282096563e+00 -4.741205782178689043e-01 -4.995183379144810254e-01 4.103304690402994837e+00 1.428571428571428603e+00
2.962073073384662081e+00 -5.206195144610999970e-01 -5.762231968314153185e-01 4.231532961978088814e+00 1.428571428571428603e+00
3.051832863487227598e+00 -5.569278954348321209e-01 -6.582444619050843437e-01 4.359761233553181903e+00 1.428571428571428603e+00
3.141592653589793116e+00 -5.824495385272765446e-01 -7.442353462305798528e-01 4.487989505128275880e+00 1.428571428571428603e+00
3.231352443692358634e+00 -5.967653790644387168e-01 -8.327838818646222663e-01 4.616217776703368969e+00 1.428571428571428603e+00
3.321112233794924151e+00 -5.996403513404815477e-01 -9.224361043001584326e-01 4.744446048278462946e+00 1.428571428571428603e+00
3.410872023897489669e+00 -5.910272483901152230e-01 -1.011719926523364954e+00 4.872674319853556035e+00 1.428571428571428603e+00
3.500631814000055186e+00 -5.710674971256625154e-01 -1.099169310641722408e+00 5.000902591428650013e+00 1.428571428571428603e+00
3.590391604102620704e+00 -5.400888361110689484e-01 -1.183348340185675029e+00 5.129130863003743102e+00 1.428571428571428603e+00
3.680151394205186222e+00 -4.985999341037424815e-01 -1.262874797817367112e+00 5.257359134578837079e+00 1.428571428571428603e+00
3.769911184307751739e+00 -4.472820377276208736e-01 -1.336442861301113449e+00 5.385587406153931056e+00 1.428571428571428603e+00
3.859670974410317257e+00 -3.869777854224407676e-01 -1.402844545068409055e+00 5.513815677729024145e+00 1.428571428571428603e+00
3.949430764512882774e+00 -3.186773713438513234e-01 -1.460989535307569476e+00 5.642043949304118122e+00 1.428571428571428603e+00
4.039190554615448292e+00 -2.435022864027570344e-01 -1.509923092886372276e+00 5.770272220879211211e+00 1.428571428571428603e+00
4.128950344718013810e+00 -1.626869034155621618e-01 -1.548841730142215045e+00 5.898500492454305189e+00 1.428571428571428603e+00
4.218710134820579327e+00 -7.755820873665583703e-02 -1.577106404127320394e+00 6.026728764029398278e+00 1.428571428571428603e+00
4.308469924923144845e+00 1.048598682084536660e-02 -1.594253009676272370e+00 6.154957035604492255e+00 1.428571428571428603e+00
4.398229715025710362e+00 9.999999999999983902e-02 -1.600000000000000089e+00 6.283185307179586232e+00 1.428571428571428603e+00
