0.000000000000000000e+00 1.000000000000000056e-01 -9.000000000000000222e-01 0.000000000000000000e+00 0.000000000000000000e+00
2.040816326530612082e-02 1.204081632653061229e-01 -9.204081632653061673e-01 0.000000000000000000e+00 0.000000000000000000e+00
4.081632653061224164e-02 1.408163265306122403e-01 -9.408163265306123124e-01 0.000000000000000000e+00 0.000000000000000000e+00
6.122448979591836593e-02 1.612244897959183576e-01 -9.612244897959183465e-01 0.000000000000000000e+00 0.000000000000000000e+00
8.163265306122448328e-02 1.816326530612245027e-01 -9.816326530612244916e-01 0.000000000000000000e+00 0.000000000000000000e+00
1.020408163265306006e-01 2.020408163265305923e-01 -1.002040816326530637e+00 0.000000000000000000e+00 0.000000000000000000e+00
1.224489795918367319e-01 2.224489795918367374e-01 -1.022448979591836782e+00 0.000000000000000000e+00 0.000000000000000000e+00
1.428571428571428492e-01 2.428571428571428548e-01 -1.042857142857142927e+00 0.000000000000000000e+00 0.000000000000000000e+00
1.632653061224489666e-01 2.632653061224489721e-01 -1.063265306122449072e+00 0.000000000000000000e+00 0.000000000000000000e+00
1.836734693877550839e-01 2.836734693877550617e-01 -1.083673469387754995e+00 0.000000000000000000e+00 0.000000000000000000e+00
2.040816326530612013e-01 3.040816326530612068e-01 -1.104081632653061140e+00 0.000000000000000000e+00 0.000000000000000000e+00
2.244897959183673186e-01 3.244897959183673519e-01 -1.124489795918367285e+00 0.000000000000000000e+00 0.000000000000000000e+00
2.448979591836734637e-01 3.448979591836734970e-01 -1.144897959183673430e+00 0.000000000000000000e+00 0.000000000000000000e+00
2.653061224489795533e-01 3.653061224489795311e-01 -1.165306122448979576e+00 0.000000000000000000e+00 0.000000000000000000e+00
2.857142857142856984e-01 3.857142857142856762e-01 -1.185714285714285721e+00 0.000000000000000000e+00 0.000000000000000000e+00
3.061224489795917880e-01 4.061224489795918213e-01 -1.206122448979591866e+00 0.000000000000000000e+00 0.000000000000000000e+00
3.265306122448979331e-01 4.265306122448979664e-01 -1.226530612244898011e+00 0.000000000000000000e+00 0.000000000000000000e+00
3.469387755102040782e-01 4.469387755102041115e-01 -1.246938775510204156e+00 0.000000000000000000e+00 0.000000000000000000e+00
3.673469387755101678e-01 4.673469387755101456e-01 -1.267346938775510079e+00 0.000000000000000000e+00 0.000000000000000000e+00
3.877551020408163129e-01 4.877551020408162907e-01 -1.287755102040816446e+00 0.000000000000000000e+00 0.000000000000000000e+00
4.081632653061224025e-01 5.081632653061224358e-01 -1.308163265306122369e+00 0.000000000000000000e+00 0.000000000000000000e+00
4.285714285714285476e-01 5.285714285714285809e-01 -1.328571428571428514e+00 0.000000000000000000e+00 0.000000000000000000e+00
4.489795918367346372e-01 5.489795918367346150e-01 -1.348979591836734659e+00 0.000000000000000000e+00 0.000000000000000000e+00
4.693877551020407823e-01 5.693877551020407601e-01 -1.369387755102040805e+00 0.000000000000000000e+00 0.000000000000000000e+00
4.897959183673469274e-01 5.897959183673469052e-01 -1.389795918367346950e+00 0.000000000000000000e+00 0.000000000000000000e+00
5.102040816326530726e-01 6.102040816326530503e-01 -1.410204081632653095e+00 0.000000000000000000e+00 0.000000000000000000e+00
5.306122448979591066e-01 6.306122448979590844e-01 -1.430612244897959240e+00 0.000000000000000000e+00 0.000000000000000000e+00
5.510204081632652517e-01 6.510204081632652295e-01 -1.451020408163265163e+00 0.000000000000000000e+00 0.000000000000000000e+00
5.714285714285713969e-01 6.714285714285713746e-01 -1.471428571428571530e+00 0.000000000000000000e+00 0.000000000000000000e+00
5.918367346938775420e-01 6.918367346938775198e-01 -1.491836734693877453e+00 0.000000000000000000e+00 0.000000000000000000e+00
6.122448979591835760e-01 7.122448979591835538e-01 -1.512244897959183598e+00 0.000000000000000000e+00 0.000000000000000000e+00
6.326530612244897211e-01 7.326530612244896989e-01 -1.532653061224489743e+00 0.000000000000000000e+00 0.000000000000000000e+00
6.530612244897958663e-01 7.530612244897958441e-01 -1.553061224489795888e+00 0.000000000000000000e+00 0.000000000000000000e+00
6.734693877551020114e-01 7.734693877551019892e-01 -1.573469387755102034e+00 0.000000000000000000e+00 0.000000000000000000e+00
6.938775510204081565e-01 7.938775510204081343e-01 -1.593877551020408179e+00 0.000000000000000000e+00 0.000000000000000000e+00
7.142857142857141906e-01 8.142857142857141683e-01 -1.614285714285714324e+00 0.000000000000000000e+00 0.000000000000000000e+00
7.346938775510203357e-01 8.346938775510203135e-01 -1.634693877551020247e+00 0.000000000000000000e+00 0.000000000000000000e+00
7.551020408163264808e-01 8.551020408163264586e-01 -1.655102040816326614e+00 0.000000000000000000e+00 0.000000000000000000e+00
7.755102040816326259e-01 8.755102040816326037e-01 -1.675510204081632537e+00 0.000000000000000000e+00 0.000000000000000000e+00
7.959183673469386600e-01 8.959183673469386378e-01 -1.695918367346938682e+00 0.000000000000000000e+00 0.000000000000000000e+00
8.163265306122448051e-01 9.163265306122447829e-01 -1.716326530612244827e+00 0.000000000000000000e+00 0.000000000000000000e+00
8.367346938775509502e-01 9.367346938775509280e-01 -1.736734693877550972e+00 0.000000000000000000e+00 0.000000000000000000e+00
8.571428571428570953e-01 9.571428571428570731e-01 -1.757142857142857117e+00 0.000000000000000000e+00 0.000000000000000000e+00
8.775510204081632404e-01 9.775510204081632182e-01 -1.777551020408163263e+00 0.000000000000000000e+00 0.000000000000000000e+00
8.979591836734692745e-01 9.979591836734692523e-01 -1.797959183673469408e+00 0.000000000000000000e+00 0.000000000000000000e+00
9.183673469387754196e-01 1.018367346938775508e+00 -1.818367346938775331e+00 0.000000000000000000e+00 0.000000000000000000e+00
9.387755102040815647e-01 1.038775510204081653e+00 -1.838775510204081698e+00 0.000000000000000000e+00 0.000000000000000000e+00
9.591836734693877098e-01 1.059183673469387799e+00 -1.859183673469387621e+00 0.000000000000000000e+00 0.000000000000000000e+00
9.795918367346938549e-01 1.079591836734693944e+00 -1.879591836734693988e+00 0.000000000000000000e+00 0.000000000000000000e+00
1.000000000000000000e+00 1.100000000000000089e+00 -1.899999999999999911e+00 0.000000000000000000e+00 0.000000000000000000e+00
