0.462127950779
-0.11232967431
0.14432963301
-0.0237515031666
0.465874463772
-0.112774035618
0.187325649614
-0.022218065426
0.468007395355
-0.112899752993
0.106646579151
-0.00628586872075
0.471409589134
-0.113269890079
0.170109688975
-0.0185068543053
0.475151745142
-0.113478015675
0.187107800385
-0.0104062797822
0.481038774562
-0.113858819541
0.294351471019
-0.0190401933109
0.484516148845
-0.113665498881
0.173868714141
0.00966603298339
0.486258825461
-0.113450798979
0.0871338308007
0.0107349951108
0.491747728339
-0.113858744283
0.274445143876
-0.0203972651987
0.497802007232
-0.113937265956
0.302713944671
-0.00392608365029
0.504477283383
-0.114025241768
0.333763807525
-0.00439879058696
0.507842159492
-0.113583596393
0.168243805448
0.0220822687298
0.508558431068
-0.11309201004
0.0358135788424
0.0245793176705
0.509253562794
-0.112817084953
0.034756586278
0.0137462543506
0.510922369177
-0.111710650214
0.0834403191256
0.0553217369156
0.514401183711
-0.111180822594
0.173940726711
0.0264913809934
0.514375372624
-0.107630581507
-0.00129055433605
0.177512054354
0.511299471235
-0.0969286071647
-0.153795069442
0.535098717131
0.51173068634
-0.0898395933031
0.021560755219
0.354450693082
0.512962920949
-0.0848245049992
0.0616117304485
0.250754415194
0.508891742264
-0.0806190887979
-0.203558934237
0.210270810066
0.502519330036
-0.0775030052247
-0.3186206114
0.155804178655
0.497244791042
-0.0657575648251
-0.263726949671
0.587272019984
0.492795047747
-0.0566143729547
-0.222487164764
0.457159593517
0.489635280605
-0.0491009588146
-0.157988357121
0.375670707005
0.480465886265
-0.0376311691438
-0.458469716987
0.573489483542
0.473709524136
-0.0310173651767
-0.337818106425
0.330690198353
0.469150115366
-0.0285129974824
-0.227970438517
0.125218384716
0.468696745315
-0.0282463159902
-0.0226685025361
0.0133340746106
0.469993085238
-0.0148492229068
0.0648169961329
0.66985465417
0.466204521199
0.00711634417284
-0.18942820195
1.09827835398
0.46248740514
0.0401807897485
-0.185855802941
1.65322227879
0.459612467148
0.0690330971044
-0.143746899622
1.4426153678
0.461393037971
0.0639368893118
0.0890285411581
-0.254810389633
0.459473717881
0.0520039186482
-0.0959660044881
-0.596648533174
0.457178322574
0.0554218966366
-0.114769765347
0.170898899419
0.457511239145
0.0678664886289
0.0166458285415
0.622229599617
0.459835305016
0.0836474956527
0.116203293557
0.789050351189
0.46185711344
0.104941714978
0.101090421199
1.06471096628
0.464061610784
0.120751578901
0.110224867218
0.790493196132
0.465397217672
0.107760007169
0.0667803443623
-0.649578586583
0.46702123537
0.0905613244006
0.0812008849376
-0.859934138423
0.472515991534
0.0734673771396
0.274737808169
-0.854697363046
0.473804362826
0.0600775447564
0.0644185645886
-0.669491619162
0.47381456449
0.0504000638118
0.000510083235433
-0.48387404723
0.477135849553
0.044153632752
0.166064253146
-0.312321552993
0.481547041191
0.0400681116094
0.220559581882
-0.204276057126
0.485650880364
0.037225649954
0.20519195866
-0.142123082768
0.488804574068
0.0348687911855
0.157684685202
-0.117842938421
0.490818860495
0.0315158775477
0.100714321351
-0.167645681891
0.493702073861
0.0245105466654
0.144160668302
-0.350266544117
0.497759075954
0.0157917523994
0.202850104669
-0.435939713301
0.50165975214
-0.002059683181
0.195033809281
-0.892571779017
0.502175203446
-0.0146871972219
0.0257725652894
-0.631375702044
0.500744214939
-0.0327536900582
-0.0715494253472
-0.903324641814
0.500123211494
-0.0429415412217
-0.0310501722336
-0.509392558178
0.501332810001
-0.0487241458456
0.0604799253568
-0.289130231193
0.502509232636
-0.0531600492906
0.0588211317248
-0.221795172252
0.499385284018
-0.0661604869757
-0.156197430871
-0.650021884253
0.494896364778
-0.0884379612682
-0.224445962028
-1.11387371463
0.493575912314
-0.12008836676
-0.0660226231695
-1.5825202746
0.492134939474
-0.148812327345
-0.0720486420466
-1.43619802924
0.485587465096
-0.172746830322
-0.327373718892
-1.19672514883
0.480496195086
-0.19532499751
-0.254563500506
-1.12890835944
0.47714958023
-0.207362281475
-0.167330742804
-0.601864198215
0.475483348466
-0.214140409631
-0.08331158819
-0.338906407833
0.475148412513
-0.218927424793
-0.01674679762
-0.239350758064
0.468827954175
-0.214163171227
-0.316022916929
0.238212678265
0.461708879355
-0.218809867611
-0.355953740983
-0.232334819201
0.454439922541
-0.229767951492
-0.363447840695
-0.547904194036
0.451277696069
-0.244026770235
-0.158111323586
-0.712940937136
0.448962923173
-0.261531763117
-0.115738644845
-0.875249644137
0.453246659036
-0.279621039513
0.214186793181
-0.90446381977
0.461845076951
-0.299162736283
0.429920895731
-0.977084838529
0.461599803513
-0.329025603514
-0.0122636718789
-1.49314336151
0.455955795794
-0.354500507279
-0.282200385938
-1.27374518828
0.450880682382
-0.358432294665
-0.25375567063
-0.196589369263
0.446936640504
-0.370034582569
-0.197202093914
-0.580114395215
0.440891271094
-0.394786287879
-0.302268470486
-1.23758526552
0.43756776284
-0.4
-0.16617541268
-0.260685606029
0.447763892424
-0.391192808292
0.509806479168
0.440359585404
0.453013712569
-0.374430345782
0.262491007244
0.838123125477
0.455879355012
-0.352253000674
0.143282122171
1.10886725541
0.460440351759
-0.337397390875
0.228049837352
0.742780489971
0.466070546709
-0.326616869251
0.281509747486
0.539026081167
0.471163470185
-0.311052092529
0.254646173805
0.778238836135
0.477205611721
-0.300014481306
0.302107076793
0.551880561137
0.484347033457
-0.292851579466
0.35707108684
0.358145092017
0.492811012191
-0.289680275384
0.423198936681
0.158565204101
0.50134249215
-0.288637860428
0.42657399793
0.0521207477799
0.503885032852
-0.283996744757
0.127127035132
0.232055783542
0.505735605928
-0.278144317909
0.0925286537705
0.2926213424
0.507089155
-0.272493370917
0.067677453635
0.282547349616
0.509789367361
-0.272883195811
0.135010618041
-0.0194912447103
0.512603479115
-0.280790060293
0.140705587672
-0.395343224085
0.513459740937
-0.291904267885
0.0428130911112
-0.555710379626
0.513290478527
-0.305318675414
-0.00846312050847
-0.67072037645
0.511932670767
-0.332258803887
-0.0678903879969
-1.34700642365
0.515410873036
-0.340698921814
0.173910113459
-0.422005896357
0.512691003778
-0.349817529745
-0.135993462911
-0.455930396522
0.51079900632
-0.361807565784
-0.0945998728909
-0.599501801978
0.505593979504
-0.37622512731
-0.260251340796
-0.720878076287
0.50045295968
-0.394305596043
-0.257050991193
-0.90402343663
0.496972053655
-0.399999983901
-0.174045301266
-0.284719392935
0.494854527386
-0.399999991024
-0.105876313424
-3.56153859349e-07
0.497875598737
-0.38957185122
0.151053567521
0.521406990191
0.501128090889
-0.387426132257
0.162624607621
0.10728594819
0.499320922936
-0.386742712485
-0.0903583976639
0.0341709885711
0.498437761417
-0.393470496847
-0.0441580759424
-0.336389218084
0.497369919636
-0.399999974777
-0.0533920890408
-0.326473896508
0.493001420957
-0.399999999927
-0.218424933961
-1.25751896873e-06
0.491808510517
-0.399337293629
-0.0596455220047
0.0331353149027
0.490903577003
-0.395727239106
-0.0452466756834
0.180502726167
0.493276962295
-0.399999999999
0.118669264569
-0.213638044644
0.504665880745
-0.399999999978
0.569445922496
1.04782510446e-09
0.517976115959
-0.4
0.665511760725
-1.09912161239e-09
0.540992609043
-0.399999999994
1.1508246542
2.93340456006e-10
0.554621110192
-0.384308640135
0.681425057435
0.784567992958
0.544933714106
-0.344308640313
-0.484369804288
1.9999999911
0.544017618376
-0.304308641582
-0.045804786482
1.99999993655
0.543819304359
-0.268603059996
-0.00991570087066
1.78527907928
0.519954229788
-0.251647358836
-1.19325372855
0.847785058036
0.489666703019
-0.252731758696
-1.51437633845
-0.0542199930382
0.451953628227
-0.276314519397
-1.88565373963
-1.17913803505
0.427395215626
-0.284747599994
-1.22792063005
-0.421654029821
0.415758239244
-0.290839645927
-0.5818488191
-0.304602296685
0.41170844497
-0.32164141062
-0.202489713698
-1.54008823461
0.409277982041
-0.337080872084
-0.121523146413
-0.771973073202
0.410957337614
-0.325269876666
0.0839677786211
0.590549770852
0.415584777394
-0.317002005763
0.231371988995
0.413393545167
0.422431730197
-0.313074034297
0.342347640149
0.196398573325
0.429493098373
-0.317470077992
0.353068408795
-0.219802184754
0.434315050576
-0.325646417974
0.241097610194
-0.408816999112
0.442142698494
-0.320296695629
0.391382395865
0.267486117269
0.450122754954
-0.310530327071
0.399002822992
0.488318427893
0.459554376644
-0.305660937771
0.471581084506
0.243469465008
0.464601730629
-0.307900954917
0.252367699269
-0.112000857291
0.467733386217
-0.307233277962
0.156582779392
0.0333838477384
0.47113188349
-0.308841098833
0.169924863653
-0.0803910435606
0.47716145477
-0.310546674457
0.301478563996
-0.0852787812251
0.48427690475
-0.308542069917
0.355772499006
0.100230227045
0.486755381179
-0.301940263559
0.123923821451
0.330090317902
0.488956991973
-0.292655429302
0.110080539711
0.464241712848
0.491721769371
-0.285776871486
0.138238869905
0.343927890778
0.496552751295
-0.283476087164
0.241549096168
0.115039216091
0.498636174501
-0.288594430171
0.104171160328
-0.255917150344
0.498518233518
-0.29954686529
-0.00589704918595
-0.547621755931
0.499592751198
-0.313467252807
0.0537258840072
-0.69601937585
0.499545389186
-0.323048660531
-0.00236810060019
-0.47907038624
0.500923203046
-0.324034425169
0.0688906930337
-0.0492882318764
0.498152319356
-0.315270447382
-0.138544184522
0.438198889338
0.49578141527
-0.308648943904
-0.11854520428
0.331075173925
0.494958669928
-0.319317608028
-0.0411372671264
-0.533433206208
0.494219445977
-0.319713891583
-0.0369611975337
-0.0198141777734
0.492060053858
-0.311648637684
-0.107969605945
0.40326269498
0.488119680259
-0.291499655661
-0.197018679987
1.00744910112
0.485375947031
-0.271226175938
-0.137186661371
1.01367398615
0.482838837632
-0.24356611867
-0.126855469934
1.3830028634
0.480938984663
-0.219175524359
-0.0949926484602
1.21952971558
0.478076996352
-0.201337047202
-0.143099415552
0.891923857819
0.474005029747
-0.17991866701
-0.203598330275
1.07091900962
0.470646253548
-0.163527148871
-0.167938809917
0.819575906972
0.468724158237
-0.139672100668
-0.096104765582
1.19275241015
0.468332848889
-0.114044743133
-0.0195654673845
1.28136787673
0.464889516228
-0.0919622009585
-0.172166633038
1.10412710873
0.461589762923
-0.0668117873442
-0.164987665283
1.25752068071
0.459762234161
-0.0308395687223
-0.0913764380919
1.7986109311
0.459748963303
-0.000232448933727
-0.000663542888362
1.53035598943
0.458536718223
0.0241632131234
-0.0606122540146
1.21978310286
0.4594213183
0.038576173827
0.0442300038529
0.72064803518
0.460768999118
0.0642096392492
0.0673840408961
1.28167327111
0.462686652127
0.0926984820193
0.0958826504588
1.4244421385
0.465022370878
0.118725534419
0.116785937534
1.30135261996
0.466919690254
0.132360302423
0.0948659688021
0.681738400226
0.467308456793
0.152629639264
0.0194383269797
1.01346684203
0.469298238483
0.175819105801
0.0994890844897
1.15947332685
0.474399070089
0.193223539051
0.255041580285
0.870221662502
0.481028467191
0.203776124889
0.331469855128
0.527629291907
0.485367255755
0.209794407014
0.216939428177
0.300914106278
0.489831117827
0.220961777892
0.223193103595
0.558368543881
0.494419631172
0.223494856246
0.22942566727
0.126653917683
0.49795385971
0.22410396206
0.176711426912
0.0304552907206
0.499642096099
0.223812595299
0.0844118194471
-0.0145683380716
0.500639174818
0.22415898873
0.0498539359372
0.0173196715516
0.501938212895
0.230441629423
0.0649519038322
0.31413203466
0.504984389462
0.241506780782
0.152308828376
0.553257567972
0.507379144433
0.253171603187
0.119737748537
0.583241120219
0.504989508251
0.262482276336
-0.119481809102
0.465533657484
0.502653718002
0.27067019727
-0.116789512434
0.409396046697
0.500012536108
0.283209862914
-0.132059094726
0.626983282206
0.499224689792
0.292481176883
-0.0393923157629
0.463565698445
0.497912025662
0.296113258601
-0.0656332065444
0.181604085888
0.495247421585
0.300858114097
-0.133230203815
0.237242774782
0.493992081254
0.309571616042
-0.0627670165422
0.435675097281
0.492818992914
0.315777032178
-0.0586544170372
0.310270806764
0.492586428193
0.318620463186
-0.0116282360338
0.142171550436
0.488332090414
0.327825391281
-0.212716888933
0.460246404728
0.483122028572
0.343443735193
-0.260503092125
0.780917195596
0.480135711296
0.356061922711
-0.149315863791
0.630909375902
0.477823325182
0.363770383214
-0.115619305683
0.385423025177
0.477815659074
0.369441128724
-0.000383305409661
0.283537275474
0.474538118606
0.372780731192
-0.163877023412
0.166980123398
0.472416794313
0.376207670971
-0.106066214631
0.171346988962
0.473536176314
0.374412769239
0.0559691000553
-0.0897450865899
0.474215033901
0.377330770028
0.0339428793455
0.145900039428
0.477551121936
0.368661190687
0.166804401749
-0.433478967019
0.480150592651
0.360837257489
0.129973535742
-0.39119665992
0.484980028822
0.352752367928
0.241471808551
-0.404244478065
0.491687426574
0.349539144634
0.335369887579
-0.160661164658
0.499357741316
0.341990333366
0.38351573711
-0.377440563423
0.504010160028
0.332597754426
0.232620935596
-0.469628947009
0.507787683805
0.321456386626
0.188876188868
-0.557068389971
0.513749305748
0.314089851403
0.298081097157
-0.368326761155
0.520347216859
0.309644624412
0.329895555513
-0.22226134959
0.527663470878
0.313361636979
0.365812700979
0.185850628388
0.532643117295
0.319499874952
0.24898232085
0.306911898655
0.537982126934
0.318303057327
0.266950481917
-0.0598408812762
0.542937664121
0.308828779765
0.247776859399
-0.473713878097
0.548902779017
0.293632674185
0.298255744779
-0.759805279007
0.551284325822
0.289806824455
0.119077340224
-0.191292486473
0.551380772395
0.296432217447
0.00482232869412
0.331269649583
0.54742876156
0.312400168116
-0.19760054176
0.79839753345
0.547620247055
0.30979902795
0.00957427473948
-0.130057008314
0.550831872321
0.298650440111
0.160581263316
-0.557429391951
0.552557852988
0.284587615485
0.0862990333132
-0.703141231259
0.55153517567
0.271642180772
-0.0511338658697
-0.647271735666
0.553934808097
0.260417590057
0.119981621338
-0.561229535754
0.55531909749
0.262223215942
0.0692144696626
0.09028129425
0.553532305086
0.261854889992
-0.089339620228
-0.0184162975202
0.550693111887
0.261285540463
-0.141959659911
-0.0284674764335
0.549147684764
0.257307259827
-0.0772713561933
-0.198914031784
0.548306089921
0.256072843153
-0.0420797421344
-0.0617208337413
0.547853143891
0.254104429772
-0.0226473015066
-0.0984206690081
0.545825995892
0.256653636307
-0.101357399945
0.127460326711
0.542408021488
0.26147946362
-0.170898720211
0.241291365656
0.540043304058
0.267423087962
-0.118235871476
0.297181217116
0.538977993857
0.271098024996
-0.0532655100415
0.183746851703
0.539074541756
0.270008316758
0.00482739494879
-0.0544854118946
0.535677406909
0.272656006357
-0.169856742378
0.132384479904
0.533653014386
0.278666401395
-0.101219626146
0.300519751939
0.533519357645
0.285941176183
-0.0066828370283
0.36373873937
0.535120795045
0.286779990357
0.0800718699769
0.0419407087096
0.535008661116
0.281487484184
-0.00560669645473
-0.264625308624
0.530927982178
0.270372020187
-0.204033946911
-0.555773199897
0.529273139559
0.262781579964
-0.0827421309384
-0.379522011138
0.529284901411
0.25938465215
0.00058809261543
-0.16984639067
0.529501738227
0.254616915045
0.0108418408204
-0.238386855281
0.526088033378
0.257424360911
-0.170685242484
0.140372293314
0.523037618939
0.265293757823
-0.152520721943
0.393469845596
0.520221159798
0.261586355078
-0.140822957022
-0.185370137264
0.519380071237
0.254481755986
-0.0420544280724
-0.355229954579
0.518226727055
0.240199803546
-0.0576672090816
-0.714097621997
0.513729124474
0.227612486137
-0.22488012908
-0.629365870447
0.510370174866
0.216497553373
-0.167947480386
-0.555746638202
0.507616344323
0.199277062245
-0.137691527154
-0.861024556409
0.506750381034
0.177985042805
-0.0432981644643
-1.06460097201
0.503676537898
0.159985964475
-0.153692156786
-0.899953916492
0.499769528872
0.143544702736
-0.19535045128
-0.822063086944
0.496360692171
0.125928073968
-0.17044183508
-0.8808314384
0.493904474249
0.101287106988
-0.122810896067
-1.23204834899
0.491687167901
0.0688787672213
-0.110865317445
-1.62041698834
0.485591830952
0.0288787672214
-0.304766847412
-2.0
0.481491243766
-0.0111212327759
-0.205029359331
-1.99999999986
0.479116230609
-0.037040315048
-0.118750657852
-1.2959541136
0.47834086819
-0.0553606739783
-0.0387681209348
-0.916017946517
0.475453433916
-0.0772230717028
-0.144371713701
-1.09311988622
0.470334900213
-0.10400095206
-0.25592668517
-1.33889401787
0.46635585933
-0.131575848419
-0.198952044144
-1.37874481793
0.465295299281
-0.155751730595
-0.0530280024599
-1.20879410879
0.465014899888
-0.178537371778
-0.0140199696261
-1.13928205919
0.464683751485
-0.206606818123
-0.016557420132
-1.40347231722
0.464723267818
-0.23484559928
0.00197581663172
-1.41193905784
0.464248689332
-0.255816824441
-0.0237289243153
-1.04856125805
0.465092798351
-0.269528575405
0.0422054509788
-0.685587548219
0.466866366271
-0.284868627038
0.0886783959946
-0.76700258165
0.466651065895
-0.29678281502
-0.010765018833
-0.595709399128
0.467973731073
-0.307498775893
0.0661332589476
-0.535798043607
0.469762474298
-0.311908704623
0.0894371612197
-0.220496436527
0.473768385752
-0.319036387846
0.200295572711
-0.356384161145
0.478088489366
-0.328087736901
0.216005180682
-0.452567452762
0.48336974206
-0.315650292352
0.264062634708
0.621872227446
0.485522152956
-0.312976381215
0.107620544826
0.133695556852
0.487742157827
-0.322346569006
0.111000243554
-0.468509389537
0.491257203053
-0.328488212124
0.175752261276
-0.307082155888
0.491595224798
-0.329345961107
0.0169010872449
-0.0428874491757
0.492164812495
-0.32979214494
0.0284793848437
-0.0223091916377
0.493300427522
-0.331195392768
0.0567807513553
-0.0701623913938
0.493948849304
-0.340273472451
0.0324210891038
-0.453903984156
0.496267204393
-0.346325112944
0.115917754462
-0.302582024661
0.495761235745
-0.358281327172
-0.0252984324175
-0.597810711382
0.495686571133
-0.371201972994
-0.00373323057858
-0.64603229109
0.493293475752
-0.383321492065
-0.119654769085
-0.605975953582
0.494208469206
-0.385161715741
0.0457496727377
-0.0920111837617
0.490471611287
-0.389640318235
-0.186842895973
-0.223930124695
0.485923006611
-0.397525536681
-0.227430233792
-0.394260922302
0.478471877229
-0.4
-0.372556469115
-0.123723165958
0.472787058767
-0.4
-0.284240923081
-1.17803128363e-11
0.473981898935
-0.399999999996
0.0597420084175
2.20107398949e-10
0.472969648457
-0.4
-0.0506125238983
-2.18236819936e-10
0.472022149151
-0.399999999999
-0.0473749653075
5.81977412914e-11
0.47453576066
-0.398529156168
0.125680575425
0.0735421915628
0.477905963061
-0.393120597332
0.168510120054
0.27042794178
0.479148701582
-0.381275676424
0.0621369260454
0.592246045386
0.479682127742
-0.366001283266
0.0266713080157
0.763719657909
0.481921638765
-0.352352032645
0.111975551125
0.682462531037
0.485821074958
-0.342219289046
0.194971809661
0.506637179981
0.491222419705
-0.333913547798
0.27006723735
0.415287062386
0.503796704586
-0.328956727201
0.628714244038
0.247841029865
0.518636140339
-0.32689487748
0.741971787681
0.10309248604
0.523419782151
-0.332890882046
0.239182090583
-0.299800228317
0.520748495863
-0.327406180434
-0.133564314403
0.274235080625
0.52055153793
-0.329756391668
-0.00984789663869
-0.117510561733
0.52057926019
-0.317638571488
0.00138611298403
0.605891008963
0.514744839242
-0.304865811417
-0.291721047384
0.638638003531
0.508890847991
-0.295394740924
-0.292699562564
0.473553524688
0.506018472744
-0.292446087393
-0.143618762333
0.147432676514
0.501906548712
-0.297649000792
-0.205596201628
-0.260145669933
0.503964899748
-0.30716491489
0.102917551831
-0.475795704925
0.51016661495
-0.319759479801
0.310085760071
-0.629728245539
0.511233334583
-0.340403990296
0.0533359816603
-1.03222552474
0.513501407642
-0.363384696193
0.113403652938
-1.14903529485
0.524037892345
-0.384140062433
0.526824235198
-1.03776831199
0.537194943264
-0.396230302249
0.657852545942
-0.604511990823
0.558886299327
-0.39999999995
1.08456780314
-0.188484885026
0.591436390067
-0.399999910428
1.62750453698
4.47611716706e-06
0.596137418351
-0.397509958825
0.235051414193
0.124497580121
0.570911925259
-0.385352845948
-1.26127465459
0.607855643834
0.541928028033
-0.376217583424
-1.44919486128
0.456763126215
0.503427128724
-0.362366478716
-1.92504496545
0.692555235406
0.474263321087
-0.343547117281
-1.45819038186
0.940968071741
0.45522078291
-0.32830350108
-0.952126908847
0.762180810027
0.443484275737
-0.316206907677
-0.58682535864
0.604829670169
0.440062087779
-0.315010003725
-0.171109397926
0.0598451976007
0.443062500747
-0.314157550082
0.150020648392
0.04262268216
0.450067697867
-0.3137626423
0.350259856027
0.0197453890981
0.457329287031
-0.316731444817
0.363079458193
-0.148440125878
0.466150189062
-0.322868756249
0.441045101547
-0.306865571587
0.475154089043
-0.327507624977
0.450194999062
-0.231943436396
0.484273757684
-0.330646654102
0.455983432023
-0.156951456263
0.493659244418
-0.322092002296
0.469274336739
0.427732590316
0.502867148354
-0.314827149994
0.460395196777
0.363242615099
0.510222634775
-0.306279695968
0.36777432107
0.427372701298
0.5154789238
-0.301234692387
0.262814451209
0.252250179044
0.520448332315
-0.300564374448
0.248470425783
0.0335158969614
0.52333258034
-0.303597711192
0.144212401244
-0.151666837207
0.526047185266
-0.306380980359
0.135730246277
-0.139163458369
0.527907834055
-0.304769108812
0.0930324394468
0.0805935773751
0.530153742305
-0.30862494043
0.112295412501
-0.192791580917
0.531874027025
-0.314382502125
0.086014236018
-0.287878084757
0.532351113506
-0.322658078993
0.0238543240363
-0.413778843394
0.531939858761
-0.325970825888
-0.0205627372141
-0.165637344727
0.531570237224
-0.321830726798
-0.0184810768699
0.207004954513
0.531659861966
-0.318130181292
0.00448123712056
0.185027275267
0.532370841997
-0.314197386769
0.0355490015464
0.196639726173
0.528807191666
-0.303848369742
-0.178182516566
0.517450851349
0.525892369748
-0.29033051102
-0.145741095892
0.675892936066
0.523431931806
-0.279045196914
-0.123021897122
0.5642657053
0.522512929498
-0.271992324896
-0.0459501153948
0.352643600925
0.528217135333
-0.269266644602
0.285210291736
0.136284014698
0.527912881557
-0.269231657865
-0.0152126887962
0.00174933686209
0.523209136014
-0.264936750467
-0.235187277156
0.214745369909
0.517111766716
-0.256995079207
-0.304868464887
0.397083562975
0.511186043992
-0.249829225268
-0.296286136188
0.358292696953
0.5083177369
-0.24717405297
-0.143415354617
0.132758614911
0.506052320304
-0.240167395646
-0.113270829781
0.350332866173
0.503877775769
-0.223541934625
-0.108727226755
0.831273051044
0.501100143396
-0.206512642596
-0.138881618635
0.851464601468
0.498154242177
-0.193899042656
-0.147295060975
0.630679997021
0.492957035244
-0.166161343123
-0.259860346656
1.38688497663
0.48801950583
-0.137975118394
-0.246876470693
1.40931123645
0.48599184552
-0.119487631037
-0.101383015505
0.924374367884
0.48525914424
-0.102257579091
-0.0366350639904
0.861502597274
0.485195714547
-0.0889336124478
-0.0031714846634
0.666198332165
0.485313731007
-0.0798599801041
0.00590082300109
0.453681617187
0.485371106069
-0.0742202064899
0.00286875311595
0.281988680711
0.487713223505
-0.0710162341051
0.117105871777
0.160198619236
0.488084299355
-0.0687051019449
0.0185537925388
0.115556608013
0.487316241508
-0.0667891378377
-0.0384028923436
0.0957982053573
0.486076544519
-0.0657884697857
-0.0619848494831
0.0500334026026
0.487117891117
-0.0661921561047
0.0520673299272
-0.0201843159527
0.488962431411
-0.0660438173152
0.0922270146602
0.00741693947487
0.488238912794
-0.0650487188096
-0.0361759308496
0.049754925282
0.486306773524
-0.0645867902931
-0.0966069634809
0.0230964258243
0.482328893714
-0.064150267567
-0.198893990472
0.0218261363067
0.478329789645
-0.0638617143927
-0.199955203473
0.0144276587145
0.473483385756
-0.0633241240539
-0.242320194431
0.0268795169409
0.467172154401
-0.0624639452842
-0.315561567789
0.0430089384847
0.459488989725
-0.0621077844484
-0.384158233761
0.0178080417867
0.453412468032
-0.0621440890011
-0.303826084648
-0.0018152276327
0.45002126968
-0.0631794999271
-0.169559917624
-0.0517705463016
0.449533776581
-0.063697824462
-0.0243746549419
-0.0259162267437
0.447653625416
-0.064155866106
-0.0940075582486
-0.0229020822
0.446773296461
-0.0648297415139
-0.0440164477574
-0.0336937703935
0.449645305759
-0.0657189715004
0.143600464899
-0.0444614993279
0.452855103558
-0.0661849110794
0.160489889967
-0.0232969789489
0.451746664258
-0.0660834002312
-0.0554219649909
0.00507554241205
0.449974533302
-0.0662504924063
-0.0886065478445
-0.0083546087546
0.451300824259
-0.066888311112
0.0663145478892
-0.0318909352877
0.455900516714
-0.0678893985206
0.22998462271
-0.050054370427
0.459437897376
-0.0689063179581
0.176869033108
-0.0508459718771
0.463200458367
-0.070355019182
0.188128049581
-0.072435061196
0.465168710048
-0.0717750082466
0.0984125840396
-0.0709994532269
0.471469551502
-0.0741584186143
0.315042072715
-0.119170518385
0.479541066084
-0.0762639208747
0.403575729056
-0.10527511302
0.48291234947
-0.0785288964873
0.16856416931
-0.11324878063
0.483684446864
-0.0815004457021
0.0386048697354
-0.14857746074
0.483262618016
-0.0851279923197
-0.0210914424384
-0.181377330881
0.484908913801
-0.0893167667419
0.0823147892492
-0.209438721109
0.489657371281
-0.0938165552945
0.23742287404
-0.224989427635
0.492428641682
-0.0995712298405
0.138563520003
-0.2877337273
0.49604015599
-0.106388381567
0.180575715399
-0.340857586319
0.4991166485
-0.114876990795
0.153824625528
-0.424430461388
0.501091704612
-0.124667052113
0.0987528055937
-0.489503065903
0.499525438801
-0.135867974137
-0.0783132905512
-0.560046101204
0.498807573648
-0.148204452142
-0.0358932576659
-0.616823900259
0.498429731788
-0.161218952172
-0.0188920929922
-0.650725001527
0.498050847705
-0.174847821781
-0.0189442041623
-0.681443480429
0.497539747637
-0.188926217308
-0.0255550033922
-0.703919776348
0.494508505375
-0.204527676225
-0.151562113074
-0.780072945868
0.490636437252
-0.219464719843
-0.193603406159
-0.746852180882
0.48457487597
-0.23391048092
-0.303078064109
-0.722288053875
0.4787194275
-0.247395163198
-0.292772423518
-0.67423411386
0.474033202823
-0.24958802595
-0.234311233805
-0.109643137594
0.467918407057
-0.25915068551
-0.30573978834
-0.478132978047
0.462165574602
-0.265411190565
-0.287641622736
-0.313025252744
0.458233586055
-0.263594707104
-0.19659942733
0.0908241730559
0.456383661722
-0.257887831973
-0.0924962166555
0.28534375656
0.452059878857
-0.262852750709
-0.216189143239
-0.248245936784
0.447419922897
-0.265415516029
-0.231997798023
-0.12813826603
0.444816615686
-0.267201926497
-0.130165360526
-0.0893205234092
0.44425893328
-0.264984117428
-0.027884120386
0.110890453722
0.445595926033
-0.267524346204
0.0668496376094
-0.127011438769
0.444992138659
-0.262088241618
-0.0301893686717
0.271805229314
0.444372600169
-0.257364138157
-0.0309769244817
0.236205173048
0.446136068484
-0.240280752094
0.0881734157273
0.854169303153
0.449085510744
-0.237769217026
0.147472112998
0.125576753361
0.45319665795
-0.24695911948
0.20555736028
-0.459495122689
0.456222751093
-0.255709332202
0.151304657157
-0.437510636075
0.458635759282
-0.262984180405
0.120650409452
-0.363742410177
0.46315593644
-0.273645560798
0.226008857931
-0.533069019652
0.468592504288
-0.286873118266
0.271828392392
-0.661377873412
0.472967163367
-0.296544104748
0.218732953935
-0.483549324074
0.476559918355
-0.291975186769
0.179637749422
0.228445898927
0.479154793735
-0.290686715035
0.129743768981
0.0644235867363
0.482007494068
-0.294066612386
0.142635016666
-0.168994867572
0.485957614535
-0.30154331886
0.19750602335
-0.373835323721
0.488643929698
-0.305993154421
0.134315758153
-0.22249177801
0.490069516031
-0.300700009863
0.0712793166187
0.264657227907
0.491310737883
-0.294319288829
0.0620610926098
0.319036051655
0.493206284657
-0.291064078276
0.0947773386899
0.162760527648
0.493943621833
-0.292169655123
0.0368668588035
-0.0552788423157
0.49499337962
-0.298725843668
0.0524878893781
-0.327809427282
0.49701543101
-0.309242961328
0.101102569483
-0.52585588297
0.498454822802
-0.316693390266
0.0719695895885
-0.372521446883
0.501397904138
-0.323812353757
0.147154066805
-0.355948174563
0.503316077683
-0.336972192151
0.095908677232
-0.657991919717
0.503117869897
-0.345114871738
-0.00991038929579
-0.407133979359
0.501355927934
-0.353248979354
-0.0880970981378
-0.406705380777
0.49926269239
-0.352326098057
-0.104661777167
0.0461440648598
0.497950966325
-0.35358406239
-0.065586303301
-0.0628982166573
0.494017324916
-0.350465251174
-0.196682070401
0.155940560784
0.489630626638
-0.340106506041
-0.219334913934
0.517937256665
0.487055874462
-0.329049757747
-0.128737608787
0.55283741469
0.485462956812
-0.317171027093
-0.0796458824864
0.593936532685
0.483014123261
-0.304303027987
-0.122441677574
0.643399955314
0.477708676894
-0.284810369038
-0.265272318326
0.974632947458
0.474177596554
-0.266142143238
-0.176554017012
0.933411289988
0.470367993972
-0.251658646739
-0.19048012912
0.724174824963
0.46760535711
-0.233078761829
-0.138131843104
0.928994245492
0.462696497474
-0.216064978275
-0.245442981783
0.850689177675
0.457974106759
-0.200101147088
-0.236119535729
0.798191559346
0.454910020851
-0.176636627442
-0.153204295424
1.17322598233
0.454389907519
-0.165628143954
-0.0260056665779
0.550424174393
0.455363056725
-0.15158210942
0.0486574603018
0.702301726703
0.453545572236
-0.134685025222
-0.0908742244883
0.844854209903
0.452812233471
-0.132272816271
-0.0366669382484
0.120610447562
0.452884099505
-0.131526399508
0.00359330174145
0.0373208381371
0.456112246149
-0.125490975233
0.161407332161
0.301771213752
0.460923246018
-0.117705247503
0.240549993451
0.389286386488
0.464316059999
-0.110108697831
0.169640699053
0.379827483618
0.467150016213
-0.104805074047
0.141697810705
0.265181189212
0.469756196174
-0.100659241946
0.130308998058
0.207291605028
0.474093169408
-0.0979299837256
0.216848661695
0.136462911018
0.476930400678
-0.097007336002
0.14186156353
0.0461323861826
0.478789431853
-0.0966027926223
0.0929515587289
0.0202271689833
0.480112252125
-0.0967429390351
0.0661410135894
-0.00700732063693
0.482966147718
-0.0974978975762
0.142694779668
-0.0377479270543
0.48600511764
-0.0985474107156
0.151948496092
-0.0524756569726
0.486670927234
-0.0997725234858
0.0332904797108
-0.0612556385082
0.486146743516
-0.1013656064
-0.0262091859142
-0.0796541457047
0.487041462677
-0.103312108631
0.0447359580769
-0.0973251115669
0.488323723193
-0.105281685094
0.0641130257936
-0.0984788231179
0.489385222491
-0.107254958551
0.0530749648899
-0.0986636728605
0.488172456411
-0.109104853143
-0.0606383040219
-0.0924947296291
0.488315052881
-0.104232362853
0.00712982349881
0.243624514531
0.488432379209
-0.0903391612264
0.00586631639134
0.694660081316
0.490524277882
-0.0735711956038
0.104594933678
0.83839828113
0.490329578366
-0.0554443208845
-0.00973497581115
0.906343735963
0.489061617295
-0.0405455999409
-0.063398053523
0.74493604718
0.486919749736
-0.0267216871909
-0.107093377947
0.691195637504
0.48309918619
-0.0335805722795
-0.19102817733
-0.342944254433
0.479683870756
-0.0418206204381
-0.170765771684
-0.412002407929
0.475494189199
-0.0556846196906
-0.209484077864
-0.693199962624
0.46975956838
-0.0537108871631
-0.286731040934
0.098686626376
0.464971155696
-0.0437401119285
-0.239420634207
0.498538761731
0.464223906443
-0.0322459911109
-0.0373624626742
0.574706040877
0.461331728799
-0.0197888743229
-0.144608882185
0.622855839402
0.456597730594
-0.00570395924826
-0.236699910225
0.704245753731
0.452623593442
0.00520675093741
-0.198706857617
0.545535509284
0.450654609802
0.00598663132214
-0.098449182023
0.0389940192369
0.451021393888
0.00190096840831
0.0183392043109
-0.204283145692
0.448904688478
-0.00735381094404
-0.105835270479
-0.462738967618
0.447003978918
-0.0162262419984
-0.0950354780323
-0.443621552717
0.446694454261
-0.0215052570449
-0.015476232825
-0.263950752326
0.448212828094
-0.0220407000822
0.0759186916331
-0.0267721518638
0.448751559775
-0.00926022478238
0.0269365840847
0.63902376499
0.449832746586
0.0187850434646
0.0540593405473
1.40226341235
0.451682059118
0.0520635771339
0.0924656265594
1.66392668347
0.456068403496
0.0856066178077
0.21931721892
1.67715203369
0.459747000413
0.117683098706
0.18392984583
1.60382404491
0.461193053703
0.147145388644
0.0723026645155
1.47311449691
0.463312060534
0.174345160006
0.10595034154
1.35998856812
0.466507270477
0.188397145878
0.159760497158
0.70259929357
0.469889125655
0.188633287796
0.169092758905
0.0118070959144
0.475199025176
0.18394380258
0.26549497604
-0.234474260812
0.476421266788
0.170809458181
0.0611120806122
-0.656717219926
0.475902000593
0.161686449262
-0.0259633097746
-0.456150445982
0.476228064113
0.164660605175
0.0163031760067
0.148707795652
0.479158227259
0.174260953464
0.146508157306
0.480017414486
0.480986989573
0.180124569631
0.0914381157204
0.293180808343
0.481350543357
0.179689650933
0.0181776891946
-0.0217459349061
0.482615043557
0.176325971931
0.0632250099937
-0.168183950107
0.484544515027
0.17161749803
0.0964735735167
-0.235423695039
0.488257813721
0.167585236517
0.185664934684
-0.201613075669
0.490670046071
0.162067709102
0.120611617498
-0.275876370759
0.491707087434
0.165408174379
0.0518520681711
0.167023263885
0.491838123008
0.171928421755
0.00655177870681
0.326012368785
0.494484062412
0.175927560323
0.132296970183
0.199956928384
0.497839294899
0.177848793833
0.167761624338
0.0960616755241
0.49873042565
0.17874913654
0.044556537573
0.0450171353388
0.499285342592
0.184436939864
0.027745847077
0.28439016619
0.49947836018
0.192636593882
0.00965087938902
0.409982700909
0.498768713529
0.208764045276
-0.0354823325415
0.806372569689
0.494857648337
0.226339056455
-0.195553259607
0.878750558942
0.490199097487
0.243092843775
-0.232927542504
0.837689366003
0.485519494225
0.260863731461
-0.233980163078
0.888544384308
0.483866169264
0.270131078664
-0.0826662480456
0.463367360149
0.485388974671
0.300528107578
0.0761402703657
1.5198514457
0.48122187511
0.316720713208
-0.208354978073
0.809630281493
0.477153123619
0.321430536131
-0.203437574541
0.235491146161
0.473147312906
0.323145826901
-0.200290535674
0.0857645385232
0.470071291141
0.315082182875
-0.153801088213
-0.403182201302
0.468329579316
0.308244838072
-0.0870855912743
-0.341867240184
0.466007095802
0.302291768902
-0.116124175709
-0.297653458487
0.462847473056
0.303987402616
-0.157981137297
0.0847816857071
0.458599058429
0.316544558986
-0.212420731327
0.627857818497
0.457097960618
0.33557099508
-0.0750548905838
0.951321804703
0.453831409544
0.352042529973
-0.163327553692
0.823576744652
0.45475046088
0.361091924667
0.0459525668155
0.452469734687
0.460430355449
0.356512302359
0.283994728428
-0.228981115406
0.467138086014
0.352355395006
0.335386528271
-0.20784536763
0.475398432931
0.346442508798
0.413017345824
-0.295644310426
0.481324406406
0.344733723595
0.296298673776
-0.0854392601155
0.486646816059
0.340004520762
0.266120482671
-0.236460141669
0.490747664933
0.340774083795
0.205042443653
0.0384781516445
0.49510630431
0.341892721323
0.217931968854
0.0559318763996
0.497243395266
0.337888062961
0.106854547795
-0.200232918111
0.499455923872
0.336339339294
0.110626430322
-0.077436183323
0.502196622581
0.329893394394
0.137034935439
-0.322297245003
0.5067783496
0.319657608562
0.22908635096
-0.511789291608
0.51058410216
0.30970683747
0.190287627986
-0.497538554592
0.510561312286
0.302319086191
-0.0011394936817
-0.369387563934
0.511044504961
0.298738577013
0.0241596337422
-0.179025458893
0.510418182645
0.303135666723
-0.0313161157707
0.219854485459
0.508585361022
0.312357412605
-0.0916410811872
0.461087294125
0.506644145851
0.314593502622
-0.0970607585516
0.111804500832
0.504151871877
0.310408635809
-0.124613698695
-0.209243340631
0.500525817581
0.308659064782
-0.181302714774
-0.0874785513459
0.495770088717
0.314493362568
-0.237786443234
0.291714889305
0.492782411262
0.327001947687
-0.149383872711
0.625429255949
0.491262537593
0.322654808534
-0.0759936834477
-0.217356957691
0.48912642184
0.308838911222
-0.10680578768
-0.690794865557
0.487926620528
0.290658752438
-0.0599900656031
-0.9090079392
0.489013574075
0.274614386295
0.0543476773695
-0.802218307191
0.49063879472
0.26870011151
0.0812610322259
-0.295713739217
0.489545935704
0.25836078266
-0.0546429507768
-0.516966442535
0.486269167502
0.251111530947
-0.163838410113
-0.362462585611
0.484320646326
0.245372315563
-0.0974260587921
-0.28696076921
0.483130503776
0.243803398727
-0.0595071275167
-0.0784458417914
0.482539339233
0.241893422971
-0.0295582271298
-0.0954987878049
0.479060526544
0.2385037582
-0.173940634465
-0.169483238551
0.476588658969
0.232774484738
-0.12359337874
-0.286463673108
0.473474668621
0.223621000609
-0.155699517377
-0.457674206428
0.471861154705
0.222070250904
-0.0806756958455
-0.077537485285
0.468272397557
0.218175179654
-0.179437857355
-0.194753562482
0.464457940422
0.225773785474
-0.190722856766
0.379930290974
0.461470592426
0.230915654639
-0.149367399817
0.257093458294
0.461284259542
0.237194896235
-0.0093166441839
0.313962079775
0.462623926662
0.245308517873
0.0669833559901
0.405681081884
0.462827715286
0.256458695198
0.0101894311964
0.557508866255
0.464414082761
0.269017189512
0.0793183737739
0.627924715723
0.466421473693
0.282695517728
0.100369546577
0.683916410784
0.471177145454
0.288550972068
0.23778358807
0.292772717011
0.475709830149
0.295509314332
0.226634234749
0.347917113191
0.478900172844
0.299296845749
0.159517134761
0.18937657086
0.481730077474
0.300988525266
0.141495231475
0.0845839758178
0.486383124265
0.30027947968
0.232652339528
-0.0354522792757
0.493476858036
0.298751515645
0.354686688579
-0.0763982017272
0.497864225531
0.292472938573
0.21936837474
-0.3139288536
0.500887853396
0.284458576569
0.151181393263
-0.400718100229
0.502136485707
0.2737009874
0.062431615555
-0.537879458438
0.506350729923
0.258529294847
0.210712210807
-0.758584627675
0.508855667959
0.240598634906
0.125246901803
-0.896532997019
0.510510309947
0.220984864101
0.0827320993576
-0.980688540244
0.511178748518
0.202796407855
0.0334219285592
-0.909422812318
0.511685551394
0.18247842838
0.0253401437859
-1.01589897374
0.513233799977
0.16174639888
0.0774124291485
-1.03660147501
0.513638855566
0.145131696324
0.0202527794548
-0.830735127821
0.514591630781
0.132461784982
0.0476387607915
-0.633495567094
0.51534810953
0.120306323979
0.0378239374157
-0.607773050153
0.514987132235
0.105662283301
-0.0180488647319
-0.732202033887
0.515729801088
0.0933273590318
0.037133442659
-0.616746213454
0.513600876596
0.0717230597776
-0.10644622462
-1.08021496271
0.509727054996
0.0507510019981
-0.193691080011
-1.04860288898
0.507500765672
0.0336006617511
-0.111314466177
-0.857517012351
0.505844934209
0.0213542759952
-0.0827915731594
-0.612319287794
0.503577048998
0.0134589660672
-0.113394260572
-0.394765496399
0.499035830037
0.00888970438826
-0.227060948032
-0.228463083947
0.496338151221
0.00651392270991
-0.134883940797
-0.118789083917
0.494725037316
0.00558029725328
-0.0806556952642
-0.0466812728316
0.49364895522
0.00548123899247
-0.0538041047744
-0.00495291304036
0.490403784539
0.00591744821781
-0.162258534059
0.0218104612668
0.486641434953
0.00671622892148
-0.188117479275
0.0399390351833
0.483339857943
0.00780605945108
-0.165078850541
0.0544915264801
0.48091888647
0.00911683588136
-0.12104857361
0.0655388215139
0.481880885105
0.0104672208068
0.0480999317213
0.067519246272
0.479471210701
0.0121210087487
-0.120483720172
0.082689397095
0.476083397417
0.0138516650459
-0.169390664212
0.0865328148636
0.471309768713
0.00861450652963
-0.23868143519
-0.261857925814
0.46740141821
0.000144008323693
-0.19541752517
-0.423524910297
0.46514013081
-0.0137080440687
-0.11306437
-0.692602619618
0.462418797419
-0.0165187713433
-0.136066669566
-0.140536363733
0.460859814643
-0.0133548401829
-0.0779491387838
0.158196558019
0.460925261201
-0.00780206783057
0.00327232791162
0.277638617621
0.464313550742
-0.00214436817742
0.169414477054
0.282884982658
0.467242995397
0.00180955830849
0.146472232732
0.1976963243
0.469973879115
0.00397951331548
0.136544185931
0.108497750352
0.472544243012
0.0038549317084
0.128518194826
-0.00622908035429
0.475036264721
0.00234760965533
0.124601085444
-0.0753661026477
0.475363673591
-0.00711641892505
0.0163704435219
-0.47320142902
0.477034220355
-0.0261889106696
0.0835273382086
-0.953624587228
0.479435416306
-0.049457166579
0.120059797555
-1.16341279547
0.481986886897
-0.0702552524715
0.127573529542
-1.03990429462
0.485720470909
-0.089500520321
0.18667920056
-0.962263392473
0.491095918416
-0.105596962122
0.268772375376
-0.804822090063
0.494136595105
-0.102210561352
0.152033834458
0.169320038524
0.495353457658
-0.0911864458491
0.0608431276301
0.55120577513
0.495313107257
-0.0791967277308
-0.00201752006673
0.599485905917
0.49945722502
-0.0842717532218
0.207205888194
-0.25375127455
0.500678202338
-0.0937397519598
0.0610488658876
-0.4733999369
0.500414535214
-0.111314931628
-0.0131833562155
-0.878758983391
0.501261004221
-0.133308057071
0.0423234503443
-1.09965627217
0.504469008239
-0.152772623212
0.160400200909
-0.973228307034
0.505798780811
-0.171843051637
0.0664886286155
-0.953521421241
0.505972358204
-0.190945144451
0.00867886963669
-0.955104640741
0.505865967506
-0.192432319719
-0.00531953491602
-0.0743587633835
0.505864550774
-0.195105430766
-7.08365814874e-05
-0.133655552351
0.505197001255
-0.193368600372
-0.0333774759522
0.0868415197209
0.503898090716
-0.192922153129
-0.0649455269647
0.0223223621171
0.502192777487
-0.195818711366
-0.0852656614363
-0.144827911853
0.500329015733
-0.203075004797
-0.0931880877178
-0.362814671541
0.496896105647
-0.216461601544
-0.171645504256
-0.66932983734
0.495533487465
-0.22768025781
-0.0681309090978
-0.560932813277
0.48969523934
-0.233170962226
-0.291912406292
-0.274535220847
0.484448673662
-0.225519897435
-0.262328283875
0.382553239598
0.480495188074
-0.217806330755
-0.197674279411
0.385678333954
0.478571024403
-0.226124750286
-0.0962081835545
-0.415920976539
0.475266638633
-0.241944137573
-0.165219288492
-0.790969364333
0.472075678924
-0.253840721184
-0.159547985474
-0.594829180573
0.469198270875
-0.254405701474
-0.143870402409
-0.0282490144968
0.467365551749
-0.253094003538
-0.0916359563167
0.0655848968304
0.468702039106
-0.245080463132
0.0668243678339
0.400677020266
0.468624500931
-0.238168041976
-0.00387690872712
0.345621057799
0.467665186168
-0.236252138662
-0.0479657381535
0.0957951657309
0.468980405709
-0.236652916148
0.065760977034
-0.0200388742998
0.472620215857
-0.23352591905
0.181990507425
0.156349854912
0.473702024494
-0.231873669567
0.054090431859
0.0826124741417
0.473933137675
-0.236952957513
0.0115556590159
-0.253964397309
0.476643685622
-0.242820813275
0.135527397377
-0.29339278809
0.481316376947
-0.24701395712
0.233634566212
-0.209657192264
0.487901913222
-0.258089969949
0.32927681376
-0.553800641478
0.491663380636
-0.265752558154
0.188073370715
-0.383129410217
0.493569402559
-0.271247776705
0.0953010961573
-0.274760927583
0.494220828557
-0.27780808137
0.0325712999118
-0.328015233212
0.496255649628
-0.278706008295
0.101741053545
-0.0448963462625
0.499872057634
-0.278154049139
0.18082040027
0.0275979577863
0.501549454002
-0.278809697374
0.0838698184192
-0.0327824117349
0.502891920888
-0.284193176915
0.0671233442817
-0.269173977064
0.504983060424
-0.288118987798
0.104556976801
-0.196290544132
0.50573093403
-0.296992159707
0.037393680289
-0.443658595447
0.501816817748
-0.316005098174
-0.195705814067
-0.950646923364
0.495291274533
-0.335383882928
-0.326277160785
-0.968939237694
0.49195896225
-0.346273585186
-0.166615614138
-0.544485112904
0.490322866382
-0.355047663181
-0.0818047934114
-0.43870389974
0.490860465587
-0.355674123283
0.0268799602514
-0.0313230050961
0.485973551233
-0.356361563774
-0.244345717668
-0.0343720245407
0.481416275116
-0.362384292018
-0.227863805878
-0.301136412207
0.477105234818
-0.373050191453
-0.215552014902
-0.533294971747
0.472521598975
-0.386279004453
-0.229181792147
-0.66144065003
0.470844492402
-0.399041492099
-0.0838553286346
-0.638124382299
0.4675241862
-0.399999999998
-0.166015310088
-0.0479253949446
0.463677023479
-0.4
-0.192358136063
-8.48238979057e-11
0.461323389859
-0.399999999989
-0.117681680982
5.41421273804e-10
0.462623378158
-0.399841110405
0.06499941493
0.00794447920283
0.460938547563
-0.4
-0.0842415297496
-0.00794447975491
0.460094434105
-0.398777350112
-0.0422056728926
0.0611324944034
0.46104341011
-0.391655289336
0.0474488002498
0.356103038791
0.463185992135
-0.387876965033
0.107129101251
0.188916215165
0.468251644666
-0.382272628622
0.253282626561
0.280216820518
0.471851968316
-0.373517721545
0.180016182474
0.437745353888
0.471635432862
-0.371599938781
-0.0108267726957
0.0958891381824
0.471679278832
-0.37226742801
0.00219229851631
-0.0333744614275
0.472977244863
-0.378261458574
0.0648983015218
-0.299701528219
0.476169776218
-0.38008281932
0.159626567747
-0.0910680372882
0.47884580844
-0.382337761738
0.13380161111
-0.112747120912
0.480660339853
-0.364546675327
0.0907265706744
0.889554320535
0.487432854752
-0.34620303571
0.338625744934
0.917181980853
0.495324599084
-0.332563806967
0.394587216578
0.681961437146
0.502093252882
-0.326003641131
0.338432689947
0.328008291817
0.50651191676
-0.326761656481
0.220933193877
-0.0379007674907
0.509502973436
-0.337399473843
0.149552833794
-0.531890868113
0.516704062564
-0.350980115552
0.360054456405
-0.679032085456
0.524169379073
-0.354271669993
0.373265825467
-0.164577722046
0.524377314828
-0.367842718848
0.0103967877295
-0.678552442727
0.523438167833
-0.376745999371
-0.0469573497262
-0.445164026161
0.523765534296
-0.376389492287
0.0163683231092
0.0178253542097
0.523248630338
-0.374560681778
-0.0258451978982
0.0914405254523
0.523021804518
-0.362810909495
-0.0113412910043
0.587488614127
0.523068118847
-0.351936908435
0.00231571648142
0.543700053005
0.52225725754
-0.34108015607
-0.0405430653425
0.542837618223
0.520954627499
-0.335908562957
-0.0651315020413
0.258579655673
0.521815561318
-0.332634384786
0.0430466909449
0.163708908555
0.520785862304
-0.326206416687
-0.0514849507364
0.321398404934
0.518650487445
-0.314956390679
-0.106768742911
0.562501300406
0.515683480632
-0.307424109144
-0.148350340681
0.376614076727
0.513842800639
-0.307714592895
-0.0920339996521
-0.0145241875147
0.513809195811
-0.306772803756
-0.00168024138446
0.0470894569523
0.510535192484
-0.30374770494
-0.16370016635
0.151254940764
0.505656869636
-0.305891811079
-0.243916142384
-0.10720530696
0.502037154374
-0.307447196011
-0.18098576312
-0.0777692465683
0.500757443025
-0.305489474809
-0.0639855674442
0.0978860601175
0.49961169362
-0.29854496044
-0.0572874702717
0.347225718439
0.49620480961
-0.288825336367
-0.170344200498
0.485981203663
0.491549420108
-0.281809355584
-0.232769475213
0.350799039511
0.488252179946
-0.280141111802
-0.164862008124
0.0834121891304
0.486961044722
-0.283574927019
-0.0645567611768
-0.171690760885
0.483307863831
-0.2920765837
-0.182659044569
-0.42508283406
0.478892067671
-0.305164916131
-0.220789807961
-0.654416621516
0.476234063238
-0.311585078275
-0.132900221754
-0.321008106924
0.475467562411
-0.311905971401
-0.038325041392
-0.0160446559867
0.474894062778
-0.312542782545
-0.0286749816531
-0.0318405572036
0.471713906774
-0.316654632696
-0.159007800227
-0.205592507559
0.466857692983
-0.318441454388
-0.24281068953
-0.0893410845763
0.464406396185
-0.318506990564
-0.122564839927
-0.00327680881056
0.464071692446
-0.315093092249
-0.0167351869421
0.170694915734
0.463978622873
-0.312698742281
-0.00465347863968
0.11971749838
0.46418215589
-0.308962504752
0.0101766508773
0.186811876485
0.465649515025
-0.306294135421
0.0733679567111
0.133418466538
0.469423536478
-0.302478227705
0.188701072661
0.190795385783
0.474169135507
-0.292074084208
0.237279951455
0.52020717485
0.477450357714
-0.277680088869
0.164061110367
0.719699766949
0.478899994283
-0.261614164824
0.072481828368
0.803296202714
0.483053082048
-0.247525440762
0.207654388229
0.704436203109
0.488048504613
-0.234567658821
0.24977112824
0.647889097068
0.492322711288
-0.215491831747
0.213710333754
0.953791354024
0.495912035627
-0.194469940144
0.179466216945
1.05109458014
0.498126600717
-0.180084354157
0.110728254464
0.719279299346
0.501562623468
-0.170869233633
0.171801137574
0.460756026248
0.506195592405
-0.164376087492
0.231648446851
0.324657307021
0.507491926892
-0.154419477778
0.064816724343
0.497830485716
0.508642834618
-0.149333548525
0.057545386301
0.254296462655
0.510608951392
-0.146077094286
0.0983058386769
0.162822711943
0.51343177965
-0.137935443507
0.141141412916
0.407082538966
0.518003261647
-0.128717977543
0.228574099847
0.46087329819
0.514779877821
-0.115254715724
-0.161169191279
0.673163090969
0.512013389666
-0.102161084535
-0.138324407744
0.654681559415
0.509342344492
-0.0911346974116
-0.133552258736
0.551319356187
0.508892836329
-0.0830278839325
-0.0224754081441
0.405340673957
0.504108035966
-0.0768370627326
-0.23924001815
0.309541059996
0.497605722145
-0.072741155207
-0.325115691051
0.204795376281
0.493595302736
-0.0705416171869
-0.200520970442
0.109976901004
0.49122492967
-0.0694372944734
-0.118518653318
0.0552161356755
0.489811387344
-0.0690615954516
-0.0706771162576
0.0187849510892
0.484573614589
-0.0670779255357
-0.261888637785
0.0991834957958
0.478523874042
-0.064774544293
-0.302487027361
0.115169062137
0.473759603535
-0.0643441522741
-0.238213525337
0.0215196009464
0.473002689787
-0.0634061000803
-0.0378456873778
0.0469026096918
0.472146592742
-0.0620102703553
-0.0428048522711
0.0697914862604
0.468364318106
-0.0612220017826
-0.189113731837
0.039413428713
0.46397552881
-0.0603337220527
-0.219439464828
0.0444139865957
0.463231398301
-0.0597521301189
-0.0372065254427
0.0290795967586
0.462556097465
-0.0591653704947
-0.0337650418531
0.0293379812831
0.462281830236
-0.0587699370731
-0.0137133614135
0.0197716710838
0.460509771375
-0.0584594874369
-0.0886029430623
0.0155224818057
0.459071714661
-0.0584543215019
-0.0719028357306
0.00025829675275
0.461215129565
-0.0588450013788
0.107170745221
-0.0195339938482
0.465250548061
-0.05932605601
0.201770924819
-0.0240527315595
0.465682027861
-0.0596093463399
0.0215739899746
-0.0141645164927
0.466826139916
-0.0602025592842
0.0572056027374
-0.0296606472174
0.470699076472
-0.0522977549258
0.193646827844
0.395240217921
0.475661918066
-0.0428294811838
0.248142079678
0.473413687099
0.477853753854
-0.0280625840077
0.109591789399
0.738344858806
0.480779576173
-0.0125244818134
0.146291115962
0.776905109718
0.483673958283
0.000926389642234
0.144719105473
0.67254357278
0.486393548242
0.0108328542283
0.135979497957
0.495323229304
0.490695838711
0.0070299502379
0.215114523469
-0.190145199521
0.494750405505
0.00298397510709
0.202728339684
-0.202298756541
0.497711413323
-0.000315691808603
0.148050390887
-0.164983345785
0.499292719864
-0.00757791337397
0.079065327072
-0.363111078268
0.501428349438
-0.0157033562183
0.106781478685
-0.406272142217
0.50292850812
-0.0180676592698
0.0750079341095
-0.118215152575
0.501614483648
-0.0220871254919
-0.0657012235981
-0.200973311105
0.498871822532
-0.0264072592097
-0.137133055811
-0.216006685893
0.497561611291
-0.0312109044918
-0.065510562059
-0.240182264103
0.498544369618
-0.0347292535987
0.0491379163621
-0.175917455345
0.499871690005
-0.0370389251024
0.0663660193649
-0.115483575184
0.496969907439
-0.0383112231136
-0.145089128324
-0.063614900564
0.494281994798
-0.0455069251745
-0.134395632057
-0.359785103042
0.492210741803
-0.0623157118028
-0.103562649715
-0.840439331418
0.492032055847
-0.0759363394245
-0.0089342977862
-0.681031381083
0.486589418384
-0.0833926368909
-0.272131873154
-0.37281487332
0.479634698088
-0.0869688463625
-0.347736014826
-0.17881047358
0.473594260387
-0.0888634137869
-0.302021885049
-0.09472837122
0.47224912534
-0.0961604842718
-0.0672567523414
-0.364853524245
0.470555849665
-0.0933614182909
-0.0846637837631
0.139953299043
0.465280497846
-0.0860174886248
-0.263767590937
0.367196483307
0.460055217326
-0.0773208995099
-0.261264026028
0.434829455742
0.458481195585
-0.075609499729
-0.0787010870381
0.0855699890493
0.461931928198
-0.0777587739923
0.172536630682
-0.107463713165
0.465056438567
-0.0746841798122
0.156225518408
0.153729709001
0.466519994849
-0.0764363277536
0.073177814121
-0.0876073970679
0.467086289034
-0.0780784005405
0.0283147092377
-0.0821036393469
0.469435829514
-0.0745825988022
0.11747702399
0.174790086916
0.475055594701
-0.0690542899574
0.280988259368
0.27641544224
0.474965063852
-0.0605931509708
-0.00452654245697
0.423056949333
0.472763772614
-0.0475555877437
-0.11006456188
0.651878161354
0.474200647013
-0.0389050702488
0.0718437199402
0.432525874745
0.479778065062
-0.0275030424311
0.278870902474
0.570101390883
0.483684650684
-0.0217455029611
0.195329281088
0.2878769735
0.48417984704
-0.0193322306082
0.0247598177924
0.120663617645
0.484952475554
-0.0188905395879
0.03863142572
0.0220845510164
0.485654772576
-0.0190996607686
0.0351148510898
-0.0104560590365
0.490950405109
-0.0196359812345
0.264781626641
-0.0268160232926
0.49044417362
-0.0193038228632
-0.0253115744553
0.0166079185659
0.489112423785
-0.0187339926872
-0.0665874917286
0.0284915087976
0.487540942722
-0.0178328700113
-0.0785740531862
0.0450561337979
0.490885575511
-0.0170355916926
0.167231639465
0.0398639159349
0.495615536262
-0.0160195504052
0.236498037561
0.0508020643669
0.491269117403
-0.0142961062676
-0.217320942978
0.086172206879
0.488381628081
-0.0128097065056
-0.144374466068
0.0743199881037
0.485047072702
-0.0115979278017
-0.166727768969
0.0605889351914
0.482600178595
-0.0105285780383
-0.122344705325
0.0534674881725
0.477001793993
-0.0176698201388
-0.279919230106
-0.357062105025
0.469289013181
-0.0257697558273
-0.385639040605
-0.404996784424
0.464807584954
-0.0271354199931
-0.224071411365
-0.0682832082893
0.46087324728
-0.0256823737081
-0.196716883675
0.0726523142485
0.457132084404
-0.0379780699843
-0.187058143808
-0.61478481381
0.450296171814
-0.0483342069525
-0.34179562951
-0.517806848409
0.44264067312
-0.0632537981881
-0.382774934686
-0.745979561782
0.436884348875
-0.0719874309447
-0.287816212281
-0.436681637831
0.434765855889
-0.0784097378082
-0.105924649267
-0.321115343173
0.433157876378
-0.0781928407018
-0.0803989755526
0.0108448553209
0.431814899938
-0.0760079105402
-0.0671488220228
0.109246508078
0.432617476847
-0.0796419643497
0.0401288454795
-0.181702690476
0.433840068159
-0.0816106465608
0.0611295655921
-0.0984341105549
0.436709520991
-0.0839331583533
0.1434726416
-0.116125589623
0.436338310521
-0.0889238044347
-0.0185605234892
-0.249532304069
0.43420099722
-0.097093048919
-0.106865665049
-0.408462224216
0.435084713475
-0.108414303137
0.0441858127416
-0.566062710891
0.436814799367
-0.12203530538
0.0865042945725
-0.681050112142
0.440112260611
-0.137142396136
0.164873062205
-0.755354537814
0.443184908165
-0.151733396645
0.153632377687
-0.729550025448
0.444393354833
-0.167056777286
0.0604223334169
-0.766169032048
0.445816735758
-0.183115163781
0.0711690462517
-0.80291932476
0.44845371293
-0.199666528921
0.131848858597
-0.827568257
0.449795394583
-0.215224934532
0.0670840826636
-0.777920280536
0.451375680543
-0.229269619281
0.0790142979952
-0.702234237467
0.456165995611
-0.234167443731
0.239515753422
-0.24489122251
0.462599001912
-0.243295603734
0.321650315024
-0.456408000122
0.470971487499
-0.253860830644
0.418624279356
-0.528261345533
0.472684727229
-0.272291304852
0.0856619864885
-0.921523710403
0.475474311698
-0.276984322508
0.139479223458
-0.234650882791
0.479124938394
-0.280316000208
0.182531334788
-0.166583884987
0.486233542892
-0.295949052423
0.355430224904
-0.781652610739
0.495491754872
-0.308830400224
0.462910599028
-0.64406739008
0.497131308828
-0.317695138902
0.0819776977617
-0.443236933897
0.500558707951
-0.311004835701
0.171369956146
0.334515160065
0.502155193605
-0.304591977288
0.0798242827411
0.320642920654
0.50518576629
-0.302979158863
0.151528634239
0.0806409212561
0.506296081985
-0.295036431988
0.0555157853445
0.397136341386
0.507315992484
-0.288424475869
0.0509955249413
0.330597805969
0.507981663249
-0.285616832779
0.0332835382166
0.140382154521
0.51067318774
-0.285698495889
0.134576224581
-0.00408315551832
0.515238526832
-0.286713507257
0.228266954605
-0.0507505684119
0.515297207561
-0.278911553398
0.00293403717051
0.390097690425
0.514351150541
-0.268742089282
-0.0473028509578
0.508473205781
0.512393924024
-0.259520022338
-0.0978613259233
0.461103347266
0.509222512338
-0.253180074828
-0.158570584283
0.316997375509
0.507457791049
-0.247936254709
-0.0882360645106
0.262191006055
0.502842006957
-0.24858368825
-0.230789204585
-0.0323716770525
0.499343657297
-0.249942905937
-0.174917482995
-0.0679608843851
0.498006212951
-0.248234338318
-0.0668722172919
0.0854283809863
0.498579462048
-0.240874265529
0.028662454828
0.368003639438
0.495304951339
-0.240538632646
-0.163725535454
0.0167816441617
0.489354233697
-0.241726928902
-0.297535882166
-0.059414812604
0.484100029337
-0.245943831705
-0.262710218006
-0.210845140118
0.479718097699
-0.253951821448
-0.219096581908
-0.40039948715
0.47792263156
-0.264409462853
-0.0897733069184
-0.522882070242
0.472689975926
-0.278679373522
-0.261632781744
-0.713495533474
0.468511304772
-0.294944495556
-0.208933557653
-0.813256101693
0.465707566066
-0.311876282021
-0.140186935307
-0.846589323269
0.465395621467
-0.329312517987
-0.0155972299518
-0.871811798293
0.463929752255
-0.346637079262
-0.0732934606255
-0.866228063748
0.460553826472
-0.363759572589
-0.168796289118
-0.856124666333
0.46017023463
-0.381548843927
-0.0191795921411
-0.889463566891
0.463227926646
-0.382615159839
0.152884600823
-0.0533157956017
0.467858071292
-0.377670088023
0.231507232314
0.247253590797
0.469249566217
-0.367859209646
0.0695747462387
0.490543918823
0.469978651521
-0.353397847469
0.0364542651748
0.723068108774
0.472672002745
-0.341486582187
0.134667561226
0.595563264108
0.478364161979
-0.332844842839
0.284607961688
0.432086967396
0.483842729487
-0.320675479996
0.273928375406
0.60846814218
0.488319865829
-0.305797275732
0.223856817081
0.743910213178
0.491817174562
-0.29037104227
0.174865436678
0.771311673087
0.496708799865
-0.27516968415
0.244581265112
0.760067906221
0.502994025561
-0.260419098573
0.314261284832
0.737529278885
0.507414685419
-0.247112621334
0.221032992854
0.665323862
0.509522682287
-0.232576992047
0.105399843384
0.726781464724
0.511045668811
-0.219177659605
0.0761493261824
0.669966622147
0.51411358599
-0.201834345435
0.153395858898
0.867165708919
0.520488083092
-0.187648939495
0.318724855124
0.709270296987
0.524322869291
-0.17952635774
0.191739309945
0.406129087732
0.527089961851
-0.177039231284
0.138354627992
0.124356322806
0.526075820594
-0.172465132018
-0.0507070628563
0.228704963403
0.523368291666
-0.172886879522
-0.135376446439
-0.0210873752131
0.521374918709
-0.168115416836
-0.0996686478564
0.238573134572
0.517714278427
-0.157339859299
-0.183032014206
0.538777877486
0.515064859205
-0.145860759128
-0.132470961124
0.573955008621
0.516777533025
-0.136425209474
0.0856336910201
0.471777482717
0.519253626527
-0.129303171265
0.123804675104
0.356101910423
0.518212220246
-0.124050809843
-0.0520703140669
0.262618071125
0.514788164229
-0.1205297342
-0.171202800814
0.176053782158
0.510108567486
-0.118137435486
-0.233979837189
0.119614935708
0.509824583003
-0.117137854298
-0.0141992241531
0.049979059404
0.510971489397
-0.11620127226
0.0573453197181
0.0468291019029
0.507046599806
-0.114496849149
-0.196244479554
0.0852211555582
0.503307050401
-0.113457755539
-0.186977470263
0.0519546804815
0.497563970948
-0.112293097995
-0.287153972651
0.0582328772195
0.494021799056
-0.111893215426
-0.177108594584
0.0199941284265
0.489553314495
-0.111432658971
-0.223424228066
0.0230278227853
0.483526933782
-0.111161029397
-0.301319035624
0.0135814787056
0.479866868199
-0.111552501821
-0.183003279178
-0.0195736212238
0.47812719856
-0.112093258859
-0.0869834819171
-0.0270378518879
0.477740072599
-0.112697483844
-0.0193562980595
-0.03021124927
0.474102948057
-0.103115973552
-0.181856227138
0.479075514668
0.469977250433
-0.0960926394914
-0.206284881153
0.351166703008
0.466874131816
-0.0913519895649
-0.155155930859
0.237032496324
0.465541339475
-0.0882792936579
-0.0666396170412
0.153634795351
0.466001500304
-0.0863210415602
0.0230080414456
0.0979126048863
0.465472544972
-0.0848488259207
-0.0264477666343
0.0736107819721
0.465212930115
-0.0839750638844
-0.0129807428556
0.0436881018182
0.467515526698
-0.0767779434795
0.115129829182
0.359856020244
0.471251423282
-0.0672380003425
0.186794829203
0.476997156853
0.470660527308
-0.049642854751
-0.0295447987148
0.879757279574
0.470794487701
-0.0426685310421
0.00669801963427
0.348716185445
0.471658302057
-0.0419731765177
0.0431907178349
0.0347677262185
0.47545277539
-0.0452875616234
0.189723666634
-0.165719255285
0.479840063099
-0.0486203502531
0.219364385424
-0.166639431483
0.48239587174
-0.0511555149548
0.127790432057
-0.126758235087
0.483386569559
-0.0531434458623
0.0495348909829
-0.0993965453756
0.485985815648
-0.0546847825406
0.129962304448
-0.0770668339126
0.488899285379
-0.0556738496625
0.145673486559
-0.0494533560947
0.48956356006
-0.0425577581008
0.0332137340041
0.655804578085
0.490235492736
-0.0308906544189
0.0335966338366
0.583355184093
0.490483579904
-0.0255407945967
0.0124043584005
0.267492991111
0.491948336449
-0.018928003344
0.0732378272581
0.330639562633
0.493918599801
-0.0177435648993
0.0985131675932
0.0592219222351
0.497307190862
-0.0192525912341
0.169429553047
-0.0754513167379
0.496759914472
-0.021525561319
-0.0273638194948
-0.113648504245
0.494261519712
-0.0238271446931
-0.124919738033
-0.115079168704
0.492385730072
-0.0201400583378
-0.0937894819637
0.184354317764
