     1603810188
     536244415
     1603810188
     546248637
     1603810188
     556246203
     1603810188
     566255671
     1603810188
     576247266
     1603810188
     586246280
     1603810188
     596243215
     1603810188
     606278566
     1603810188
     616254007
     1603810188
     626250633
     1603810188
     636248149
     1603810188
     646247332
     1603810188
     656250508
     1603810188
     666247657
     1603810188
     676248909
     1603810188
     686269158
     1603810188
     696250185
     1603810188
     706242779
     1603810188
     716244666
     1603810188
     726250221
     1603810188
     736255028
     1603810188
     746249149
     1603810188
     756245874
     1603810188
     766241076
     1603810188
     776248117
     1603810188
     786260120
     1603810188
     796253554
     1603810188
     806255512
     1603810188
     816247451
     1603810188
     826244105
     1603810188
     836241422
     1603810188
     846250843
     1603810188
     856251237
     1603810188
     866248824
     1603810188
     876246448
     1603810188
     886257802
     1603810188
     896252230
     1603810188
     906253736
     1603810188
     916246684
     1603810188
     926243033
     1603810188
     936244395
     1603810188
     946245998
     1603810188
     956246870
     1603810188
     966255014
     1603810188
     976254453
     1603810188
     986248752
     1603810188
     996246554
     1603810189
       6253111
     1603810189
      16247255
     1603810189
      26254869
     1603810189
      36264463
     1603810189
      46248770
     1603810189
      56244748
     1603810189
      66242667
     1603810189
      76243075
     1603810189
      86251289
     1603810189
      96246853
     1603810189
     106246329
     1603810189
     116241463
     1603810189
     126246243
     1603810189
     136249537
     1603810189
     146255570
     1603810189
     156248678
     1603810189
     166250396
     1603810189
     176253222
     1603810189
     186244931
     1603810189
     196243448
     1603810189
     206256709
     1603810189
     216255423
     1603810189
     226245301
     1603810189
     236244780
     1603810189
     246245504
     1603810189
     256251847
     1603810189
     266254053
     1603810189
     276246811
     1603810189
     286253253
     1603810189
     296244482
     1603810189
     306247921
     1603810189
     316241455
     1603810189
     326252218
     1603810189
     336252250
     1603810189
     346253546
     1603810189
     356248767
     1603810189
     366248910
     1603810189
     376248792
     1603810189
     386247656
     1603810189
     396246684
     1603810189
     406255837
     1603810189
     416265015
     1603810189
     426246356
     1603810189
     436243271
     1603810189
     446249378
     1603810189
     456249287
     1603810189
     466251758
     1603810189
     476252169
     1603810189
     486254529
     1603810189
     496250644
     1603810189
     506247221
     1603810189
     516246224
     1603810189
     526261632
     1603810189
     536248699
     1603810189
     546247807
     1603810189
     556243371
     1603810189
     566250065
     1603810189
     576251417
     1603810189
     586255170
     1603810189
     596244044
     1603810189
     606253828
     1603810189
     616242463
     1603810189
     626247825
     1603810189
     636248097
     1603810189
     646259418
     1603810189
     656255941
     1603810189
     666244820
     1603810189
     676247555
     1603810189
     686253795
     1603810189
     696253189
     1603810189
     706252127
     1603810189
     716246420
     1603810189
     726246003
     1603810189
     736249011
     1603810189
     746248170
     1603810189
     756255449
     1603810189
     766250302
     1603810189
     776251496
     1603810189
     786248857
     1603810189
     796267898
     1603810189
     806255108
     1603810189
     816288212
     1603810189
     826250067
     1603810189
     836249290
     1603810189
     846250655
     1603810189
     856249601
     1603810189
     866253971
     1603810189
     876252642
     1603810189
     886254968
     1603810189
     896244580
     1603810189
     906244674
     1603810189
     916245568
     1603810189
     926251070
     1603810189
     936252094
     1603810189
     946250712
     1603810189
     956242209
     1603810189
     966246457
     1603810189
     976252065
     1603810189
     986243450
     1603810189
     996254694
     1603810190
       6254217
     1603810190
      16244968
     1603810190
      26249639
     1603810190
      36247942
     1603810190
      46250137
     1603810190
      56249794
     1603810190
      66248372
     1603810190
      76243603
     1603810190
      86256984
     1603810190
      96250032
     1603810190
     106253112
     1603810190
     116279417
     1603810190
     126244924
     1603810190
     136251546
     1603810190
     146251741
     1603810190
     156245205
     1603810190
     166243816
     1603810190
     176251035
     1603810190
     186259452
     1603810190
     196255858
     1603810190
     206254111
     1603810190
     216266938
     1603810190
     226244227
     1603810190
     236243691
     1603810190
     246253644
     1603810190
     256250422
     1603810190
     266263269
     1603810190
     276248995
     1603810190
     286254355
     1603810190
     296250237
     1603810190
     306251879
     1603810190
     316248367
     1603810190
     326245349
     1603810190
     336244315
     1603810190
     346247724
     1603810190
     356244012
     1603810190
     366252853
     1603810190
     376254515
     1603810190
     386245938
     1603810190
     396245625
     1603810190
     406252699
     1603810190
     416248226
     1603810190
     426256205
     1603810190
     436250419
     1603810190
     446245405
     1603810190
     456251768
     1603810190
     466247264
     1603810190
     476248257
     1603810190
     486269359
     1603810190
     496250830
     1603810190
     506249291
     1603810190
     516244532
     1603810190
     526242335
     1603810190
     536271333
     1603810190
     546253085
     1603810190
     556248835
     1603810190
     566247370
     1603810190
     576251123
     1603810190
     586244169
     1603810190
     596247647
     1603810190
     606257471
     1603810190
     616249345
     1603810190
     626217769
     1603810190
     636241002
     1603810190
     646250508
     1603810190
     656247996
     1603810190
     666251764
     1603810190
     676254087
     1603810190
     686254849
     1603810190
     696252488
     1603810190
     706252615
     1603810190
     716253494
     1603810190
     726249614
     1603810190
     736248776
     1603810190
     746247346
     1603810190
     756241233
     1603810190
     766246915
     1603810190
     776249222
     1603810190
     786251668
     1603810190
     796249929
     1603810190
     806253142
     1603810190
     816251079
     1603810190
     826249407
     1603810190
     836252541
     1603810190
     846256525
     1603810190
     856249375
     1603810190
     866250319
     1603810190
     876247922
     1603810190
     886253479
     1603810190
     896257389
     1603810190
     906253010
     1603810190
     916249978
     1603810190
     926253847
     1603810190
     936251132
     1603810190
     946251535
     1603810190
     956246187
     1603810190
     966250564
     1603810190
     976245376
     1603810190
     986252551
     1603810190
     996249607
     1603810191
       6254226
     1603810191
      16244439
     1603810191
      26244619
     1603810191
      36245866
     1603810191
      46257415
     1603810191
      56251781
     1603810191
      66271027
     1603810191
      76246939
     1603810191
      86251195
     1603810191
      96251253
     1603810191
     106254942
     1603810191
     116246781
     1603810191
     126267913
     1603810191
     136252708
     1603810191
     146251969
     1603810191
     156246967
     1603810191
     166249582
     1603810191
     176255796
     1603810191
     186266490
     1603810191
     196246144
     1603810191
     206247640
     1603810191
     216244741
     1603810191
     226251763
     1603810191
     236272968
     1603810191
     246256694
     1603810191
     256248669
     1603810191
     266251475
     1603810191
     276248850
     1603810191
     286261262
     1603810191
     296251344
     1603810191
     306251170
     1603810191
     316241435
     1603810191
     326242792
     1603810191
     336246094
     1603810191
     346256440
     1603810191
     356253513
     1603810191
     366249992
     1603810191
     376248701
     1603810191
     386246942
     1603810191
     396242446
     1603810191
     406282479
     1603810191
     416252343
     1603810191
     426247728
     1603810191
     436242716
     1603810191
     446246892
     1603810191
     456248357
     1603810191
     466254556
     1603810191
     476252243
     1603810191
     486251643
     1603810191
     496247606
     1603810191
     506244172
     1603810191
     516244719
     1603810191
     526246121
     1603810191
     536246174
     1603810191
     546261766
     1603810191
     556247119
     1603810191
     566255286
     1603810191
     576246452
     1603810191
     586249605
     1603810191
     596251037
     1603810191
     606253445
     1603810191
     616247190
     1603810191
     626247951
     1603810191
     636245495
     1603810191
     646251950
     1603810191
     656250411
     1603810191
     666250171
     1603810191
     676248329
     1603810191
     686254970
     1603810191
     696247722
     1603810191
     706253460
     1603810191
     716248421
     1603810191
     726246956
     1603810191
     736246594
     1603810191
     746253208
     1603810191
     756245317
     1603810191
     766268783
     1603810191
     776258025
     1603810191
     786257109
     1603810191
     796249630
     1603810191
     806251682
     1603810191
     816277377
     1603810191
     826270832
     1603810191
     836249076
     1603810191
     846247270
     1603810191
     856248951
     1603810191
     866245651
     1603810191
     876245380
     1603810191
     886253721
     1603810191
     896248133
     1603810191
     906247211
     1603810191
     916246649
     1603810191
     926249652
     1603810191
     936245752
     1603810191
     946265266
     1603810191
     956251877
     1603810191
     966272086
     1603810191
     976248603
     1603810191
     986246166
     1603810191
     996244511
     1603810192
       6252583
     1603810192
      16250828
     1603810192
      26252911
     1603810192
      36248554
     1603810192
      46251163
     1603810192
      56252229
     1603810192
      66244039
     1603810192
      76247018
     1603810192
      86258390
     1603810192
      96247093
     1603810192
     106249164
     1603810192
     116246917
     1603810192
     126240973
     1603810192
     136245421
     1603810192
     146249040
     1603810192
     156248275
     1603810192
     166262535
     1603810192
     176247448
     1603810192
     186244543
     1603810192
     196267940
     1603810192
     206262857
     1603810192
     216251797
     1603810192
     226249163
     1603810192
     236249440
     1603810192
     246254767
     1603810192
     256252192
     1603810192
     266247340
     1603810192
     276246960
     1603810192
     286266626
     1603810192
     296254276
     1603810192
     306249198
     1603810192
     316250943
     1603810192
     326249377
     1603810192
     336254677
     1603810192
     346256072
     1603810192
     356255392
     1603810192
     366257138
     1603810192
     376247465
     1603810192
     386246096
     1603810192
     396249365
     1603810192
     406266802
     1603810192
     416250523
     1603810192
     426252443
     1603810192
     436247945
     1603810192
     446245616
     1603810192
     456252151
     1603810192
     466248686
     1603810192
     476242719
     1603810192
     486246617
     1603810192
     496258356
     1603810192
     506256043
     1603810192
     516251346
     1603810192
     526257534
     1603810192
     536252542
     1603810192
     546246532
     1603810192
     556249790
     1603810192
     566256151
     1603810192
     576246936
     1603810192
     586247304
     1603810192
     596243367
     1603810192
     606249572
     1603810192
     616253853
     1603810192
     626252445
     1603810192
     636242814
     1603810192
     646254195
     1603810192
     656248716
     1603810192
     666266599
     1603810192
     676248623
     1603810192
     686256738
     1603810192
     696254293
     1603810192
     706249614
     1603810192
     716252082
     1603810192
     726252500
     1603810192
     736248550
     1603810192
     746252887
     1603810192
     756247759
     1603810192
     766249660
     1603810192
     776254167
     1603810192
     786259139
     1603810192
     796254228
     1603810192
     806260284
     1603810192
     816247456
     1603810192
     826247549
     1603810192
     836246225
     1603810192
     846257188
     1603810192
     856257594
     1603810192
     866251387
     1603810192
     876243428
     1603810192
     886257954
     1603810192
     896247860
     1603810192
     906256267
     1603810192
     916247766
     1603810192
     926252008
     1603810192
     936251123
     1603810192
     946252909
     1603810192
     956250494
     1603810192
     966265906
     1603810192
     976232271
     1603810192
     986276211
     1603810192
     996242031
     1603810193
       6254321
     1603810193
      16249277
     1603810193
      26254085
     1603810193
      36222685
     1603810193
      46254697
     1603810193
      56254954
     1603810193
      66257767
     1603810193
      76250651
     1603810193
      86253438
     1603810193
      96251113
     1603810193
     106250952
     1603810193
     116249925
     1603810193
     126244241
     1603810193
     136250604
     1603810193
     146255978
     1603810193
     156249496
     1603810193
     166260483
     1603810193
     176253845
     1603810193
     186248760
     1603810193
     196248253
     1603810193
     206251112
     1603810193
     216249214
     1603810193
     226249223
     1603810193
     236249343
     1603810193
     246249561
     1603810193
     256275493
     1603810193
     266251530
     1603810193
     276254416
     1603810193
     286252613
     1603810193
     296252621
     1603810193
     306246437
     1603810193
     316241763
     1603810193
     326253146
     1603810193
     336247840
     1603810193
     346254381
     1603810193
     356249149
     1603810193
     366265507
     1603810193
     376249720
     1603810193
     386247092
     1603810193
     396245033
     1603810193
     406247073
     1603810193
     416253325
     1603810193
     426255694
     1603810193
     436250017
     1603810193
     446252035
     1603810193
     456246202
     1603810193
     466247180
     1603810193
     476251607
     1603810193
     486254847
     1603810193
     496249670
     1603810193
     506248509
     1603810193
     516268219
     1603810193
     526248508
     1603810193
     536251815
     1603810193
     546251714
     1603810193
     556246940
     1603810193
     566247874
     1603810193
     576274134
     1603810193
     586257185
     1603810193
     596253390
     1603810193
     606254819
     1603810193
     616246306
     1603810193
     626244109
     1603810193
     636259958
     1603810193
     646261107
     1603810193
     656275303
     1603810193
     666249132
     1603810193
     676248363
     1603810193
     686253913
     1603810193
     696267476
     1603810193
     706256752
     1603810193
     716252461
     1603810193
     726251375
     1603810193
     736252679
     1603810193
     746253256
     1603810193
     756246586
     1603810193
     766256382
     1603810193
     776249081
     1603810193
     786261839
     1603810193
     796245469
     1603810193
     806256579
     1603810193
     816245821
     1603810193
     826254587
     1603810193
     836248214
     1603810193
     846250809
     1603810193
     856252215
     1603810193
     866246174
     1603810193
     876243718
     1603810193
     886252447
     1603810193
     896249159
     1603810193
     906250288
     1603810193
     916243148
     1603810193
     926249443
     1603810193
     936244975
     1603810193
     946250422
     1603810193
     956253023
     1603810193
     966251237
     1603810193
     976251463
     1603810193
     986244766
     1603810193
     996272966
     1603810194
       6260023
     1603810194
      16253403
     1603810194
      26246089
     1603810194
      36271560
     1603810194
      46245514
     1603810194
      56246765
     1603810194
      66247198
     1603810194
      76246506
     1603810194
      86255283
     1603810194
      96249563
     1603810194
     106249770
     1603810194
     116247911
     1603810194
     126253734
     1603810194
     136250279
     1603810194
     146257473
     1603810194
     156252554
     1603810194
     166250263
     1603810194
     176251912
     1603810194
     186250001
     1603810194
     196253162
     1603810194
     206251409
     1603810194
     216254360
     1603810194
     226245190
     1603810194
     236245977
     1603810194
     246249086
     1603810194
     256253855
     1603810194
     266252076
     1603810194
     276242727
     1603810194
     286266363
     1603810194
     296251732
     1603810194
     306245857
     1603810194
     316253383
     1603810194
     326253162
     1603810194
     336252401
     1603810194
     346254156
     1603810194
     356251198
     1603810194
     366248240
     1603810194
     376255736
     1603810194
     386257755
     1603810194
     396251415
     1603810194
     406246914
     1603810194
     416246618
     1603810194
     426246579
     1603810194
     436246548
     1603810194
     446256026
     1603810194
     456253633
     1603810194
     466250286
     1603810194
     476248452
     1603810194
     486279460
     1603810194
     496244938
     1603810194
     506252235
     1603810194
     516244219
     1603810194
     526243628
     1603810194
     536251432
     1603810194
     546252750
     1603810194
     556245937
     1603810194
     566253047
     1603810194
     576254464
     1603810194
     586248555
     1603810194
     596248407
     1603810194
     606251849
     1603810194
     616250767
     1603810194
     626253340
     1603810194
     636247352
     1603810194
     646255730
     1603810194
     656246717
     1603810194
     666261018
     1603810194
     676252378
     1603810194
     686255194
     1603810194
     696247642
     1603810194
     706250282
     1603810194
     716245423
     1603810194
     726247284
     1603810194
     736257244
     1603810194
     746252681
     1603810194
     756252167
     1603810194
     766252712
     1603810194
     776247750
     1603810194
     786246680
     1603810194
     796243867
     1603810194
     806250678
     1603810194
     816250683
     1603810194
     826254738
     1603810194
     836252220
     1603810194
     846252098
     1603810194
     856252333
     1603810194
     866247871
     1603810194
     876240876
     1603810194
     886257329
     1603810194
     896248149
     1603810194
     906246371
     1603810194
     916248881
     1603810194
     926267404
     1603810194
     936250910
     1603810194
     946248658
     1603810194
     956243183
     1603810194
     966251626
     1603810194
     976250180
     1603810194
     986255576
     1603810194
     996246482
     1603810195
       6259487
     1603810195
      16246310
     1603810195
      26242942
     1603810195
      36248653
     1603810195
      46257299
     1603810195
      56255399
     1603810195
      66250486
     1603810195
      76247018
     1603810195
      86246465
     1603810195
      96253190
     1603810195
     106251356
     1603810195
     116244299
     1603810195
     126244959
     1603810195
     136244592
     1603810195
     146246905
     1603810195
     156245879
     1603810195
     166269131
     1603810195
     176248238
     1603810195
     186254020
     1603810195
     196243660
     1603810195
     206254468
     1603810195
     216247867
     1603810195
     226248369
     1603810195
     236240807
     1603810195
     246249284
     1603810195
     256254281
     1603810195
     266255015
     1603810195
     276250411
     1603810195
     286251279
     1603810195
     296247067
     1603810195
     306263770
     1603810195
     316247128
     1603810195
     326261115
     1603810195
     336252835
     1603810195
     346249083
     1603810195
     356246717
     1603810195
     366266913
     1603810195
     376271535
     1603810195
     386254353
     1603810195
     396247051
     1603810195
     406249971
     1603810195
     416244636
     1603810195
     426247698
     1603810195
     436245431
     1603810195
     446245047
     1603810195
     456251684
     1603810195
     466252491
     1603810195
     476249202
     1603810195
     486268476
     1603810195
     496249985
     1603810195
     506254743
     1603810195
     516253739
     1603810195
     526252498
     1603810195
     536251420
     1603810195
     546252531
     1603810195
     556244914
     1603810195
     566250206
     1603810195
     576257902
     1603810195
     586249819
     1603810195
     596249795
     1603810195
     606252786
     1603810195
     616251951
     1603810195
     626251330
     1603810195
     636259417
     1603810195
     646249419
     1603810195
     656249710
     1603810195
     666243698
     1603810195
     676249436
     1603810195
     686255632
     1603810195
     696256062
     1603810195
     706260263
     1603810195
     716251303
     1603810195
     726250976
     1603810195
     736250700
     1603810195
     746252259
     1603810195
     756258533
     1603810195
     766254168
     1603810195
     776253143
     1603810195
     786251186
     1603810195
     796246391
     1603810195
     806255991
     1603810195
     816254380
     1603810195
     826250275
     1603810195
     836241462
     1603810195
     846255535
     1603810195
     856250496
     1603810195
     866248925
     1603810195
     876255248
     1603810195
     886246996
     1603810195
     896252513
     1603810195
     906247465
     1603810195
     916248150
     1603810195
     926265970
     1603810195
     936249539
     1603810195
     946253409
     1603810195
     956248940
     1603810195
     966249243
     1603810195
     976246785
     1603810195
     986251742
     1603810195
     996254914
     1603810196
       6248937
     1603810196
      16247483
     1603810196
      26248178
     1603810196
      36246022
     1603810196
      46247585
     1603810196
      56254220
     1603810196
      66249560
     1603810196
      76272288
     1603810196
      86249592
     1603810196
      96261709
     1603810196
     106247778
     1603810196
     116255491
     1603810196
     126254690
     1603810196
     136245774
     1603810196
     146275579
     1603810196
     156246080
     1603810196
     166247610
     1603810196
     176247379
     1603810196
     186249776
     1603810196
     196248035
     1603810196
     206246196
     1603810196
     216245030
     1603810196
     226253856
     1603810196
     236244031
     1603810196
     246249721
     1603810196
     256255016
     1603810196
     266250636
     1603810196
     276247753
     1603810196
     286256458
     1603810196
     296255110
     1603810196
     306273960
     1603810196
     316248691
     1603810196
     326253248
     1603810196
     336252563
     1603810196
     346254136
     1603810196
     356245357
     1603810196
     366244417
     1603810196
     376252223
     1603810196
     386248735
     1603810196
     396245213
     1603810196
     406254099
     1603810196
     416244854
     1603810196
     426252496
     1603810196
     436246621
     1603810196
     446253400
     1603810196
     456252698
     1603810196
     466245973
     1603810196
     476241479
     1603810196
     486253555
     1603810196
     496250201
     1603810196
     506248575
     1603810196
     516243597
     1603810196
     526248118
     1603810196
     536245830
     1603810196
     546246691
     1603810196
     556251579
     1603810196
     566259626
     1603810196
     576248867
     1603810196
     586249853
     1603810196
     596240758
     1603810196
     606256686
     1603810196
     616246702
     1603810196
     626255295
     1603810196
     636245921
     1603810196
     646250792
     1603810196
     656254142
     1603810196
     666244323
     1603810196
     676246826
     1603810196
     686266112
     1603810196
     696254317
     1603810196
     706248330
     1603810196
     716244094
     1603810196
     726246141
     1603810196
     736245724
     1603810196
     746247544
     1603810196
     756252782
     1603810196
     766249913
     1603810196
     776248991
     1603810196
     786247623
     1603810196
     796246068
     1603810196
     806256538
     1603810196
     816247270
     1603810196
     826243994
     1603810196
     836245728
     1603810196
     846247040
     1603810196
     856244858
     1603810196
     866257514
     1603810196
     876252152
     1603810196
     886253607
     1603810196
     896264841
     1603810196
     906250224
     1603810196
     916250447
     1603810196
     926256849
     1603810196
     936272394
     1603810196
     946249539
     1603810196
     956240788
     1603810196
     966247752
     1603810196
     976250502
     1603810196
     986257163
     1603810196
     996252694
     1603810197
       6256731
     1603810197
      16246580
     1603810197
      26248175
     1603810197
      36244016
     1603810197
      46252183
     1603810197
      56251803
     1603810197
      66249461
     1603810197
      76247487
     1603810197
      86243533
     1603810197
      96249511
     1603810197
     106257335
     1603810197
     116244020
     1603810197
     126252311
     1603810197
     136249044
     1603810197
     146248272
     1603810197
     156254615
     1603810197
     166254516
     1603810197
     176248926
     1603810197
     186247314
     1603810197
     196244633
     1603810197
     206252288
     1603810197
     216254164
     1603810197
     226253540
     1603810197
     236245581
     1603810197
     246243537
     1603810197
     256277241
     1603810197
     266245433
     1603810197
     276273922
     1603810197
     286254725
     1603810197
     296249612
     1603810197
     306250440
     1603810197
     316240942
     1603810197
     326249371
     1603810197
     336252538
     1603810197
     346248175
     1603810197
     356243539
     1603810197
     366248589
     1603810197
     376251322
     1603810197
     386253276
     1603810197
     396251892
     1603810197
     406249808
     1603810197
     416245567
     1603810197
     426249657
     1603810197
     436248693
     1603810197
     446262207
     1603810197
     456256652
     1603810197
     466251902
     1603810197
     476268338
     1603810197
     486255262
     1603810197
     496254751
     1603810197
     506257248
     1603810197
     516248239
     1603810197
     526251123
     1603810197
     536248419
     1603810197
     546250293
     1603810197
     556243674
     1603810197
     566243581
     1603810197
     576247329
     1603810197
     586247904
     1603810197
     596243302
     1603810197
     606256373
     1603810197
     616250054
     1603810197
     626245878
     1603810197
     636244562
     1603810197
     646257768
     1603810197
     656250570
     1603810197
     666247449
     1603810197
     676245413
     1603810197
     686250214
     1603810197
     696254786
     1603810197
     706254463
     1603810197
     716248222
     1603810197
     726247273
     1603810197
     736247743
     1603810197
     746251579
     1603810197
     756247227
     1603810197
     766253188
     1603810197
     776252462
     1603810197
     786244675
     1603810197
     796250045
     1603810197
     806257170
     1603810197
     816249337
     1603810197
     826256313
     1603810197
     836250157
     1603810197
     846245488
     1603810197
     856252768
     1603810197
     866250910
     1603810197
     876245765
     1603810197
     886254631
     1603810197
     896254046
     1603810197
     906243766
     1603810197
     916243207
     1603810197
     926247337
     1603810197
     936249034
     1603810197
     946256504
     1603810197
     956275879
     1603810197
     966246372
     1603810197
     976248269
     1603810197
     986248386
     1603810197
     996251312
     1603810198
       6256164
     1603810198
      16250008
     1603810198
      26247755
     1603810198
      36243238
     1603810198
      46252799
     1603810198
      56253247
     1603810198
      66268160
     1603810198
      76242955
     1603810198
      86264104
     1603810198
      96250578
     1603810198
     106261942
     1603810198
     116242862
     1603810198
     126251615
     1603810198
     136251166
     1603810198
     146255122
     1603810198
     156247961
     1603810198
     166247938
     1603810198
     176251632
     1603810198
     186243763
     1603810198
     196247280
     1603810198
     206249625
     1603810198
     216251841
     1603810198
     226246295
     1603810198
     236248910
     1603810198
     246254726
     1603810198
     256248807
     1603810198
     266257516
     1603810198
     276252929
     1603810198
     286250044
     1603810198
     296253282
     1603810198
     306248174
     1603810198
     316245089
     1603810198
     326262113
     1603810198
     336252590
     1603810198
     346252189
     1603810198
     356247495
     1603810198
     366253102
     1603810198
     376256222
     1603810198
     386253095
     1603810198
     396251218
     1603810198
     406260875
     1603810198
     416245911
     1603810198
     426243867
     1603810198
     436248377
     1603810198
     446276297
     1603810198
     456249972
     1603810198
     466248749
     1603810198
     476246366
     1603810198
     486245908
     1603810198
     496250367
     1603810198
     506243534
     1603810198
     516254420
     1603810198
     526251710
     1603810198
     536273742
     1603810198
     546248245
     1603810198
     556248641
     1603810198
     566253790
     1603810198
     576250959
     1603810198
     586253909
     1603810198
     596243244
     1603810198
     606254926
     1603810198
     616244736
     1603810198
     626246918
     1603810198
     636255169
     1603810198
     646248238
     1603810198
     656248854
     1603810198
     666247953
     1603810198
     676244081
     1603810198
     686251625
     1603810198
     696252245
     1603810198
     706278243
     1603810198
     716246931
     1603810198
     726258305
     1603810198
     736248545
     1603810198
     746249367
     1603810198
     756259872
     1603810198
     766253546
     1603810198
     776285485
     1603810198
     786250220
     1603810198
     796250627
     1603810198
     806252922
     1603810198
     816251018
     1603810198
     826253299
     1603810198
     836241732
     1603810198
     846244358
     1603810198
     856251712
     1603810198
     866254012
     1603810198
     876250230
     1603810198
     886255865
     1603810198
     896248204
     1603810198
     906245922
     1603810198
     916245471
     1603810198
     926253698
     1603810198
     936248973
     1603810198
     946248662
     1603810198
     956246160
     1603810198
     966248148
     1603810198
     976246941
     1603810198
     986245829
     1603810198
     996251850
     1603810199
       6275269
     1603810199
      16252000
     1603810199
      26251381
     1603810199
      36247416
     1603810199
      46248650
     1603810199
      56254766
     1603810199
      66253035
     1603810199
      76250675
     1603810199
      86255986
     1603810199
      96249392
     1603810199
     106248616
     1603810199
     116246939
     1603810199
     126257068
     1603810199
     136249740
     1603810199
     146252223
     1603810199
     156252144
     1603810199
     166261215
     1603810199
     176245941
     1603810199
     186258317
     1603810199
     196249706
     1603810199
     206260546
     1603810199
     216249923
     1603810199
     226248870
     1603810199
     236247640
     1603810199
     246252650
     1603810199
     256252889
     1603810199
     266249307
     1603810199
     276246844
     1603810199
     286249866
     1603810199
     296253376
     1603810199
     306254229
     1603810199
     316246613
     1603810199
     326252485
     1603810199
     336247369
     1603810199
     346253014
     1603810199
     356252949
     1603810199
     366254886
     1603810199
     376249241
     1603810199
     386251021
     1603810199
     396249420
     1603810199
     406281530
     1603810199
     416246666
     1603810199
     426256341
     1603810199
     436251918
     1603810199
     446247798
     1603810199
     456251254
     1603810199
     466249620
     1603810199
     476245077
     1603810199
     486252443
     1603810199
     496253588
     1603810199
     506250297
     1603810199
     516248317
     1603810199
     526252578
     1603810199
     536247893
     1603810199
     546259011
     1603810199
     556248560
     1603810199
     566253122
     1603810199
     576253094
     1603810199
     586266046
     1603810199
     596247073
     1603810199
     606271290
     1603810199
     616249422
     1603810199
     626263472
     1603810199
     636244087
     1603810199
     646250158
     1603810199
     656250547
     1603810199
     666255611
     1603810199
     676245098
     1603810199
     686251471
     1603810199
     696246006
     1603810199
     706244579
     1603810199
     716244032
     1603810199
     726254516
     1603810199
     736248546
     1603810199
     746249375
     1603810199
     756246713
     1603810199
     766244605
     1603810199
     776247281
     1603810199
     786251444
     1603810199
     796247898
     1603810199
     806246389
     1603810199
     816249817
     1603810199
     826243906
     1603810199
     836254144
     1603810199
     846258012
     1603810199
     856250448
     1603810199
     866247250
     1603810199
     876243929
     1603810199
     886253734
     1603810199
     896251191
     1603810199
     906254805
     1603810199
     916250176
     1603810199
     926246547
     1603810199
     936248188
     1603810199
     946251377
     1603810199
     956250820
     1603810199
     966254618
     1603810199
     976249527
     1603810199
     986246877
     1603810199
     996247353
     1603810200
       6250113
     1603810200
      16250235
     1603810200
      26253219
     1603810200
      36271263
     1603810200
      46248333
     1603810200
      56249388
     1603810200
      66244579
     1603810200
      76255577
     1603810200
      86282693
     1603810200
      96247711
     1603810200
     106247974
     1603810200
     116245340
     1603810200
     126250581
     1603810200
     136252148
     1603810200
     146253724
     1603810200
     156245689
     1603810200
     166252921
     1603810200
     176252801
     1603810200
     186254181
     1603810200
     196250654
     1603810200
     206253902
     1603810200
     216249642
     1603810200
     226248174
     1603810200
     236240776
     1603810200
     246249457
     1603810200
     256274748
     1603810200
     266279702
     1603810200
     276246805
     1603810200
     286253435
     1603810200
     296249780
     1603810200
     306250271
     1603810200
     316250612
     1603810200
     326251661
     1603810200
     336245258
     1603810200
     346253111
     1603810200
     356246694
     1603810200
     366249666
     1603810200
     376250288
     1603810200
     386255642
     1603810200
     396247447
     1603810200
     406258082
     1603810200
     416246500
     1603810200
     426250477
     1603810200
     436246725
     1603810200
     446248011
     1603810200
     456254717
     1603810200
     466244327
     1603810200
     476256002
     1603810200
     486254801
     1603810200
     496250560
     1603810200
     506248686
     1603810200
     516242203
     1603810200
     526250532
     1603810200
     536249224
     1603810200
     546252464
     1603810200
     556247906
     1603810200
     566245490
     1603810200
     576249532
     1603810200
     586249616
     1603810200
     596254142
     1603810200
     606257714
     1603810200
     616247630
     1603810200
     626243860
     1603810200
     636241605
     1603810200
     646252999
     1603810200
     656252022
     1603810200
     666253330
     1603810200
     676245368
     1603810200
     686249040
     1603810200
     696249941
     1603810200
     706246295
     1603810200
     716237020
     1603810200
     726250253
     1603810200
     736242561
     1603810200
     746251361
     1603810200
     756243602
     1603810200
     766248877
     1603810200
     776251025
     1603810200
     786250463
     1603810200
     796248783
     1603810200
     806255532
     1603810200
     816250675
     1603810200
     826255251
     1603810200
     836253919
     1603810200
     846247297
     1603810200
     856251725
     1603810200
     866246093
     1603810200
     876247404
     1603810200
     886268752
     1603810200
     896375797
     1603810200
     906251379
     1603810200
     916243497
     1603810200
     926264322
     1603810200
     936247624
     1603810200
     946249066
     1603810200
     956262028
     1603810200
     966252243
     1603810200
     976249519
     1603810200
     986249142
     1603810200
     996247233
     1603810201
       6271619
     1603810201
      16270041
     1603810201
      26254513
     1603810201
      36255422
     1603810201
      46255816
     1603810201
      56252703
     1603810201
      66247008
     1603810201
      76243134
     1603810201
      86246858
     1603810201
      96250951
     1603810201
     106249841
     1603810201
     116247630
     1603810201
     126255032
     1603810201
     136266747
     1603810201
     146248322
     1603810201
     156240778
     1603810201
     166244289
     1603810201
     176246173
     1603810201
     186247262
     1603810201
     196232028
     1603810201
     206258617
     1603810201
     216245334
     1603810201
     226251724
     1603810201
     236243788
     1603810201
     246249040
     1603810201
     256253634
     1603810201
     266250552
     1603810201
     276252782
     1603810201
     286268699
     1603810201
     296253796
     1603810201
     306246936
     1603810201
     316243703
     1603810201
     326246626
     1603810201
     336262008
     1603810201
     346251886
     1603810201
     356251819
     1603810201
     366246959
     1603810201
     376249108
     1603810201
     386256227
     1603810201
     396248087
     1603810201
     406251227
     1603810201
     416266038
     1603810201
     426252798
     1603810201
     436245822
     1603810201
     446253301
     1603810201
     456253852
     1603810201
     466246902
     1603810201
     476244878
     1603810201
     486255270
     1603810201
     496252666
     1603810201
     506248062
     1603810201
     516244844
     1603810201
     526243130
     1603810201
     536243406
     1603810201
     546255076
     1603810201
     556252512
     1603810201
     566251701
     1603810201
     576253782
     1603810201
     586252767
     1603810201
     596247988
     1603810201
     606256553
     1603810201
     616255819
     1603810201
     626249647
     1603810201
     636246753
     1603810201
     646248266
     1603810201
     656246554
     1603810201
     666251541
     1603810201
     676253161
     1603810201
     686251423
     1603810201
     696250417
     1603810201
     706248704
     1603810201
     716243060
     1603810201
     726254728
     1603810201
     736283689
     1603810201
     746250356
     1603810201
     756246521
     1603810201
     766252369
     1603810201
     776249019
     1603810201
     786256128
     1603810201
     796249501
     1603810201
     806256917
     1603810201
     816249541
     1603810201
     826246392
     1603810201
     836242099
     1603810201
     846242949
     1603810201
     856253050
     1603810201
     866235579
     1603810201
     876270307
     1603810201
     886252018
     1603810201
     896251103
     1603810201
     906244095
     1603810201
     916245375
     1603810201
     926254334
     1603810201
     936255990
     1603810201
     946253479
     1603810201
     956247537
     1603810201
     966251578
     1603810201
     976250838
     1603810201
     986259641
     1603810201
     996253834
     1603810202
       6258527
     1603810202
      16249893
     1603810202
      26252388
     1603810202
      36248871
     1603810202
      46258816
     1603810202
      56257498
     1603810202
      66249122
     1603810202
      76243890
     1603810202
      86254285
     1603810202
      96266437
     1603810202
     106250018
     1603810202
     116254338
     1603810202
     126250241
     1603810202
     136248246
     1603810202
     146251319
     1603810202
     156248670
     1603810202
     166256914
     1603810202
     176254440
     1603810202
     186251842
     1603810202
     196241498
     1603810202
     206256142
     1603810202
     216263601
     1603810202
     226254185
     1603810202
     236243894
     1603810202
     246248812
     1603810202
     256246588
     1603810202
     266242236
     1603810202
     276244821
     1603810202
     286255918
     1603810202
     296250709
     1603810202
     306247419
     1603810202
     316245104
     1603810202
     326249394
     1603810202
     336243804
     1603810202
     346247742
     1603810202
     356247789
     1603810202
     366246306
     1603810202
     376252570
     1603810202
     386251461
     1603810202
     396248830
     1603810202
     406252217
     1603810202
     416249810
     1603810202
     426247178
     1603810202
     436246430
     1603810202
     446243813
     1603810202
     456249111
     1603810202
     466250589
     1603810202
     476250439
     1603810202
     486249986
     1603810202
     496249098
     1603810202
     506244647
     1603810202
     516244246
     1603810202
     526257422
     1603810202
     536254495
     1603810202
     546266308
     1603810202
     556245877
     1603810202
     566251034
     1603810202
     576248036
     1603810202
     586261422
     1603810202
     596254993
     1603810202
     606253755
     1603810202
     616247857
     1603810202
     626250580
     1603810202
     636249933
     1603810202
     646253369
     1603810202
     656258988
     1603810202
     666252605
     1603810202
     676249161
     1603810202
     686254134
     1603810202
     696247775
     1603810202
     706253581
     1603810202
     716249039
     1603810202
     726252433
     1603810202
     736249495
     1603810202
     746251976
     1603810202
     756248944
     1603810202
     766251863
     1603810202
     776254682
     1603810202
     786252641
     1603810202
     796244405
     1603810202
     806250427
     1603810202
     816243638
     1603810202
     826248799
     1603810202
     836248449
     1603810202
     846254618
     1603810202
     856252289
     1603810202
     866249330
     1603810202
     876248952
     1603810202
     886270356
     1603810202
     896253838
     1603810202
     906252326
     1603810202
     916248986
     1603810202
     926250672
     1603810202
     936249099
     1603810202
     946246321
     1603810202
     956252617
     1603810202
     966255107
     1603810202
     976252420
     1603810202
     986252913
     1603810202
     996246455
     1603810203
       6253675
     1603810203
      16248086
     1603810203
      26257181
     1603810203
      36246217
     1603810203
      46253393
     1603810203
      56248474
     1603810203
      66249453
     1603810203
      76242254
     1603810203
      86263427
     1603810203
      96251820
     1603810203
     106243581
     1603810203
     116249211
     1603810203
     126251085
     1603810203
     136248474
     1603810203
     146257838
     1603810203
     156244290
     1603810203
     166255099
     1603810203
     176251770
     1603810203
     186251341
     1603810203
     196247229
     1603810203
     206260131
     1603810203
     216247092
     1603810203
     226254000
     1603810203
     236243495
     1603810203
     246244435
     1603810203
     256247222
     1603810203
     266252548
     1603810203
     276246589
     1603810203
     286247526
     1603810203
     296244326
     1603810203
     306244486
     1603810203
     316244610
     1603810203
     326257994
     1603810203
     336264578
     1603810203
     346252921
     1603810203
     356240730
     1603810203
     366252344
     1603810203
     376250564
     1603810203
     386254972
     1603810203
     396255317
     1603810203
     406254483
     1603810203
     416246712
     1603810203
     426242193
     1603810203
     436248675
     1603810203
     446255967
     1603810203
     456253871
     1603810203
     466253774
     1603810203
     476247647
     1603810203
     486253215
     1603810203
     496246987
     1603810203
     506258096
     1603810203
     516249693
     1603810203
     526251677
     1603810203
     536248995
     1603810203
     546248323
     1603810203
     556247274
     1603810203
     566272989
     1603810203
     576250668
     1603810203
     586253241
     1603810203
     596253374
     1603810203
     606256811
     1603810203
     616250948
     1603810203
     626251140
     1603810203
     636250462
     1603810203
     646260055
     1603810203
     656249402
     1603810203
     666252803
     1603810203
     676248477
     1603810203
     686255882
     1603810203
     696252864
     1603810203
     706251626
     1603810203
     716250895
     1603810203
     726253397
     1603810203
     736262609
     1603810203
     746247054
     1603810203
     756273023
     1603810203
     766252895
     1603810203
     776269571
     1603810203
     786262047
     1603810203
     796242508
     1603810203
     806254611
     1603810203
     816246143
     1603810203
     826247405
     1603810203
     836249002
     1603810203
     846251398
     1603810203
     856250725
     1603810203
     866245388
     1603810203
     876245532
     1603810203
     886261130
     1603810203
     896278183
     1603810203
     906255761
     1603810203
     916253510
     1603810203
     926249605
     1603810203
     936246594
     1603810203
     946262592
     1603810203
     956252665
     1603810203
     966249149
     1603810203
     976250945
     1603810203
     986248526
     1603810203
     996243115
     1603810204
       6257354
     1603810204
      16249123
     1603810204
      26258156
     1603810204
      36248689
     1603810204
      46251192
     1603810204
      56253250
     1603810204
      66247979
     1603810204
      76261101
     1603810204
      86252863
     1603810204
      96250571
     1603810204
     106245267
     1603810204
     116242982
     1603810204
     126250125
     1603810204
     136256290
     1603810204
     146250811
     1603810204
     156247009
     1603810204
     166255298
     1603810204
     176253193
     1603810204
     186252200
     1603810204
     196255519
     1603810204
     206255637
     1603810204
     216260681
     1603810204
     226271017
     1603810204
     236244942
     1603810204
     246244373
     1603810204
     256254582
     1603810204
     266253712
     1603810204
     276248090
     1603810204
     286247308
     1603810204
     296262624
     1603810204
     306256505
     1603810204
     316252612
     1603810204
     326253418
     1603810204
     336248607
     1603810204
     346248116
     1603810204
     356244186
     1603810204
     366256681
     1603810204
     376249845
     1603810204
     386247494
     1603810204
     396244681
     1603810204
     406250587
     1603810204
     416243046
     1603810204
     426251694
     1603810204
     436244925
     1603810204
     446246262
     1603810204
     456251069
     1603810204
     466246807
     1603810204
     476385977
     1603810204
     486249754
     1603810204
     496253278
     1603810204
     506248404
     1603810204
     516244550
     1603810204
     526268053
     1603810204
     536253368
     1603810204
     546251543
     1603810204
     556256237
     1603810204
     566254347
     1603810204
     576255916
     1603810204
     586250764
     1603810204
     596241455
     1603810204
     606251669
     1603810204
     616252342
     1603810204
     626267530
     1603810204
     636246842
     1603810204
     646250109
     1603810204
     656275394
     1603810204
     666249323
     1603810204
     676253735
     1603810204
     686251916
     1603810204
     696249468
     1603810204
     706244116
     1603810204
     716244206
     1603810204
     726249083
     1603810204
     736252495
     1603810204
     746249695
     1603810204
     756244361
     1603810204
     766265896
     1603810204
     776247350
     1603810204
     786245899
     1603810204
     796252889
     1603810204
     806255791
     1603810204
     816245319
     1603810204
     826272176
     1603810204
     836253147
     1603810204
     846246008
     1603810204
     856256969
     1603810204
     866252005
     1603810204
     876246340
     1603810204
     886250541
     1603810204
     896251076
     1603810204
     906250930
     1603810204
     916251157
     1603810204
     926248683
     1603810204
     936248306
     1603810204
     946245979
     1603810204
     956247823
     1603810204
     966247886
     1603810204
     976250187
     1603810204
     986250667
     1603810204
     996248827
     1603810205
       6251899
     1603810205
      16250368
     1603810205
      26246222
     1603810205
      36264774
     1603810205
      46253702
     1603810205
      56255165
     1603810205
      66249333
     1603810205
      76245692
     1603810205
      86265008
     1603810205
      96280581
     1603810205
     106250893
     1603810205
     116245079
     1603810205
     126247069
     1603810205
     136250248
     1603810205
     146249576
     1603810205
     156250996
     1603810205
     166246653
     1603810205
     176250858
     1603810205
     186245298
     1603810205
     196242743
     1603810205
     206256397
     1603810205
     216253840
     1603810205
     226251930
     1603810205
     236244163
     1603810205
     246254266
     1603810205
     256252193
     1603810205
     266254229
     1603810205
     276254014
     1603810205
     286251839
     1603810205
     296252322
     1603810205
     306247494
     1603810205
     316246861
     1603810205
     326257809
     1603810205
     336260012
     1603810205
     346253913
     1603810205
     356248584
     1603810205
     366253507
     1603810205
     376250984
     1603810205
     386255751
     1603810205
     396249185
     1603810205
     406250362
     1603810205
     416247323
     1603810205
     426244511
     1603810205
     436248050
     1603810205
     446250753
     1603810205
     456255979
     1603810205
     466249451
     1603810205
     476245751
     1603810205
     486254394
     1603810205
     496243040
     1603810205
     506252527
     1603810205
     516247561
     1603810205
     526247911
     1603810205
     536248360
     1603810205
     546248520
     1603810205
     556242136
     1603810205
     566254618
     1603810205
     576249246
     1603810205
     586252117
     1603810205
     596246778
     1603810205
     606253657
     1603810205
     616251123
     1603810205
     626257130
     1603810205
     636279057
     1603810205
     646251106
     1603810205
     656249049
     1603810205
     666251973
     1603810205
     676248180
     1603810205
     686252906
     1603810205
     696251524
     1603810205
     706250280
     1603810205
     716246390
     1603810205
     726254090
     1603810205
     736256092
     1603810205
     746257552
     1603810205
     756246394
     1603810205
     766244514
     1603810205
     776252981
     1603810205
     786246192
     1603810205
     796247693
     1603810205
     806253415
     1603810205
     816255353
     1603810205
     826248681
     1603810205
     836251731
     1603810205
     846251307
     1603810205
     856247752
     1603810205
     866248747
     1603810205
     876247224
     1603810205
     886248623
     1603810205
     896274874
     1603810205
     906250891
     1603810205
     916246318
     1603810205
     926275603
     1603810205
     936254572
     1603810205
     946252056
     1603810205
     956247479
     1603810205
     966251085
     1603810205
     976250211
     1603810205
     986251543
     1603810205
     996244736
     1603810206
       6254574
     1603810206
      16244300
     1603810206
      26249671
     1603810206
      36241652
     1603810206
      46254498
     1603810206
      56246749
     1603810206
      66253375
     1603810206
      76245118
     1603810206
      86249889
     1603810206
      96246511
     1603810206
     106255717
     1603810206
     116252027
     1603810206
     126253542
     1603810206
     136247802
     1603810206
     146246233
     1603810206
     156247359
     1603810206
     166252660
     1603810206
     176253411
     1603810206
     186247476
     1603810206
     196241713
     1603810206
     206249701
     1603810206
     216248180
     1603810206
     226259817
     1603810206
     236250250
     1603810206
     246246545
     1603810206
     256264674
     1603810206
     266271470
     1603810206
     276246264
     1603810206
     286252538
     1603810206
     296250688
     1603810206
     306246449
     1603810206
     316244749
     1603810206
     326253443
     1603810206
     336250948
     1603810206
     346255951
     1603810206
     356251036
     1603810206
     366251020
     1603810206
     376252884
     1603810206
     386250427
     1603810206
     396250330
     1603810206
     406256524
     1603810206
     416253909
     1603810206
     426246338
     1603810206
     436241241
     1603810206
     446251212
     1603810206
     456250421
     1603810206
     466249225
     1603810206
     476251008
     1603810206
     486256264
     1603810206
     496246310
     1603810206
     506247174
     1603810206
     516247942
     1603810206
     526250011
     1603810206
     536251822
     1603810206
     546246197
     1603810206
     556247367
     1603810206
     566247330
     1603810206
     576251017
     1603810206
     586248513
     1603810206
     596247103
     1603810206
     606252295
     1603810206
     616246241
     1603810206
     626248864
     1603810206
     636253144
     1603810206
     646250260
     1603810206
     656250410
     1603810206
     666252660
     1603810206
     676244326
     1603810206
     686251414
     1603810206
     696248834
     1603810206
     706246639
     1603810206
     716249367
     1603810206
     726251283
     1603810206
     736249853
     1603810206
     746256419
     1603810206
     756253700
     1603810206
     766254471
     1603810206
     776247107
     1603810206
     786244478
     1603810206
     796247959
     1603810206
     806257467
     1603810206
     816247395
     1603810206
     826250052
     1603810206
     836244892
     1603810206
     846248438
     1603810206
     856274856
     1603810206
     866264885
     1603810206
     876249227
     1603810206
     886250017
     1603810206
     896246753
     1603810206
     906245751
     1603810206
     916246972
     1603810206
     926269565
     1603810206
     936248124
     1603810206
     946251392
     1603810206
     956243627
     1603810206
     966254711
     1603810206
     976254734
     1603810206
     986255653
     1603810206
     996252824
     1603810207
       6252568
     1603810207
      16249942
     1603810207
      26249627
     1603810207
      36246516
     1603810207
      46255553
     1603810207
      56254240
     1603810207
      66250951
     1603810207
      76265599
     1603810207
      86250918
     1603810207
      96245770
     1603810207
     106255495
     1603810207
     116253728
     1603810207
     126255532
     1603810207
     136244357
     1603810207
     146251774
     1603810207
     156248860
     1603810207
     166250786
     1603810207
     176252552
     1603810207
     186251889
     1603810207
     196247982
     1603810207
     206259388
     1603810207
     216249817
     1603810207
     226255122
     1603810207
     236249710
     1603810207
     246267703
     1603810207
     256246232
     1603810207
     266247227
     1603810207
     276247520
     1603810207
     286256773
     1603810207
     296247441
     1603810207
     306251944
     1603810207
     316244020
     1603810207
     326244497
     1603810207
     336263831
     1603810207
     346252526
     1603810207
     356254142
     1603810207
     366252787
     1603810207
     376251319
     1603810207
     386249663
     1603810207
     396245454
     1603810207
     406263979
     1603810207
     416275766
     1603810207
     426247198
     1603810207
     436242009
     1603810207
     446247185
     1603810207
     456247788
     1603810207
     466251315
     1603810207
     476251300
     1603810207
     486279259
     1603810207
     496248249
     1603810207
     506270809
     1603810207
     516245603
     1603810207
     526253496
     1603810207
     536269048
     1603810207
     546249259
     1603810207
     556244786
     1603810207
     566248769
     1603810207
     576248011
     1603810207
     586249030
     1603810207
     596241566
     1603810207
     606256345
     1603810207
     616252762
     1603810207
     626250465
     1603810207
     636243897
     1603810207
     646241723
     1603810207
     656249661
     1603810207
     666250421
     1603810207
     676248621
     1603810207
     686247212
     1603810207
     696249963
     1603810207
     706251901
     1603810207
     716242137
     1603810207
     726255964
     1603810207
     736252035
     1603810207
     746251883
     1603810207
     756245515
     1603810207
     766246265
     1603810207
     776251348
     1603810207
     786255134
     1603810207
     796253516
     1603810207
     806253279
     1603810207
     816248382
     1603810207
     826245603
     1603810207
     836274921
     1603810207
     846272321
     1603810207
     856251831
     1603810207
     866255051
     1603810207
     876247419
     1603810207
     886253315
     1603810207
     896249162
     1603810207
     906251522
     1603810207
     916247084
     1603810207
     926247761
     1603810207
     936245604
     1603810207
     946247472
     1603810207
     956244503
     1603810207
     966251786
     1603810207
     976254406
     1603810207
     986246851
     1603810207
     996243469
     1603810208
       6269601
     1603810208
      16250324
     1603810208
      26253114
     1603810208
      36251095
     1603810208
      46248647
     1603810208
      56244948
     1603810208
      66247675
     1603810208
      76242973
     1603810208
      86246927
     1603810208
      96252430
     1603810208
     106255802
     1603810208
     116246779
     1603810208
     126250121
     1603810208
     136247963
     1603810208
     146246522
     1603810208
     156251016
     1603810208
     166249049
     1603810208
     176251513
     1603810208
     186247298
     1603810208
     196244429
     1603810208
     206259949
     1603810208
     216261900
     1603810208
     226259696
     1603810208
     236249669
     1603810208
     246249991
     1603810208
     256256054
     1603810208
     266253285
     1603810208
     276256144
     1603810208
     286255730
     1603810208
     296250942
     1603810208
     306250069
     1603810208
     316240831
     1603810208
     326253419
     1603810208
     336248258
