     1603810188
     536244415
     1603810188
     556246203
     1603810188
     576247266
     1603810188
     596243215
     1603810188
     616254007
     1603810188
     636248149
     1603810188
     656250508
     1603810188
     676248909
     1603810188
     696250185
     1603810188
     716244666
     1603810188
     736255028
     1603810188
     756245874
     1603810188
     776248117
     1603810188
     796253554
     1603810188
     816247451
     1603810188
     836241422
     1603810188
     856251237
     1603810188
     876246448
     1603810188
     896252230
     1603810188
     916246684
     1603810188
     936244395
     1603810188
     956246870
     1603810188
     976254453
     1603810189
       6253111
     1603810189
      26254869
     1603810189
      46248770
     1603810189
      56244748
     1603810189
      76243075
     1603810189
      96246853
     1603810189
     116241463
     1603810189
     136249537
     1603810189
     156248678
     1603810189
     176253222
     1603810189
     196243448
     1603810189
     216255423
     1603810189
     236244780
     1603810189
     256251847
     1603810189
     276246811
     1603810189
     296244482
     1603810189
     316241455
     1603810189
     336252250
     1603810189
     356248767
     1603810189
     386247656
     1603810189
     406255837
     1603810189
     416265015
     1603810189
     436243271
     1603810189
     456249287
     1603810189
     476252169
     1603810189
     496250644
     1603810189
     516246224
     1603810189
     536248699
     1603810189
     556243371
     1603810189
     576251417
     1603810189
     596244044
     1603810189
     616242463
     1603810189
     636248097
     1603810189
     656255941
     1603810189
     676247555
     1603810189
     696253189
     1603810189
     716246420
     1603810189
     736249011
     1603810189
     756255449
     1603810189
     776251496
     1603810189
     796267898
     1603810189
     816288212
     1603810189
     836249290
     1603810189
     856249601
     1603810189
     876252642
     1603810189
     896244580
     1603810189
     916245568
     1603810189
     936252094
     1603810189
     956242209
     1603810189
     976252065
     1603810189
     996254694
     1603810190
      26249639
     1603810190
      36247942
     1603810190
      56249794
     1603810190
      76243603
     1603810190
      96250032
     1603810190
     116279417
     1603810190
     136251546
     1603810190
     156245205
     1603810190
     176251035
     1603810190
     196255858
     1603810190
     216266938
     1603810190
     236243691
     1603810190
     256250422
     1603810190
     276248995
     1603810190
     296250237
     1603810190
     316248367
     1603810190
     336244315
     1603810190
     356244012
     1603810190
     376254515
     1603810190
     396245625
     1603810190
     416248226
     1603810190
     436250419
     1603810190
     456251768
     1603810190
     476248257
     1603810190
     496250830
     1603810190
     516244532
     1603810190
     536271333
     1603810190
     556248835
     1603810190
     576251123
     1603810190
     596247647
     1603810190
     616249345
     1603810190
     636241002
     1603810190
     656247996
     1603810190
     676254087
     1603810190
     696252488
     1603810190
     716253494
     1603810190
     736248776
     1603810190
     756241233
     1603810190
     776249222
     1603810190
     796249929
     1603810190
     816251079
     1603810190
     836252541
     1603810190
     856249375
     1603810190
     876247922
     1603810190
     896257389
     1603810190
     926253847
     1603810190
     936251132
     1603810190
     956246187
     1603810190
     976245376
     1603810190
     996249607
     1603810191
      16244439
     1603810191
      36245866
     1603810191
      56251781
     1603810191
      76246939
     1603810191
      96251253
     1603810191
     116246781
     1603810191
     136252708
     1603810191
     156246967
     1603810191
     176255796
     1603810191
     196246144
     1603810191
     216244741
     1603810191
     236272968
     1603810191
     256248669
     1603810191
     276248850
     1603810191
     296251344
     1603810191
     316241435
     1603810191
     336246094
     1603810191
     356253513
     1603810191
     376248701
     1603810191
     396242446
     1603810191
     416252343
     1603810191
     436242716
     1603810191
     456248357
     1603810191
     476252243
     1603810191
     496247606
     1603810191
     516244719
     1603810191
     536246174
     1603810191
     556247119
     1603810191
     576246452
     1603810191
     596251037
     1603810191
     616247190
     1603810191
     636245495
     1603810191
     656250411
     1603810191
     676248329
     1603810191
     696247722
     1603810191
     716248421
     1603810191
     736246594
     1603810191
     756245317
     1603810191
     776258025
     1603810191
     796249630
     1603810191
     816277377
     1603810191
     836249076
     1603810191
     856248951
     1603810191
     876245380
     1603810191
     896248133
     1603810191
     916246649
     1603810191
     936245752
     1603810191
     956251877
     1603810191
     976248603
     1603810191
     996244511
     1603810192
      16250828
     1603810192
      36248554
     1603810192
      56252229
     1603810192
      76247018
     1603810192
      96247093
     1603810192
     116246917
     1603810192
     136245421
     1603810192
     156248275
     1603810192
     176247448
     1603810192
     196267940
     1603810192
     216251797
     1603810192
     236249440
     1603810192
     256252192
     1603810192
     286266626
     1603810192
     306249198
     1603810192
     316250943
     1603810192
     336254677
     1603810192
     356255392
     1603810192
     376247465
     1603810192
     396249365
     1603810192
     416250523
     1603810192
     436247945
     1603810192
     456252151
     1603810192
     476242719
     1603810192
     496258356
     1603810192
     516251346
     1603810192
     536252542
     1603810192
     556249790
     1603810192
     576246936
     1603810192
     596243367
     1603810192
     616253853
     1603810192
     636242814
     1603810192
     656248716
     1603810192
     676248623
     1603810192
     696254293
     1603810192
     716252082
     1603810192
     736248550
     1603810192
     756247759
     1603810192
     776254167
     1603810192
     796254228
     1603810192
     816247456
     1603810192
     836246225
     1603810192
     856257594
     1603810192
     876243428
     1603810192
     896247860
     1603810192
     916247766
     1603810192
     936251123
     1603810192
     956250494
     1603810192
     976232271
     1603810192
     996242031
     1603810193
      16249277
     1603810193
      36222685
     1603810193
      56254954
     1603810193
      76250651
     1603810193
      96251113
     1603810193
     116249925
     1603810193
     136250604
     1603810193
     156249496
     1603810193
     176253845
     1603810193
     196248253
     1603810193
     216249214
     1603810193
     236249343
     1603810193
     256275493
     1603810193
     276254416
     1603810193
     306246437
     1603810193
     326253146
     1603810193
     346254381
     1603810193
     366265507
     1603810193
     376249720
     1603810193
     406247073
     1603810193
     416253325
     1603810193
     436250017
     1603810193
     456246202
     1603810193
     476251607
     1603810193
     496249670
     1603810193
     516268219
     1603810193
     536251815
     1603810193
     556246940
     1603810193
     576274134
     1603810193
     596253390
     1603810193
     616246306
     1603810193
     636259958
     1603810193
     656275303
     1603810193
     676248363
     1603810193
     696267476
     1603810193
     716252461
     1603810193
     736252679
     1603810193
     756246586
     1603810193
     776249081
     1603810193
     796245469
     1603810193
     816245821
     1603810193
     836248214
     1603810193
     856252215
     1603810193
     876243718
     1603810193
     896249159
     1603810193
     916243148
     1603810193
     936244975
     1603810193
     956253023
     1603810193
     976251463
     1603810193
     996272966
     1603810194
      16253403
     1603810194
      36271560
     1603810194
      56246765
     1603810194
      76246506
     1603810194
      96249563
     1603810194
     116247911
     1603810194
     136250279
     1603810194
     156252554
     1603810194
     176251912
     1603810194
     196253162
     1603810194
     216254360
     1603810194
     236245977
     1603810194
     256253855
     1603810194
     276242727
     1603810194
     296251732
     1603810194
     316253383
     1603810194
     336252401
     1603810194
     356251198
     1603810194
     376255736
     1603810194
     396251415
     1603810194
     416246618
     1603810194
     436246548
     1603810194
     456253633
     1603810194
     476248452
     1603810194
     496244938
     1603810194
     516244219
     1603810194
     536251432
     1603810194
     556245937
     1603810194
     576254464
     1603810194
     596248407
     1603810194
     616250767
     1603810194
     636247352
     1603810194
     656246717
     1603810194
     676252378
     1603810194
     696247642
     1603810194
     716245423
     1603810194
     736257244
     1603810194
     756252167
     1603810194
     776247750
     1603810194
     796243867
     1603810194
     816250683
     1603810194
     836252220
     1603810194
     856252333
     1603810194
     876240876
     1603810194
     896248149
     1603810194
     916248881
     1603810194
     936250910
     1603810194
     956243183
     1603810194
     976250180
     1603810194
     996246482
     1603810195
      16246310
     1603810195
      36248653
     1603810195
      56255399
     1603810195
      76247018
     1603810195
      96253190
     1603810195
     116244299
     1603810195
     136244592
     1603810195
     156245879
     1603810195
     176248238
     1603810195
     196243660
     1603810195
     216247867
     1603810195
     236240807
     1603810195
     256254281
     1603810195
     276250411
     1603810195
     296247067
     1603810195
     316247128
     1603810195
     336252835
     1603810195
     356246717
     1603810195
     376271535
     1603810195
     396247051
     1603810195
     416244636
     1603810195
     436245431
     1603810195
     466252491
     1603810195
     476249202
     1603810195
     496249985
     1603810195
     516253739
     1603810195
     536251420
     1603810195
     556244914
     1603810195
     576257902
     1603810195
     596249795
     1603810195
     616251951
     1603810195
     636259417
     1603810195
     656249710
     1603810195
     676249436
     1603810195
     696256062
     1603810195
     716251303
     1603810195
     736250700
     1603810195
     756258533
     1603810195
     776253143
     1603810195
     796246391
     1603810195
     816254380
     1603810195
     836241462
     1603810195
     856250496
     1603810195
     876255248
     1603810195
     896252513
     1603810195
     916248150
     1603810195
     936249539
     1603810195
     956248940
     1603810195
     976246785
     1603810195
     996254914
     1603810196
      16247483
     1603810196
      36246022
     1603810196
      56254220
     1603810196
      76272288
     1603810196
      96261709
     1603810196
     116255491
     1603810196
     136245774
     1603810196
     156246080
     1603810196
     176247379
     1603810196
     196248035
     1603810196
     216245030
     1603810196
     236244031
     1603810196
     256255016
     1603810196
     276247753
     1603810196
     296255110
     1603810196
     316248691
     1603810196
     336252563
     1603810196
     356245357
     1603810196
     376252223
     1603810196
     396245213
     1603810196
     416244854
     1603810196
     436246621
     1603810196
     456252698
     1603810196
     486253555
     1603810196
     506248575
     1603810196
     526248118
     1603810196
     546246691
     1603810196
     556251579
     1603810196
     586249853
     1603810196
     596240758
     1603810196
     616246702
     1603810196
     636245921
     1603810196
     656254142
     1603810196
     676246826
     1603810196
     696254317
     1603810196
     716244094
     1603810196
     736245724
     1603810196
     756252782
     1603810196
     776248991
     1603810196
     796246068
     1603810196
     816247270
     1603810196
     836245728
     1603810196
     856244858
     1603810196
     876252152
     1603810196
     896264841
     1603810196
     916250447
     1603810196
     936272394
     1603810196
     956240788
     1603810196
     976250502
     1603810196
     996252694
     1603810197
      16246580
     1603810197
      36244016
     1603810197
      56251803
     1603810197
      76247487
     1603810197
      96249511
     1603810197
     116244020
     1603810197
     136249044
     1603810197
     156254615
     1603810197
     176248926
     1603810197
     196244633
     1603810197
     216254164
     1603810197
     236245581
     1603810197
     256277241
     1603810197
     276273922
     1603810197
     296249612
     1603810197
     316240942
     1603810197
     336252538
     1603810197
     356243539
     1603810197
     376251322
     1603810197
     396251892
     1603810197
     416245567
     1603810197
     436248693
     1603810197
     456256652
     1603810197
     476268338
     1603810197
     496254751
     1603810197
     516248239
     1603810197
     536248419
     1603810197
     556243674
     1603810197
     576247329
     1603810197
     596243302
     1603810197
     616250054
     1603810197
     636244562
     1603810197
     656250570
     1603810197
     676245413
     1603810197
     696254786
     1603810197
     716248222
     1603810197
     736247743
     1603810197
     756247227
     1603810197
     776252462
     1603810197
     796250045
     1603810197
     816249337
     1603810197
     836250157
     1603810197
     856252768
     1603810197
     876245765
     1603810197
     896254046
     1603810197
     916243207
     1603810197
     936249034
     1603810197
     956275879
     1603810197
     976248269
     1603810197
     996251312
     1603810198
      16250008
     1603810198
      36243238
     1603810198
      56253247
     1603810198
      76242955
     1603810198
      96250578
     1603810198
     116242862
     1603810198
     136251166
     1603810198
     156247961
     1603810198
     176251632
     1603810198
     196247280
     1603810198
     216251841
     1603810198
     236248910
     1603810198
     256248807
     1603810198
     276252929
     1603810198
     296253282
     1603810198
     316245089
     1603810198
     336252590
     1603810198
     356247495
     1603810198
     376256222
     1603810198
     396251218
     1603810198
     416245911
     1603810198
     436248377
     1603810198
     456249972
     1603810198
     476246366
     1603810198
     496250367
     1603810198
     516254420
     1603810198
     536273742
     1603810198
     556248641
     1603810198
     576250959
     1603810198
     596243244
     1603810198
     616244736
     1603810198
     636255169
     1603810198
     656248854
     1603810198
     676244081
     1603810198
     696252245
     1603810198
     716246931
     1603810198
     736248545
     1603810198
     756259872
     1603810198
     776285485
     1603810198
     796250627
     1603810198
     816251018
     1603810198
     836241732
     1603810198
     856251712
     1603810198
     876250230
     1603810198
     896248204
     1603810198
     916245471
     1603810198
     936248973
     1603810198
     956246160
     1603810198
     976246941
     1603810198
     996251850
     1603810199
      16252000
     1603810199
      36247416
     1603810199
      56254766
     1603810199
      76250675
     1603810199
      96249392
     1603810199
     116246939
     1603810199
     136249740
     1603810199
     156252144
     1603810199
     176245941
     1603810199
     196249706
     1603810199
     216249923
     1603810199
     236247640
     1603810199
     256252889
     1603810199
     276246844
     1603810199
     296253376
     1603810199
     316246613
     1603810199
     336247369
     1603810199
     356252949
     1603810199
     376249241
     1603810199
     396249420
     1603810199
     416246666
     1603810199
     436251918
     1603810199
     456251254
     1603810199
     476245077
     1603810199
     496253588
     1603810199
     516248317
     1603810199
     536247893
     1603810199
     556248560
     1603810199
     576253094
     1603810199
     596247073
     1603810199
     616249422
     1603810199
     636244087
     1603810199
     656250547
     1603810199
     676245098
     1603810199
     696246006
     1603810199
     716244032
     1603810199
     736248546
     1603810199
     756246713
     1603810199
     776247281
     1603810199
     796247898
     1603810199
     816249817
     1603810199
     836254144
     1603810199
     856250448
     1603810199
     876243929
     1603810199
     896251191
     1603810199
     916250176
     1603810199
     936248188
     1603810199
     956250820
     1603810199
     976249527
     1603810199
     996247353
     1603810200
      16250235
     1603810200
      36271263
     1603810200
      56249388
     1603810200
      76255577
     1603810200
      96247711
     1603810200
     116245340
     1603810200
     136252148
     1603810200
     156245689
     1603810200
     176252801
     1603810200
     196250654
     1603810200
     216249642
     1603810200
     236240776
     1603810200
     256274748
     1603810200
     276246805
     1603810200
     296249780
     1603810200
     316250612
     1603810200
     336245258
     1603810200
     356246694
     1603810200
     376250288
     1603810200
     396247447
     1603810200
     416246500
     1603810200
     436246725
     1603810200
     456254717
     1603810200
     476256002
     1603810200
     496250560
     1603810200
     516242203
     1603810200
     536249224
     1603810200
     556247906
     1603810200
     576249532
     1603810200
     596254142
     1603810200
     616247630
     1603810200
     636241605
     1603810200
     656252022
     1603810200
     676245368
     1603810200
     696249941
     1603810200
     716237020
     1603810200
     736242561
     1603810200
     756243602
     1603810200
     776251025
     1603810200
     796248783
     1603810200
     816250675
     1603810200
     836253919
     1603810200
     856251725
     1603810200
     876247404
     1603810200
     896375797
     1603810200
     916243497
     1603810200
     936247624
     1603810200
     956262028
     1603810200
     976249519
     1603810200
     996247233
     1603810201
      16270041
     1603810201
      36255422
     1603810201
      56252703
     1603810201
      76243134
     1603810201
      96250951
     1603810201
     116247630
     1603810201
     136266747
     1603810201
     156240778
     1603810201
     176246173
     1603810201
     196232028
     1603810201
     216245334
     1603810201
     236243788
     1603810201
     256253634
     1603810201
     276252782
     1603810201
     296253796
     1603810201
     316243703
     1603810201
     336262008
     1603810201
     356251819
     1603810201
     376249108
     1603810201
     396248087
     1603810201
     416266038
     1603810201
     436245822
     1603810201
     456253852
     1603810201
     476244878
     1603810201
     496252666
     1603810201
     516244844
     1603810201
     536243406
     1603810201
     556252512
     1603810201
     576253782
     1603810201
     596247988
     1603810201
     616255819
     1603810201
     636246753
     1603810201
     656246554
     1603810201
     676253161
     1603810201
     706248704
     1603810201
     716243060
     1603810201
     736283689
     1603810201
     756246521
     1603810201
     776249019
     1603810201
     796249501
     1603810201
     816249541
     1603810201
     836242099
     1603810201
     856253050
     1603810201
     876270307
     1603810201
     896251103
     1603810201
     916245375
     1603810201
     936255990
     1603810201
     966251578
     1603810201
     976250838
     1603810201
     996253834
     1603810202
      16249893
     1603810202
      36248871
     1603810202
      56257498
     1603810202
      76243890
     1603810202
      96266437
     1603810202
     116254338
     1603810202
     136248246
     1603810202
     156248670
     1603810202
     176254440
     1603810202
     196241498
     1603810202
     226254185
     1603810202
     246248812
     1603810202
     256246588
     1603810202
     276244821
     1603810202
     296250709
     1603810202
     316245104
     1603810202
     346247742
     1603810202
     366246306
     1603810202
     376252570
     1603810202
     396248830
     1603810202
     416249810
     1603810202
     436246430
     1603810202
     456249111
     1603810202
     476250439
     1603810202
     496249098
     1603810202
     516244246
     1603810202
     536254495
     1603810202
     556245877
     1603810202
     576248036
     1603810202
     596254993
     1603810202
     616247857
     1603810202
     636249933
     1603810202
     656258988
     1603810202
     676249161
     1603810202
     696247775
     1603810202
     716249039
     1603810202
     736249495
     1603810202
     756248944
     1603810202
     776254682
     1603810202
     796244405
     1603810202
     816243638
     1603810202
     836248449
     1603810202
     856252289
     1603810202
     876248952
     1603810202
     906252326
     1603810202
     916248986
     1603810202
     936249099
     1603810202
     956252617
     1603810202
     976252420
     1603810202
     996246455
     1603810203
      16248086
     1603810203
      36246217
     1603810203
      56248474
     1603810203
      76242254
     1603810203
      96251820
     1603810203
     116249211
     1603810203
     136248474
     1603810203
     156244290
     1603810203
     176251770
     1603810203
     196247229
     1603810203
     216247092
     1603810203
     236243495
     1603810203
     256247222
     1603810203
     276246589
     1603810203
     296244326
     1603810203
     316244610
     1603810203
     336264578
     1603810203
     356240730
     1603810203
     376250564
     1603810203
     396255317
     1603810203
     416246712
     1603810203
     436248675
     1603810203
     456253871
     1603810203
     476247647
     1603810203
     496246987
     1603810203
     516249693
     1603810203
     536248995
     1603810203
     556247274
     1603810203
     576250668
     1603810203
     596253374
     1603810203
     616250948
     1603810203
     636250462
     1603810203
     656249402
     1603810203
     676248477
     1603810203
     696252864
     1603810203
     716250895
     1603810203
     736262609
     1603810203
     756273023
     1603810203
     776269571
     1603810203
     796242508
     1603810203
     826247405
     1603810203
     836249002
     1603810203
     856250725
     1603810203
     876245532
     1603810203
     896278183
     1603810203
     916253510
     1603810203
     936246594
     1603810203
     956252665
     1603810203
     976250945
     1603810203
     996243115
     1603810204
      16249123
     1603810204
      36248689
     1603810204
      56253250
     1603810204
      76261101
     1603810204
      96250571
     1603810204
     116242982
     1603810204
     136256290
     1603810204
     156247009
     1603810204
     176253193
     1603810204
     196255519
     1603810204
     216260681
     1603810204
     236244942
     1603810204
     256254582
     1603810204
     276248090
     1603810204
     296262624
     1603810204
     316252612
     1603810204
     336248607
     1603810204
     356244186
     1603810204
     376249845
     1603810204
     396244681
     1603810204
     416243046
     1603810204
     436244925
     1603810204
     456251069
     1603810204
     476385977
     1603810204
     506248404
     1603810204
     526268053
     1603810204
     546251543
     1603810204
     556256237
     1603810204
     576255916
     1603810204
     596241455
     1603810204
     616252342
     1603810204
     636246842
     1603810204
     656275394
     1603810204
     676253735
     1603810204
     696249468
     1603810204
     716244206
     1603810204
     736252495
     1603810204
     756244361
     1603810204
     776247350
     1603810204
     796252889
     1603810204
     816245319
     1603810204
     836253147
     1603810204
     856256969
     1603810204
     876246340
     1603810204
     896251076
     1603810204
     916251157
     1603810204
     936248306
     1603810204
     956247823
     1603810204
     976250187
     1603810204
     996248827
     1603810205
      16250368
     1603810205
      36264774
     1603810205
      56255165
     1603810205
      76245692
     1603810205
      96280581
     1603810205
     116245079
     1603810205
     136250248
     1603810205
     156250996
     1603810205
     176250858
     1603810205
     196242743
     1603810205
     216253840
     1603810205
     236244163
     1603810205
     256252193
     1603810205
     276254014
     1603810205
     296252322
     1603810205
     316246861
     1603810205
     336260012
     1603810205
     356248584
     1603810205
     376250984
     1603810205
     396249185
     1603810205
     416247323
     1603810205
     436248050
     1603810205
     456255979
     1603810205
     476245751
     1603810205
     496243040
     1603810205
     516247561
     1603810205
     536248360
     1603810205
     556242136
     1603810205
     576249246
     1603810205
     596246778
     1603810205
     616251123
     1603810205
     636279057
     1603810205
     656249049
     1603810205
     676248180
     1603810205
     696251524
     1603810205
     726254090
     1603810205
     736256092
     1603810205
     756246394
     1603810205
     776252981
     1603810205
     796247693
     1603810205
     816255353
     1603810205
     836251731
     1603810205
     856247752
     1603810205
     876247224
     1603810205
     896274874
     1603810205
     916246318
     1603810205
     936254572
     1603810205
     956247479
     1603810205
     976250211
     1603810205
     996244736
     1603810206
      16244300
     1603810206
      36241652
     1603810206
      56246749
     1603810206
      76245118
     1603810206
      96246511
     1603810206
     116252027
     1603810206
     136247802
     1603810206
     156247359
     1603810206
     176253411
     1603810206
     196241713
     1603810206
     216248180
     1603810206
     236250250
     1603810206
     256264674
     1603810206
     276246264
     1603810206
     296250688
     1603810206
     316244749
     1603810206
     346255951
     1603810206
     356251036
     1603810206
     376252884
     1603810206
     396250330
     1603810206
     416253909
     1603810206
     436241241
     1603810206
     456250421
     1603810206
     476251008
     1603810206
     496246310
     1603810206
     516247942
     1603810206
     536251822
     1603810206
     556247367
     1603810206
     576251017
     1603810206
     596247103
     1603810206
     616246241
     1603810206
     636253144
     1603810206
     656250410
     1603810206
     676244326
     1603810206
     696248834
     1603810206
     716249367
     1603810206
     736249853
     1603810206
     756253700
     1603810206
     776247107
     1603810206
     796247959
     1603810206
     816247395
     1603810206
     836244892
     1603810206
     856274856
     1603810206
     876249227
     1603810206
     896246753
     1603810206
     916246972
     1603810206
     936248124
     1603810206
     956243627
     1603810206
     976254734
     1603810206
     996252824
     1603810207
      16249942
     1603810207
      36246516
     1603810207
      56254240
     1603810207
      76265599
     1603810207
      96245770
     1603810207
     116253728
     1603810207
     136244357
     1603810207
     156248860
     1603810207
     176252552
     1603810207
     196247982
     1603810207
     216249817
     1603810207
     236249710
     1603810207
     256246232
     1603810207
     276247520
     1603810207
     296247441
     1603810207
     316244020
     1603810207
     336263831
     1603810207
     356254142
     1603810207
     376251319
     1603810207
     396245454
     1603810207
     426247198
     1603810207
     436242009
     1603810207
     456247788
     1603810207
     476251300
     1603810207
     496248249
     1603810207
     516245603
     1603810207
     536269048
     1603810207
     556244786
     1603810207
     576248011
     1603810207
     596241566
     1603810207
     616252762
     1603810207
     636243897
     1603810207
     656249661
     1603810207
     676248621
     1603810207
     696249963
     1603810207
     716242137
     1603810207
     736252035
     1603810207
     756245515
     1603810207
     776251348
     1603810207
     796253516
     1603810207
     816248382
     1603810207
     836274921
     1603810207
     856251831
     1603810207
     876247419
     1603810207
     896249162
     1603810207
     916247084
     1603810207
     936245604
     1603810207
     956244503
     1603810207
     976254406
     1603810207
     996243469
     1603810208
      16250324
     1603810208
      36251095
     1603810208
      66247675
     1603810208
      86246927
     1603810208
      96252430
     1603810208
     116246779
     1603810208
     136247963
     1603810208
     156251016
     1603810208
     176251513
     1603810208
     196244429
     1603810208
     216261900
     1603810208
     236249669
     1603810208
     256256054
     1603810208
     276256144
     1603810208
     296250942
     1603810208
     316240831
     1603810208
     336248258
