8.056343246989999818e-01 -5.068976036689999557e-04 6.287684722479999877e+00 4.174439110129999908e-01 4.815470411910000026e-01 4.006811160939999922e-02
8.145051026714587028e-01 -2.752970630895816041e-04 6.292848838181867244e+00 4.698974418445550638e-01 4.859582328286399799e-01 3.598259046687999479e-02
8.244210218651731870e-01 1.950354552258892705e-05 6.298423152966460492e+00 5.220832754071385029e-01 4.900620720018400434e-01 3.314012881151998796e-02
8.353751445809657339e-01 3.954458655562566251e-04 6.304634663050734389e+00 5.739256199772078126e-01 4.932157657058799938e-01 3.078327004309999032e-02
8.473580903149328103e-01 8.677397916065148972e-04 6.311395514472923907e+00 6.252969750504626667e-01 4.952300521329000005e-01 2.743035640527999308e-02
8.603593825394378891e-01 1.433807517501098231e-03 6.317839977952748320e+00 6.761757283658761386e-01 4.981132654989399722e-01 2.042502552293999629e-02
8.743724378242364592e-01 2.067269515655886097e-03 6.322295203998191226e+00 7.266690038788446993e-01 5.021702675923199743e-01 1.170623125691999319e-02
8.893991958615864446e-01 2.678249089442956248e-03 6.321420032205280037e+00 7.768192721836270076e-01 5.060709437779400410e-01 -6.145204323420009988e-03
9.054423359630939805e-01 3.131103847313363234e-03 6.312842407246800569e+00 8.264118391243784334e-01 5.065863950837281582e-01 -1.877271836430000757e-02
9.224841690502360025e-01 3.274799173694558415e-03 6.297548226221901579e+00 8.751429999853943542e-01 5.051554065767841495e-01 -3.683921120058000070e-02
9.404758835940755235e-01 3.007143651233259041e-03 6.282259422432676210e+00 9.229519793829743524e-01 5.045344031321120637e-01 -4.702706236414000429e-02
9.593612431953183473e-01 2.476031817856359091e-03 6.281721981004320554e+00 9.699873235250172643e-01 5.057440016392480420e-01 -5.280966698800001330e-02
9.791244571509191141e-01 2.117360618483281505e-03 6.308403232452077347e+00 1.016345948454747017e+00 5.069204242737439525e-01 -5.724557043304001613e-02
9.997385565211088787e-01 2.497060429689050131e-03 6.361155437626502263e+00 1.061794365973721455e+00 5.037964756563237945e-01 -7.024600811810001455e-02
1.021094508908596099e+00 3.962553654117816938e-03 6.420617649448934650e+00 1.106036399990130592e+00 4.993075564157636870e-01 -9.252348241069999202e-02
1.043064353623395446e+00 6.418348873430087739e-03 6.470271423426871671e+00 1.149170340881095598e+00 4.979871039523736109e-01 -1.241738879026999809e-01
1.065528620843843477e+00 9.650740938247614684e-03 6.509886796690142141e+00 1.191355800957953015e+00 4.965461311114416909e-01 -1.528978484874999877e-01
1.088402722410489742e+00 1.350989663470193725e-02 6.539413017177500009e+00 1.232337880354026804e+00 4.899986567336016563e-01 -1.768323514640999794e-01
1.111621630076753853e+00 1.781893424511528032e-02 6.559235235349544446e+00 1.271956018337593086e+00 4.849073867234817148e-01 -1.994105186528999651e-01
1.135139115014303091e+00 2.243681781662797831e-02 6.571062446323608697e+00 1.310404340302503856e+00 4.815607718674017601e-01 -2.114478026171999758e-01
1.158910747305466504e+00 2.730353641053904351e-02 6.577616813471295565e+00 1.347886049643072015e+00 4.798945401036017189e-01 -2.182259307738600163e-01
1.182904879067657289e+00 3.234866515247365737e-02 6.580145748007909745e+00 1.384568833917205533e+00 4.795596041512017460e-01 -2.230129459351399834e-01
1.207086295557604716e+00 3.756443269731335466e-02 6.580949954852196804e+00 1.420249182291060785e+00 4.732391458126217199e-01 -2.182486923698399583e-01
1.231417847658305087e+00 4.291817470900276960e-02 6.579976414843915045e+00 1.454621500478936014e+00 4.661200709929617103e-01 -2.228953887538599188e-01
1.255903514733416992e+00 4.818683015262356650e-02 6.573751032970323038e+00 1.487654943968601984e+00 4.588511141790617143e-01 -2.338534726345799508e-01
1.280572214525753649e+00 5.309339151877894014e-02 6.560081886165257004e+00 1.519556687524167504e+00 4.556888877073416722e-01 -2.481122913772999539e-01
1.305475579633596173e+00 5.731378252315938449e-02 6.537441440165959072e+00 1.550573704056498414e+00 4.533741148104416530e-01 -2.656172842600399431e-01
1.330680223945784668e+00 6.048467702767749282e-02 6.504922388818543233e+00 1.581060259110222743e+00 4.576578506740616725e-01 -2.837065606554399766e-01
1.356262506660190104e+00 6.221896336691670054e-02 6.462010317935216186e+00 1.611514098430742781e+00 4.662562685886816882e-01 -3.032482574260199626e-01
1.382300019857580109e+00 6.198494842053899750e-02 6.405689926877254692e+00 1.641699339555647397e+00 4.660109951511036686e-01 -3.331111246562200034e-01
1.408842826777630286e+00 5.917048271510236962e-02 6.334251289894803350e+00 1.670962686601589420e+00 4.603669874323436662e-01 -3.585860284218199689e-01
1.435927858524529865e+00 5.350045122246961660e-02 6.254239014499711757e+00 1.699139989470243695e+00 4.552918740197437475e-01 -3.625178158070800349e-01
1.463594433272627837e+00 4.485898764450348131e-02 6.169329215667135990e+00 1.726348468200464836e+00 4.513478321414636785e-01 -3.741201037113801031e-01
1.491799815199482904e+00 3.281005699735307229e-02 6.073713492944473380e+00 1.752540781710574480e+00 4.453024627317437312e-01 -3.988718090217800993e-01
1.520486692581052068e+00 1.706565138716797936e-02 5.968760546279917811e+00 1.777775796285992138e+00 4.419789544781436708e-01 -4.040855211423601823e-01
1.549773755294995503e+00 -2.160586279275521042e-03 5.864098511808826686e+00 1.802816492782925550e+00 4.521750840615036959e-01 -3.952783294342802622e-01
1.579993397137959832e+00 -2.447188446810385359e-02 5.767247619196035124e+00 1.828050863270858306e+00 4.574249042063836534e-01 -3.785158669247402630e-01
1.611801763782978902e+00 -4.935510842800602815e-02 5.684847879378522428e+00 1.853166304491845828e+00 4.602905466498037335e-01 -3.563385218165402435e-01
1.646301761692416710e+00 -7.628369675681506701e-02 5.621058433877587746e+00 1.878123565126479377e+00 4.648515433968437027e-01 -3.414829120171202215e-01
1.685318884445590415e+00 -1.047614848802065901e-01 5.579965325450138458e+00 1.903020015923017505e+00 4.704817383465636493e-01 -3.307023903937801879e-01
