-8.948377205106203824e-01 1.146699268915463560e-01
-1.602389322808372984e+00 9.811402569029745169e-02
-2.213025490009718599e+00 3.031809740828042554e-01
-2.327901262562227735e+00 5.838262876168484050e-01
-2.452945246621715647e+00 5.835795521033424471e-01
-2.826116757431303750e+00 4.787901636534633854e-01
-3.186301823360719432e+00 3.194516770262553207e-01
-3.273603047295312152e+00 1.204742393116876864e-01
-3.201340506342690517e+00 -1.717823155381138223e-01
-3.669959531011460552e+00 -3.067534112552370851e-01
-3.933273316032024791e+00 -3.286099512163948022e-01
-3.918421280924488936e+00 -4.312634914726080626e-01
-3.988772481157267791e+00 -3.708390282999763365e-01
-3.914947964700808747e+00 -4.130843318181206536e-01
-3.881135624995487809e+00 -3.204375908006483198e-01
-3.848576958233701273e+00 -1.031892444133630793e-01
-3.744308796095428438e+00 -1.239730806774992922e-01
-3.503474412407429295e+00 -1.530723113918704970e-01
-3.272239528820497512e+00 -1.841977340430317467e-01
-2.935076768496099220e+00 -2.235305485783957991e-01
-2.540095682082286643e+00 -2.632870517398536170e-01
-2.043010711543944424e+00 -3.115716342143131090e-01
-1.555897575658147680e+00 -3.736573404821266209e-01
-9.973638414234357041e-01 -4.396335902863889311e-01
-4.483033795913528019e-01 -5.183036927326877263e-01
1.010104545792731567e-01 -6.096198751978829655e-01
6.087692766111219012e-01 -7.126473531229883251e-01
1.143324149988950378e+00 -8.254089584324076911e-01
1.728540970564630186e+00 -9.448537603227090687e-01
1.695656938566928229e+00 -1.079494665079944404e+00
1.989331530044623042e+00 -1.218505684684797474e+00
2.643035232688646818e+00 -1.324739044709293712e+00
3.383220949087894613e+00 -1.359424345404105505e+00
3.979586613867219569e+00 -1.289629240059630755e+00
4.648602410831154330e+00 -1.070567910199034856e+00
5.092686306836323062e+00 -7.143504024573208433e-01
5.105464804523316857e+00 -2.969735018868625009e-01
5.159191233629952578e+00 1.462472156784172805e-01
4.939736677894852157e+00 5.285771381435276917e-01
4.576122201969193171e+00 8.131126494860229093e-01
3.984603004852567132e+00 9.781032495500437962e-01
2.623906889370436257e+00 9.904409999982239921e-01
2.531449270505020888e+00 9.992413968218983866e-01
9.171619037708753641e-01 8.957712417264745985e-01
1.310161621986127012e-01 8.159049129345314899e-01
-4.767873613438547431e-01 1.438708723369003240e+00
-1.090132335010325582e+00 1.997409894727940838e+00
-1.746496446770545941e+00 1.996918426473753616e+00
-2.583627480901174334e+00 1.827572056884078977e+00
-2.790939828656385124e+00 1.991480209705810411e+00
-2.936371499026090071e+00 1.999391194614248413e+00
-2.993742202942100583e+00 1.995136098705627470e+00
-2.959516478263299888e+00 1.984709169153730635e+00
-2.750073817471259119e+00 1.866561289227848031e+00
-2.432122713125621782e+00 1.463883210614434383e+00
-2.163642904560499680e+00 8.514284192757920477e-01
-1.830163260528189895e+00 2.848719637989736153e-01
-1.135862505062188221e+00 3.139245831786914298e-01
-3.883684088418944413e-01 3.385744709564089683e-01
3.680160201909269402e-01 3.374408535256370190e-01
9.385507286769183555e-01 3.133972568022755367e-01
1.656522185732409946e+00 2.537626102876475165e-01
2.278404963970669161e+00 1.618103365810716066e-01
2.760636034326229726e+00 4.542175466175520093e-02
2.752870465470336203e+00 -6.607860270405518932e-02
2.956642510701234183e+00 -1.809640587406075585e-01
2.831605985082018773e+00 -2.792421008790847980e-01
2.364922002364311826e+00 -3.431536223035309141e-01
1.675082195657758399e+00 -3.710674601026854869e-01
7.456396450125165609e-01 -3.625782871693767895e-01
-1.360594350305913136e-01 -3.278398118032616604e-01
-6.835479923837650684e-01 -2.861717294786442767e-01
-1.727721416705595203e+00 -6.746834645807151531e-01
-2.116420806029669865e+00 -1.612806536359281173e+00
-2.653486707216565321e+00 -1.958655777959989130e+00
-3.116849559427684380e+00 -1.999327507862002529e+00
-3.283154309341981936e+00 -1.953846782653150260e+00
-3.498851279072419551e+00 -1.995887779335909773e+00
-3.679139308960643895e+00 -1.999938924990991573e+00
-3.431169857031549419e+00 -1.999970757213556105e+00
-2.867318557405118540e+00 -1.997991930940550054e+00
-2.545055442792691469e+00 -1.999047044968021325e+00
-1.954077246967182102e+00 -1.376217096757994529e+00
-7.695410426548155991e-01 -9.886184674987815724e-01
2.299923662691492621e-01 -1.110311255834594890e+00
1.319439132794554048e+00 -1.158177182394148241e+00
2.063815890201675884e+00 -1.139486662236295578e+00
2.548670748892239324e+00 -1.039443578872641494e+00
2.988269462229947493e+00 -8.463833420681374786e-01
3.612162574710248819e+00 -5.295134864513487694e-01
3.844227981283895534e+00 -1.628583764770749620e-01
3.581644877182539766e+00 1.627297440240638993e-01
3.249816198779056364e+00 4.329448088183865395e-01
3.941367371238461370e+00 7.596728938746263315e-01
3.559776015865725896e+00 9.518328545191533374e-01
3.076741773390324397e+00 1.035323465400875609e+00
2.556524194013326756e+00 1.057772127249248850e+00
2.131507539832249609e+00 1.032972488797963440e+00
1.836959100856050409e+00 9.827182135717464906e-01
1.394253871487237451e+00 9.073850709748402243e-01
8.548612394198396025e-01 8.176965370242567088e-01
1.421538129871653400e-01 7.159861674470183734e-01
-2.774271959081923145e-01 6.222056515408500577e-01
-6.490487822887638369e-01 5.352374034243621015e-01
-8.541772999376565645e-01 4.602454334084273846e-01
-1.055419661669822151e+00 3.952653884994819511e-01
-1.145232133036016453e+00 3.353010577188113017e-01
-1.363680024407050606e+00 2.842944793891606370e-01
-1.457513391713739503e+00 2.389569625320176471e-01
-1.341817756583308041e+00 2.068294568733109740e-01
-1.189741551790147511e+00 1.697419350724356790e-01
-1.026335493569095814e+00 1.446930568015091789e-01
-1.124655601018798023e+00 1.243306476101937591e-01
-1.137066808376197669e+00 1.033239685755010795e-01
-1.061631140874979451e+00 8.494569439243954134e-02
-9.088009262887930539e-01 7.010968461282790498e-02
-1.158784160748501879e+00 5.305992126503854961e-02
-9.094725447341871494e-01 4.011480561933949973e-02
-6.320661479303956165e-01 3.123971430112493924e-02
-3.546489046152001556e-01 2.626388740286511939e-02
-8.921405105112090173e-02 2.465753612501588032e-02
-1.438742023510706514e-01 2.240634681913428183e-02
1.410398644931261936e-01 2.385332552496282829e-02
3.453428567991717602e-04 2.354576449468465810e-02
5.174954976911742000e-01 2.910424988637904525e-02
-7.576683910577974856e-02 2.780922265517970712e-02
-2.717179763617294519e-03 2.658266930190019556e-02
-5.662256500021004002e-02 2.577983870610824763e-02
-3.441732385664070248e-01 2.143926589380653822e-02
-5.013875191284927757e-01 1.555672819955621067e-02
-1.005932536557242241e+00 3.081123133764284219e-03
-1.339128809303492762e+00 -1.283191138255457969e-02
-1.871420838346625759e+00 -3.490675521052308272e-02
-2.152814829446833667e+00 -6.027405206172987973e-02
-2.296467881077250084e+00 -8.944473550876116952e-02
-2.689904993323149363e+00 4.455725553926302984e-01
-3.142371493593247411e+00 1.354754236278193913e+00
-3.387144146987176807e+00 1.993187130271787177e+00
-3.424153669688167145e+00 1.997343418450396202e+00
-3.244900970803369589e+00 1.999835488820240981e+00
-3.003018956756032143e+00 1.997916520251812766e+00
-2.594528811831404269e+00 1.985677787957784268e+00
-1.947150952300596094e+00 1.635936814975031295e+00
-8.038734054122975703e-01 9.656018532014533085e-01
-1.033921720538309996e-01 1.058140582002509822e+00
6.080246350971206803e-01 1.217716234478019022e+00
1.399995782345113904e+00 1.368620941259045098e+00
2.159346415144755671e+00 1.475020662954399597e+00
2.693498110724945160e+00 1.514519006986652983e+00
3.293729891742940286e+00 1.435485103075558433e+00
3.666669280187686120e+00 1.225259399830693319e+00
3.681569687962225057e+00 9.453268343953745712e-01
3.498748698365095056e+00 6.045559245844031038e-01
2.869326354868898310e+00 4.782326407845680777e-03
2.077535886523027564e+00 -5.349655728194551568e-05
1.602517393393852352e+00 -8.629904109464263048e-05
1.421105429288463506e+00 -2.485560165434912237e-05
1.429858122820446109e+00 -5.605612807085539467e-02
1.984350252348530796e+00 -5.442440867877197386e-01
2.112603428847779963e+00 -7.255401857722760806e-01
2.594334197801636321e+00 -9.269480030171348695e-01
2.936649916224759238e+00 -1.092792513016768163e+00
3.139694059220621725e+00 -1.204540813375970298e+00
3.199162665636882341e+00 -1.255862465708821984e+00
2.247945657018050269e+00 -1.188064418881284778e+00
2.206096366275341225e+00 -1.128106748901226419e+00
2.028592502580806034e+00 -1.048659027100753427e+00
1.469577903431137811e+00 -9.450480010030891664e-01
1.123561718182455094e+00 -8.434123169390345121e-01
4.534614706369302084e-01 -7.358596904252455717e-01
-4.165781654575277937e-01 -6.285907851843542948e-01
-1.116827058636572279e+00 -5.229394893081377171e-01
-1.388043416637189331e+00 -4.389494896582751271e-01
-2.134491078433802702e+00 -3.567677663432078927e-01
-2.360292705873636265e+00 -4.387239484706509374e-01
-2.642325864284497339e+00 -8.736621288660159079e-01
-3.154599596602805089e+00 -1.177557259456442962e+00
-3.663432808557357312e+00 -1.346926390807118734e+00
-4.068665455035597844e+00 -1.467986596102208496e+00
-4.306727317445949943e+00 -1.588492096724767766e+00
-4.431877305812832013e+00 -1.604077910863064504e+00
-4.503575857454576337e+00 -1.499293617811153778e+00
-4.477227858379064784e+00 -1.266756597520327432e+00
-4.242371756512483216e+00 -1.030595188152356734e+00
-3.829741606030820478e+00 -6.919670164288389547e-01
-3.281883992700157737e+00 -5.042088609013144485e-01
-2.621109255423355933e+00 -6.232632431140725515e-01
-1.888938905444861316e+00 -7.652793477094061991e-01
-1.058742112259542845e+00 -9.272077484844042372e-01
-1.909389173960485686e-01 -1.099739092532159512e+00
6.982297595647296573e-01 -1.274662369019790686e+00
1.535388309711212207e+00 -1.422428235550732500e+00
2.313793123081222980e+00 -1.516297209675566249e+00
2.985280011833645109e+00 -1.521029233323185403e+00
3.595554962609493366e+00 -1.385790487421674877e+00
3.899068005037822360e+00 -1.123526916846586232e+00
3.841248651431599104e+00 -7.895025954530743295e-01
3.473608240038097428e+00 -4.183763550589324476e-01
2.599423978668782720e+00 2.955161982328060460e-04
2.129855194662944484e+00 -3.537602137097954668e-04
2.285323401443420277e+00 4.567209916396890168e-02
2.345314866005897780e+00 5.048112458328383179e-01
2.811342901565832442e+00 7.763312876097404613e-01
3.478241010799818955e+00 1.053340347751529515e+00
3.911167444095219992e+00 1.266644277031151011e+00
4.122276532733773813e+00 1.392706484158684921e+00
4.092325328778567695e+00 1.425832869772418521e+00
3.836914591536509711e+00 1.385258821898950110e+00
3.490643329918961424e+00 1.287735138885526043e+00
3.050345132733552234e+00 1.168747478330553591e+00
2.581019635875297702e+00 1.038040101151387784e+00
2.185029698436643297e+00 9.086631341213979862e-01
1.929602797384447399e+00 7.929636153627653838e-01
1.611367020592002319e+00 6.883196774141647767e-01
1.017752921942915112e+00 6.124497456030064679e-01
2.571164038691836629e-01 5.678544623494610200e-01
-2.457681411137104810e-01 4.392346927606394780e-01
-7.015535365658728262e-01 3.124007596221201055e-01
-1.288614288126269658e+00 2.453514245969098950e-01
-1.635431292235762779e+00 2.752617180770589589e-01
-2.596393419894155397e+00 3.206019073034853117e-01
-3.039645266393299572e+00 2.129581169210310876e-01
-3.139146219091844880e+00 3.210231256362181679e-02
-3.273399215587421196e+00 3.310918476866407667e-02
-3.280769691960291556e+00 8.503113460509843791e-02
-3.303362745188594740e+00 6.380289288699857175e-02
-3.541229119248582080e+00 4.395927003793495547e-02
-3.816459583874597605e+00 2.521417449065225039e-02
-3.985073988828332414e+00 6.814366625251584535e-03
-3.908916041013548170e+00 -1.314992820673772933e-02
-3.702593666574834241e+00 -3.037872144476244651e-02
-3.478221719863961781e+00 -4.899862297617742918e-02
-3.262031518335342106e+00 -6.464912898352515036e-02
-2.668623073782391941e+00 -8.267022006503121911e-02
-1.954480595757477346e+00 -9.565948161500723024e-02
-1.239770436778362406e+00 -1.071624665739876053e-01
-5.457705557723849799e-01 -1.149494674928969451e-01
1.177316519972923525e-01 -1.206260678569168188e-01
1.020726821950021401e+00 -1.194901529294497278e-01
1.283178199195609048e+00 -1.142557748303774795e-01
1.820057269285629831e+00 -1.045751880751012580e-01
2.287967862066756286e+00 -8.881483856412776545e-02
2.467472246767460131e+00 -7.064055020213905189e-02
2.744622684713881267e+00 -4.771118651716935166e-02
2.756900341583192304e+00 -2.295236375092773312e-02
2.956452275993970868e+00 1.624717280898064489e-03
3.117606917685295187e+00 2.812759414266564201e-02
3.049630933244179332e+00 5.281558131443571391e-02
2.880644799341862239e+00 7.469818354969488816e-02
2.957932831925174977e+00 9.500877780651334481e-02
2.854599079403909556e+00 1.096317556387535613e-01
2.474590232421021607e+00 1.207517678645269876e-01
2.262739917038128379e+00 1.274100771841960023e-01
1.961059562815170576e+00 1.307933670931873682e-01
1.672238894423120570e+00 1.301940426432636189e-01
1.268933859109216300e+00 1.271074438054434486e-01
3.598364762579142062e-01 1.192608921504803576e-01
-4.940198615332738741e-02 1.100725172785471800e-01
-2.708076680498338606e-01 1.005614372349146468e-01
-5.015969568240344900e-01 9.116150853762763906e-02
-7.532567169854986755e-01 8.185536358389888800e-02
-1.550167617714106161e+00 7.375358939271435543e-02
-2.018986991420610000e+00 2.998030918725275162e-01
