-3.510884924689705588e-02 1.074992450288252965e-01 1.750991154203301037e-01 2.042442022843528715e+00 7.150026169364859241e-01 -6.086127799402280686e-02
5.826616612886698597e-03 1.126851876917256551e-01 1.368976617033483001e-01 2.083503076449812585e+00 6.971058625262731567e-01 -5.856787945619186531e-02
4.771174880622969239e-02 1.164327529543288664e-01 9.936634701379255807e-02 2.121426674339209839e+00 6.650580760701058081e-01 -5.660559894238591239e-02
9.042101707682879963e-02 1.187623468639689012e-01 6.385156587666389327e-02 2.155287981484999449e+00 6.207975662699115604e-01 -5.054197946072980924e-02
1.338126969646275533e-01 1.198828352119689356e-01 3.378259243719090865e-02 2.184678865983395113e+00 5.742395410186673654e-01 -3.886545370839285252e-02
1.777616263268271546e-01 1.201185941810687940e-01 1.128978331977024442e-02 2.209582308537995310e+00 5.251806360862327772e-01 -2.719386266632601440e-02
2.221616863830434274e-01 1.197559952727232230e-01 -4.125669711586755876e-03 2.229771256349295516e+00 4.686583009376066866e-01 -1.761805939325674850e-02
2.669103002282096626e-01 1.190083297544794749e-01 -1.412884552114016326e-02 2.244835787567831975e+00 4.049322644703923224e-01 -1.122902585273163889e-02
3.119016306277663242e-01 1.179834068734910563e-01 -2.112066151935108535e-02 2.254586122876071741e+00 3.394602035244860261e-01 -8.819541066497883774e-03
3.570271333784347245e-01 1.166348230808674780e-01 -2.849460431885799186e-02 2.259150852859583836e+00 2.754333933976321758e-01 -1.225518737726015613e-02
4.021728846081681907e-01 1.147754183287922058e-01 -3.922597416208609133e-02 2.258338427051129305e+00 2.020342027774028604e-01 -1.839025560236490567e-02
4.472085418665074918e-01 1.121939370280787690e-01 -5.438140619254151070e-02 2.251679085896719279e+00 1.233687364567624123e-01 -2.496245462669280379e-02
4.919853730209244880e-01 1.086624550634077424e-01 -7.475873142685338091e-02 2.239052947081265899e+00 4.500031083827266132e-02 -3.358772445614496144e-02
5.363395128242597343e-01 1.039491477934848390e-01 -1.005443978040935632e-01 2.220456596904621716e+00 -3.477513878487269866e-02 -4.100450502214451204e-02
5.800902236015499369e-01 9.786899939031867834e-02 -1.314429557647027180e-01 2.195898822855836485e+00 -1.130740980788888794e-01 -4.926619165850692345e-02
6.230420353908149300e-01 9.027267894501794787e-02 -1.668938155307169158e-01 2.165435569237341262e+00 -1.906968105787986978e-01 -5.567494347451992093e-02
6.650190877820467694e-01 8.114977913724936986e-02 -2.047062466404505621e-01 2.129055355669016159e+00 -2.676683497434726999e-01 -5.773872836278719223e-02
7.058378167817903615e-01 7.058096108961649240e-02 -2.432415128162301321e-01 2.086770246321699496e+00 -3.425545256653812487e-01 -6.021818997633717613e-02
7.453147726833532216e-01 5.864221685227194447e-02 -2.824291100683573585e-01 2.038733200188391770e+00 -4.126240139135298191e-01 -6.327963620417459412e-02
7.833479021991143210e-01 4.540058618755250797e-02 -3.236359619233800111e-01 1.985179863398139899e+00 -4.780688044899399358e-01 -6.696359088503524293e-02
8.197132601422124631e-01 3.090841201639620700e-02 -3.662470926974846219e-01 1.926413633961699734e+00 -5.367703398598620002e-01 -7.143420185660315225e-02
8.541936758649805173e-01 1.533500506316576827e-02 -4.065567656764291771e-01 1.862874152353239054e+00 -5.875722535015077685e-01 -7.669994289140019683e-02
8.868309408188455034e-01 -1.154319647449179344e-03 -4.510781345232551254e-01 1.795150833388646783e+00 -6.284324677323867014e-01 -8.293137557568645846e-02
9.171967780189885788e-01 -1.872161680140122311e-02 -5.098582455339588648e-01 1.723940683020414033e+00 -6.595504192455493575e-01 -9.040452238532899198e-02
9.452138529365604613e-01 -3.738128725367501071e-02 -5.640952990181195004e-01 1.650035632845078259e+00 -6.794976960740175542e-01 -9.919719419105682556e-02
9.733220999394186501e-01 -5.630364645495224141e-02 -5.757565399555599761e-01 1.574335096936579470e+00 -6.884637636658443860e-01 -1.095632680457105657e-01
1.006131154061179256e+00 -7.389744092494521244e-02 -5.156753984062574236e-01 1.497790293264223971e+00 -6.864435545742592071e-01 -1.217556655496682128e-01
1.043505444849506469e+00 -8.876585743559155250e-02 -4.236879278889475464e-01 1.421377265644380827e+00 -6.742681690420367913e-01 -1.360086126121279326e-01
1.083759320407132076e+00 -1.007281911947528613e-01 -3.244552101223071028e-01 1.346122217095349516e+00 -6.514016860422574551e-01 -1.525167917807761508e-01
1.126250753833601070e+00 -1.098036301702249307e-01 -2.202058165556413649e-01 1.273191840157054555e+00 -6.168308666309650912e-01 -1.714138669872302956e-01
1.169971179722054000e+00 -1.161451768101672277e-01 -1.152125648333471725e-01 1.203240717386094616e+00 -5.829177278596268108e-01 -1.930037602888291237e-01
1.213734484339657138e+00 -1.200395937570616078e-01 -1.451639725981187547e-02 1.136653458962514129e+00 -5.431310972587340968e-01 -2.173738739825250565e-01
1.256445899912735475e+00 -1.218796523040662078e-01 7.736099005481868185e-02 1.074538043129346310e+00 -4.902703926049611916e-01 -2.438686548767108886e-01
1.297327095039273015e+00 -1.221006408607416549e-01 1.574448635633384497e-01 1.018502025539947065e+00 -4.226059736232032349e-01 -2.710571417847931763e-01
1.335994990853073272e+00 -1.211088048089291880e-01 2.246852775160351479e-01 9.701201737398187364e-01 -3.430142413458588391e-01 -2.968497265859857959e-01
1.372405730312877603e+00 -1.192267592926982006e-01 2.798055302973550540e-01 9.308930722492515519e-01 -2.500421931292359234e-01 -3.182610847899663420e-01
1.406747340544229230e+00 -1.166670530692741209e-01 3.248212225000038922e-01 9.021361706201060926e-01 -1.481884669925095654e-01 -3.325480928391128521e-01
1.439322536047070278e+00 -1.135376099977649933e-01 3.623104146341850074e-01 8.844200279926263120e-01 -4.607917090204319277e-02 -3.384875628768501121e-01
1.470454859457840602e+00 -1.098617701025726423e-01 3.948779557689403585e-01 8.778443090621886880e-01 5.710465377055586045e-02 -3.355626185632816227e-01
1.500442043518898316e+00 -1.055996061889511312e-01 4.248168674064442540e-01 8.822051128923887875e-01 1.558993873284529041e-01 -3.249910758004110334e-01
1.529523276958671740e+00 -1.006714063661707792e-01 4.538554287970235634e-01 8.967946626722399506e-01 2.474218313678368530e-01 -3.087288228106906951e-01
1.557862584667564221e+00 -9.497635597497799953e-02 4.830836344022192419e-01 9.204555108585819045e-01 3.271138914648880625e-01 -2.891667578196898680e-01
1.585538930756909659e+00 -8.841553758706606481e-02 5.128373960928974684e-01 9.509293800305408384e-01 3.795920292522968476e-01 -2.693579378197255014e-01
1.612543512792184774e+00 -8.090415504800209379e-02 5.430237453503777845e-01 9.865064765521303070e-01 4.302210146623974829e-01 -2.493731098832876469e-01
1.638824578654682007e+00 -7.237230218236224977e-02 5.731903426230199328e-01 1.025230528084784432e+00 4.485642527378148614e-01 -2.314576850487581883e-01
1.664293758977375415e+00 -6.278670447838184676e-02 6.028198945826971356e-01 1.064477683885803661e+00 4.511845759817869062e-01 -2.151395867900676162e-01
1.688747015824582753e+00 -5.206648763720318068e-02 6.329714970207221958e-01 1.102776583615792338e+00 4.416488287549100167e-01 -1.863654123226875237e-01
1.711992992873085484e+00 -4.001657874378766050e-02 6.691016605860363731e-01 1.138895154093467976e+00 4.198461820547035872e-01 -1.464172143091528322e-01
1.733512221642369289e+00 -2.650515948423745258e-02 7.065474626880398068e-01 1.171577551074190815e+00 3.849162531192925063e-01 -1.064788455949585572e-01
1.753509362150433182e+00 -1.143241021633230325e-02 7.635477355416618872e-01 1.199371483673614236e+00 3.332437035012691395e-01 -6.992740445727695098e-02
1.771293451827357979e+00 5.319668927057568351e-03 8.028673158616179695e-01 1.221324946746164430e+00 2.774249069281415903e-01 -3.009780024604363780e-02
1.789566021211246971e+00 2.262701150557441115e-02 7.531009991919990210e-01 1.237200656670715437e+00 2.186974769476198177e-01 9.890023676862369495e-03
1.811223149619206829e+00 3.905906506174563336e-02 6.665601932555189624e-01 1.246903794160653334e+00 1.588226328887779037e-01 4.979274606057883246e-02
1.835173791368292173e+00 5.454709304929383773e-02 6.011795943176279078e-01 1.250506525025885773e+00 9.963230332351186158e-02 8.948693006125638116e-02
1.862280696466417584e+00 6.909410214883282553e-02 5.337404555969498254e-01 1.248331335812970844e+00 4.463082697408667088e-02 1.268181558458133795e-01
1.892347499854249770e+00 8.257146125469295994e-02 4.682691043851449630e-01 1.240964241468557328e+00 -4.011627288425760954e-03 1.560958200581020472e-01
1.925691082121290698e+00 9.476105659524829139e-02 3.979045554203922141e-01 1.229025573100788638e+00 -4.728448537963574755e-02 1.731243884436178826e-01
1.962465748391488685e+00 1.053129093596124055e-01 3.174291794567624669e-01 1.213128375024238315e+00 -8.388775059019953906e-02 1.788218277195973427e-01
2.002593688923797188e+00 1.138637191437080060e-01 2.248247591807647494e-01 1.194307188165411038e+00 -1.066050006914432968e-01 1.851003193831712024e-01
2.045575108610317994e+00 1.201455862684683989e-01 1.220905497516917293e-01 1.174021045533816254e+00 -1.143723688682812267e-01 1.918718088022994261e-01
2.090493417195671277e+00 1.239809085173286668e-01 1.285683570326856019e-02 1.153801967265857931e+00 -1.070120484644626752e-01 1.986206258728120955e-01
2.136110076078982178e+00 1.253148289886867606e-01 -9.804764779454999690e-02 1.135012261107212650e+00 -8.824103389092433081e-02 2.048885710088576007e-01
2.181093224488622084e+00 1.242243226619810098e-01 -2.055327442405008587e-01 1.118984458681283378e+00 -5.511059017627609885e-02 2.099638232146104899e-01
2.224301517652679028e+00 1.208924194319499767e-01 -3.053879840782283694e-01 1.107107713736115162e+00 -9.542490896862701119e-03 2.132000299462318560e-01
2.264967759050411811e+00 1.155582420340299371e-01 -3.949762667888201961e-01 1.100521797905855692e+00 4.567022978966188418e-02 2.141084650394670108e-01
2.302725126586022242e+00 1.084681938673417861e-01 -4.732444574533676285e-01 1.099697030666900055e+00 1.007276390990686360e-01 2.127868929853859170e-01
2.337517694845335114e+00 9.984380164121609003e-02 -5.403584098293038318e-01 1.104794676003635567e+00 1.598604893130933513e-01 2.091676118105738058e-01
2.369495116838180593e+00 8.986257854174548032e-02 -5.972657913086150128e-01 1.115830920678559046e+00 2.164926090147338278e-01 2.035827697929920299e-01
2.398906719241589158e+00 7.866079867685660254e-02 -6.452053486003690441e-01 1.132107908773702487e+00 2.637910490620200554e-01 1.967196973469214072e-01
2.426021571393271792e+00 6.634807101041989563e-02 -6.853254181307623094e-01 1.152341861715183935e+00 2.972926929751751324e-01 1.892983481448677063e-01
2.451104225346292687e+00 5.302236635039188350e-02 -7.187514844227007593e-01 1.174792770854829360e+00 3.122054858754254592e-01 1.820467824014802283e-01
2.474358381380539651e+00 3.879033966603936956e-02 -7.457999419936303109e-01 1.197565313846534307e+00 3.094842971748135163e-01 1.754899861654150572e-01
2.496035511786302674e+00 2.375430393131450213e-02 -7.687679851673780984e-01 1.219201495445408012e+00 2.958133373271384370e-01 1.697665515758421950e-01
2.516153937926013384e+00 8.004682920037836658e-03 -7.841491942390732550e-01 1.238121901137285485e+00 2.612589089930265618e-01 1.562728822842279486e-01
2.534769893381870531e+00 -8.518836226209783660e-03 -8.102795666167711408e-01 1.252949327354456299e+00 2.189304928724332133e-01 1.240167515570423790e-01
2.551613612433703437e+00 -2.612958461487188688e-02 -8.391501808536465656e-01 1.262827056670599246e+00 1.658607587281018536e-01 8.484363599784261467e-02
2.570244326180918915e+00 -4.417104960954324616e-02 -7.940919373988090113e-01 1.266818336027243141e+00 1.035237675395481727e-01 4.485708584060255077e-02
2.595260719219228740e+00 -6.084523232952779304e-02 -6.709469576687525638e-01 1.264353006524993717e+00 3.786068135270853618e-02 5.780150187539542447e-03
2.623055778447832331e+00 -7.564047090895585634e-02 -5.687194307592444709e-01 1.255093159006945180e+00 -3.211634422873985845e-02 -3.413760539917864989e-02
2.655008237043959607e+00 -8.849966736005469847e-02 -4.611118840887823978e-01 1.238663244635697769e+00 -1.056991304079527572e-01 -7.413638391355589774e-02
2.690357483156650353e+00 -9.929590438289358223e-02 -3.555592335227952261e-01 1.215128847782023014e+00 -1.743225275485837111e-01 -1.141357990658962290e-01
2.728632593232970471e+00 -1.079976090882518308e-01 -2.523621726532265241e-01 1.185285860581167139e+00 -2.316688986966861930e-01 -1.540956376847072429e-01
2.769038685180139403e+00 -1.146716122761429341e-01 -1.537372093517209160e-01 1.149992952979676408e+00 -2.825700075525399702e-01 -1.940765785840676827e-01
2.810647203446993814e+00 -1.193992475317986190e-01 -6.010569480147250065e-02 1.110121848657179111e+00 -3.216515524918835411e-01 -2.216009205192274456e-01
2.852471078637724755e+00 -1.222460156222916344e-01 2.907022379516760804e-02 1.067431477539542373e+00 -3.370423733449798842e-01 -2.413732898692030060e-01
2.893554735642942521e+00 -1.234049938860648787e-01 1.115807734159266207e-01 1.024157353368629897e+00 -3.324425260195970622e-01 -2.635795149858947695e-01
2.933161689719331555e+00 -1.231820050272954548e-01 1.844692417723590994e-01 9.825033381229191232e-01 -3.060537433637059435e-01 -2.867430586337779697e-01
2.970876703830437560e+00 -1.218904352765992488e-01 2.463385473247347024e-01 9.444504800285323798e-01 -2.647774255596724857e-01 -3.095327918785039101e-01
3.006570718346090132e+00 -1.198071813494383520e-01 2.971505223364829251e-01 9.113627163518093210e-01 -2.138040105818277137e-01 -3.303216634559568154e-01
3.040316910920553006e+00 -1.171462268593534972e-01 3.379116002837185828e-01 8.842817407847979316e-01 -1.540386213372288149e-01 -3.472493302973195806e-01
3.072312758999436344e+00 -1.140448585659577241e-01 3.704170078839295610e-01 8.643913004077982132e-01 -8.179536984302382407e-02 -3.578396000263463494e-01
3.102822881299521995e+00 -1.105643864619442612e-01 3.968677688565028228e-01 8.526362678048642341e-01 -4.910810217345911929e-03 -3.610967675558878209e-01
3.132119139386533746e+00 -1.067112352214726056e-01 4.193148637130935663e-01 8.489794930251388649e-01 6.672208732630488526e-02 -3.578421726754065779e-01
3.160434677145272264e+00 -1.024588709183021640e-01 4.393963778201639969e-01 8.527477738543758345e-01 1.317184113018859959e-01 -3.491832764990387417e-01
3.187956295021992847e+00 -9.774645539771938119e-02 4.586542755360892287e-01 8.642818020770478560e-01 2.105457587266552077e-01 -3.339898186215461418e-01
3.214848794134984811e+00 -9.248011812090393968e-02 4.783750201188569640e-01 8.838323639361874706e-01 2.817412790439696169e-01 -3.149531615311628174e-01
3.241226672647048890e+00 -8.655977849407450742e-02 4.992470423602460294e-01 9.103440700038295530e-01 3.432761145117761981e-01 -2.942466922231450899e-01
3.267139155894633440e+00 -7.988981993273149007e-02 5.215004829376902462e-01 9.425972869523062680e-01 3.944065983920426177e-01 -2.730912496781601195e-01
3.292557664744797830e+00 -7.237053252935103653e-02 5.447635834838201463e-01 9.794355743141125448e-01 4.370367491886874567e-01 -2.524317999022007708e-01
3.317558595711709746e+00 -6.394685904019237199e-02 5.705168634261535976e-01 1.019953306405242177e+00 4.737759312058084649e-01 -2.327774356307658887e-01
3.341616765107800369e+00 -5.444527713500326577e-02 5.906916172082522509e-01 1.063240642269482228e+00 5.016610086355531850e-01 -2.146297342112691298e-01
3.361737465151727111e+00 -4.471640200628254624e-02 5.344956941220267987e-01 1.108157894882073835e+00 5.187582334239501103e-01 -1.982758034707839956e-01
3.381549955423496012e+00 -3.606138804881942050e-02 4.405547676468201668e-01 1.153330452567556064e+00 5.216013096836935592e-01 -1.839560801218436126e-01
3.403107633679593125e+00 -2.901862900520938565e-02 3.493437794680198105e-01 1.197566432901705502e+00 5.160527657655292755e-01 -1.715119670910265071e-01
3.426729026973277747e+00 -2.344556131282618180e-02 2.828184343811578905e-01 1.240072956122280745e+00 5.030717901197538922e-01 -1.608072190225392772e-01
3.451737669797222186e+00 -1.896827016094658480e-02 2.314919115489208756e-01 1.280309713954185913e+00 4.859882441210009452e-01 -1.516023103543707451e-01
3.477593465214550594e+00 -1.557095666322634749e-02 1.773831581058004092e-01 1.317930812708218768e+00 4.648798508876045843e-01 -1.436970025843811172e-01
3.504195371029658723e+00 -1.350778929358261056e-02 1.174321304979446950e-01 1.352719766479558272e+00 4.419752082268840754e-01 -1.369909814300048212e-01
3.531531843345009136e+00 -1.295124916555559329e-02 5.812744322394699376e-02 1.384452206289097376e+00 4.147016077387429833e-01 -1.313050918422216662e-01
3.559492523214062398e+00 -1.391825636909664252e-02 2.329193606828261921e-03 1.412908289945954854e+00 3.855513399044682710e-01 -1.265259525915812533e-01
3.587912109950673667e+00 -1.639696013138632058e-02 -5.169884745901744821e-02 1.438195438428427675e+00 3.587149847728022256e-01 -1.223893634541149827e-01
3.616623479724359935e+00 -2.041689729924032679e-02 -1.058074958425061496e-01 1.460649358400859743e+00 3.349201537369992376e-01 -1.189945247526662392e-01
3.645473762863889799e+00 -2.602733855002251073e-02 -1.603806661546896550e-01 1.480637793348495546e+00 3.143934438656171837e-01 -1.161006636166360267e-01
3.674361788999551681e+00 -3.324807730186910698e-02 -2.139128460532343790e-01 1.498277881415285062e+00 2.919003318452411122e-01 -1.136140506644321424e-01
3.703269447400332925e+00 -4.202178088997363115e-02 -2.640038670984188873e-01 1.513516233101366737e+00 2.691589956777171166e-01 -1.115475712929220736e-01
3.732005022294972996e+00 -5.227120142046712964e-02 -3.136468185249887131e-01 1.526461952636854802e+00 2.479263728602174588e-01 -1.098486574050732550e-01
3.759870343632860656e+00 -6.410375670790662006e-02 -3.720869092848719806e-01 1.537374099859571519e+00 2.297503543344416865e-01 -1.084464637128167014e-01
3.786728048486286191e+00 -7.773773388433773135e-02 -4.350447311683443008e-01 1.546198463192151706e+00 2.065746711194715868e-01 -1.073852652875159491e-01
3.815031002819247341e+00 -9.290573842004261340e-02 -4.722348071630109723e-01 1.552971423179070332e+00 1.883852202247878749e-01 -1.065829691751291747e-01
3.853507530657930946e+00 -1.080470132585190646e-01 -4.130497185099196722e-01 1.558217616705684261e+00 1.757438972661799770e-01 -1.059581748891066655e-01
3.906973226331895699e+00 -1.197828347821192629e-01 -2.492960074765417089e-01 1.562477363035562394e+00 1.686509191738760349e-01 -1.054328971410493920e-01
3.967420333714042346e+00 -1.262418261408038700e-01 -5.844167635583025211e-02 1.566270495941791241e+00 1.668666381528534914e-01 -1.049397464185490847e-01
4.031007837193287813e+00 -1.265292652365305193e-01 1.450068205368569563e-01 1.569799099317138014e+00 1.639891541058321467e-01 -1.044916194821663979e-01
4.092173443354324647e+00 -1.205555440569877207e-01 3.388764976113521898e-01 1.573281475754395586e+00 1.668099513956946833e-01 -1.040145529716671735e-01
4.146566235297503233e+00 -1.090844622253935442e-01 5.056976853009775841e-01 1.576851331566825332e+00 1.668168582528306021e-01 -1.035436376817734788e-01
4.192518691359233607e+00 -9.330075214005387196e-02 6.381744066997089293e-01 1.580857818962507988e+00 1.771667682066541682e-01 -1.029615526840459011e-01
4.231001971633921777e+00 -7.429915611056325808e-02 7.435470573277558337e-01 1.585221783742112533e+00 1.756514314245385400e-01 -1.024053682309423174e-01
4.256986317479606541e+00 -5.417706231929021038e-02 7.125829906812438663e-01 1.589457192825470822e+00 1.755970878292661963e-01 -1.018737148449043312e-01
4.281323446452430126e+00 -3.569027279015182103e-02 6.271605592045909061e-01 1.593583221837980402e+00 1.744646365292620294e-01 -1.013581180707821550e-01
4.308102816652261247e+00 -1.933233545976634563e-02 5.565148142227399619e-01 1.597285312060439333e+00 1.675811717579338556e-01 -1.009293327529060397e-01
4.336480632425139703e+00 -4.458059150699467989e-03 5.143813687779675847e-01 1.600159001606068054e+00 1.575534213753640167e-01 -1.006181981889149174e-01
4.365385037680851177e+00 9.296246091255807795e-03 4.726136973391479312e-01 1.601604300727248686e+00 1.374347706442191619e-01 -1.005565757262396470e-01
4.394944817795342296e+00 2.168261656466791837e-02 4.213075221299397710e-01 1.600866620801399298e+00 1.106521944581492778e-01 -1.008132139538907152e-01
4.425116717242019604e+00 3.247559148161984627e-02 3.686567599605228840e-01 1.597170684679541708e+00 7.322377769121671265e-02 -1.015113490581012329e-01
4.455629204078090488e+00 4.166186502095210048e-02 3.183762913747383849e-01 1.589790757255267639e+00 3.016748110228006236e-02 -1.027168300993357847e-01
4.486373540467362808e+00 4.923938977213875717e-02 2.679601805223231215e-01 1.578355703051262049e+00 -1.576187651926494113e-02 -1.045057248095109942e-01
4.517195536843344961e+00 5.527187357677598722e-02 2.193546017227492595e-01 1.562374604969636982e+00 -6.955997638572791741e-02 -9.559427370165841931e-02
4.547809636194248384e+00 6.015077994896906449e-02 1.806037946343683753e-01 1.541043748787910950e+00 -1.324074062575928690e-01 -6.849918897609454105e-02
4.578081868634973794e+00 6.451291440406295430e-02 1.571474294141678163e-01 1.513670629588467431e+00 -2.001502891973364062e-01 -2.863544632681644039e-02
4.607925049702638276e+00 6.891874602078383594e-02 1.497628187496136964e-01 1.479930143406885890e+00 -2.686333625910998779e-01 1.131142204219148274e-02
4.636677258098236720e+00 7.386980180983132582e-02 1.642906111456718388e-01 1.439877133091252759e+00 -3.335313820071673097e-01 5.130813183743097861e-02
4.663541232053301400e+00 8.001770328970286839e-02 2.059764481310412121e-01 1.393815235563887533e+00 -3.935917611422879991e-01 9.126646227540807788e-02
4.689241593464542390e+00 8.779693618041665981e-02 2.595687188211275864e-01 1.342262333846270472e+00 -4.454823373789161267e-01 1.309800180996614494e-01
4.716887549953897363e+00 9.684799266619263658e-02 2.879315249854389469e-01 1.286134235460574704e+00 -4.844253564249281774e-01 1.636987543991620109e-01
4.752687323688915555e+00 1.056320652071050664e-01 2.353438176521128189e-01 1.227088844265521006e+00 -5.005028245331740733e-01 1.830107914631910471e-01
4.793621348341086552e+00 1.123652261679238817e-01 1.425588397661425033e-01 1.166901535187544692e+00 -5.025706679742509841e-01 2.041736031032411747e-01
4.834796052856018100e+00 1.170225139397255837e-01 5.399409731065326484e-02 1.106998908072662768e+00 -4.904101752723087904e-01 2.285279277928015662e-01
4.875428072240223898e+00 1.198992333593487114e-01 -2.764830193499510577e-02 1.048968592425088664e+00 -4.624102596254066055e-01 2.559003466179824993e-01
4.914826016938381947e+00 1.213495150717979615e-01 -9.958568890912843086e-02 9.945095044377079141e-01 -4.192233313225114943e-01 2.854007598770703646e-01
4.952565755858636898e+00 1.217288496548265264e-01 -1.602715475682552349e-01 9.450934358740123997e-01 -3.653533691080126378e-01 3.156911400168033177e-01
4.988495493113296320e+00 1.213469341244314131e-01 -2.095885244619192511e-01 9.020415598149514880e-01 -2.994787712731537543e-01 3.444008420783145064e-01
5.022679460416378028e+00 1.204374128826451035e-01 -2.486530396453854874e-01 8.664979908600382030e-01 -2.261453856694000952e-01 3.689060300749285592e-01
5.055313899957408985e+00 1.191546727170954417e-01 -2.792653879523942506e-01 8.389553876092420426e-01 -1.525139919101555774e-01 3.878125667628362638e-01
5.086648272351508737e+00 1.175855182905544555e-01 -3.034554797882416111e-01 8.192745416223936594e-01 -8.253901794285370408e-02 3.999036852545244103e-01
5.116921631313348762e+00 1.157400433079684987e-01 -3.238230804574024346e-01 8.065837009331948693e-01 -2.515249084547575148e-02 3.999993317826814887e-01
5.146318901383617472e+00 1.136109252597537339e-01 -3.418929013130758698e-01 7.993328908230283858e-01 1.639822688498479217e-02 3.999982618515359190e-01
5.174979293511654532e+00 1.112281890650912985e-01 -3.576527051087388664e-01 7.961320875733188807e-01 4.844857475286184351e-02 3.999965358707140428e-01
5.203010433447187388e+00 1.086203772415847146e-01 -3.710826700014419610e-01 7.962495521082161298e-01 7.687068333863111835e-02 3.999960387586811161e-01
5.230507319595329108e+00 1.058091754167354986e-01 -3.823069202175737313e-01 7.994779099114779353e-01 1.054678457950400522e-01 3.988749161972642288e-01
5.257552679926465800e+00 1.027661428894340589e-01 -3.926036103073090033e-01 8.064115553336150821e-01 1.451548508420106298e-01 3.879900344615098140e-01
5.284228174250523047e+00 9.941972185263193984e-02 -4.035054458352543838e-01 8.177665616944108651e-01 1.874069194189662280e-01 3.734792307460645389e-01
5.310612959296134861e+00 9.569685542641896692e-02 -4.158490827664880762e-01 8.341638427613834450e-01 2.392936033749989144e-01 3.549402706857219258e-01
5.336780717782109384e+00 9.150092710698055909e-02 -4.304413582922554937e-01 8.564330211387292113e-01 2.980266016994942424e-01 3.330844204253864960e-01
5.362790691720503489e+00 8.671694377233095385e-02 -4.478965006644531899e-01 8.850645312276486099e-01 3.608204828839065570e-01 3.089936041578669190e-01
5.388671584477289223e+00 8.121626588618081899e-02 -4.685378879345969416e-01 9.202012919659313672e-01 4.248037361966441328e-01 2.838763548436905593e-01
5.414415803034711594e+00 7.486989877530923765e-02 -4.922961399568501761e-01 9.607103450264700140e-01 4.697626493370050116e-01 2.601150664660649148e-01
5.439932451878155995e+00 6.756391795368008046e-02 -5.185056699934508240e-01 1.005359334937662386e+00 5.138845766625119715e-01 2.375529314880403808e-01
5.465152794059772390e+00 5.918025298384799876e-02 -5.472160328598724144e-01 1.053749463738070213e+00 5.544564267141279812e-01 2.165797509460253012e-01
5.489848515865512368e+00 4.964789040979777912e-02 -5.758461688180208649e-01 1.104942215174987030e+00 5.838479847827504621e-01 1.976787909259635212e-01
5.514184490206351263e+00 3.879070544173150725e-02 -6.101678610873952913e-01 1.157856831533797815e+00 6.063192191463998570e-01 1.808105445871829309e-01
5.535889744870482687e+00 2.715514303344503111e-02 -5.763493200120406446e-01 1.211345458792550955e+00 6.153884485591387676e-01 1.660933507786780949e-01
5.557577548664919931e+00 1.629621130491458111e-02 -4.884726535054553231e-01 1.263793543506863237e+00 6.070568852499882428e-01 1.535215350749910557e-01
5.581271434745962878e+00 7.023717231560831775e-03 -3.998872063028280355e-01 1.313646072907066475e+00 5.847203440772571481e-01 1.430627452888282580e-01
5.606807104402439457e+00 -8.269619261638915366e-04 -3.397890309079334425e-01 1.360021309611123552e+00 5.569594757445136546e-01 1.342837554956628210e-01
5.633520322712716855e+00 -7.699736193928743283e-03 -2.942127974664645040e-01 1.402039270701715745e+00 5.142696541758373652e-01 1.271484001687986365e-01
5.661285634002204858e+00 -1.357543733191084352e-02 -2.440045107678341374e-01 1.438908880329087703e+00 4.670638000583645644e-01 1.183739211993856261e-01
5.690044586200651011e+00 -1.828737562430687164e-02 -1.918893990825595586e-01 1.470314231728263810e+00 4.142172827726743889e-01 1.009006786220652957e-01
5.719513588663294179e+00 -2.198388170670255090e-02 -1.493472997842591188e-01 1.495667200265034413e+00 3.511252908406182205e-01 7.734953343293642092e-02
5.749455479550906745e+00 -2.504034452246761688e-02 -1.200774523014729311e-01 1.514164231825430029e+00 2.778566346694711919e-01 5.041100561679408287e-02
5.779722811362633550e+00 -2.785955919350834725e-02 -1.035331529882410478e-01 1.525099550041655094e+00 1.964833255687591651e-01 2.105127369474991961e-02
5.810111843858329905e+00 -3.086451395314052798e-02 -1.013309619248749238e-01 1.528005403248728022e+00 1.103487792198401263e-01 -1.071856823974544348e-02
5.840386637417973148e+00 -3.452291372718511997e-02 -1.147369798926040629e-01 1.522646003521547664e+00 2.171123310358348546e-02 -4.280012645700672497e-02
5.870392341888159393e+00 -3.922664039135932007e-02 -1.407016030568955522e-01 1.508900660284157480e+00 -6.836028404550804904e-02 -7.278599881322977971e-02
5.899900766117178286e+00 -4.519613515820711941e-02 -1.770138524229588062e-01 1.486743546254626347e+00 -1.579048412130893142e-01 -9.812113076363634945e-02
5.928242329025405155e+00 -5.263905147376297944e-02 -2.292477590778533580e-01 1.456388028233280396e+00 -2.427522763433389852e-01 -1.187330345266835036e-01
5.954827460689510410e+00 -6.182193650222808645e-02 -2.968101349339830608e-01 1.418367572102651408e+00 -3.193471084639554203e-01 -1.325723748552602721e-01
5.980506743980480877e+00 -7.263988914070053371e-02 -3.576751731820183577e-01 1.373483081470486589e+00 -3.849847883179585151e-01 -1.426565520732866466e-01
6.008450222583521239e+00 -8.427393248115908064e-02 -3.747115201417124397e-01 1.322771784294639374e+00 -4.374069734264257048e-01 -1.551218169355680632e-01
6.043532064729506992e+00 -9.510753325583702622e-02 -3.122969944886079818e-01 1.267473520093200579e+00 -4.751857515353230532e-01 -1.704274038897561350e-01
6.082131055785046314e+00 -1.038126523747523317e-01 -2.265356610253688452e-01 1.209038238423520317e+00 -4.963605937805138923e-01 -1.889715588594442497e-01
6.121796711477879072e+00 -1.104145235568073924e-01 -1.408509521940520259e-01 1.149114256872822093e+00 -5.001793721284349958e-01 -2.109663407100874355e-01
6.161698654953470466e+00 -1.151138098579679997e-01 -5.882053797528026540e-02 1.089485076136448960e+00 -4.862147769371402140e-01 -2.364595880904832581e-01
6.201067582388371413e+00 -1.182029144944417159e-01 1.628441961082905884e-02 1.031979092399632814e+00 -4.555070107429159965e-01 -2.649081528014979869e-01
6.239314866118172986e+00 -1.200135716826077753e-01 8.207849669707117934e-02 9.783741855063461390e-01 -4.092311482812913126e-01 -2.952340969950094651e-01
6.276103809931512068e+00 -1.208665704663537538e-01 1.374786817868272337e-01 9.303167129595719675e-01 -3.495255480446185503e-01 -3.256546816614733220e-01
6.311338449254911609e+00 -1.210293469477680822e-01 1.827586864246195653e-01 8.892901871898987176e-01 -2.776144487924286364e-01 -3.533704914099065619e-01
6.345107863058891517e+00 -1.206928491103766432e-01 2.192810131991970446e-01 8.563742227831843135e-01 -1.996330886916722613e-01 -3.758410297468383621e-01
6.377608555638143883e+00 -1.199730235093429687e-01 2.489599931485962092e-01 8.319010139748832522e-01 -1.228081156630403403e-01 -3.916310816558997154e-01
6.409072477441227988e+00 -1.189240378076296401e-01 2.738305231194810285e-01 8.154422527362176210e-01 -5.333595086227835985e-02 -3.999986087570782667e-01
6.439707638925553645e+00 -1.175485237572133634e-01 2.959234406349299795e-01 8.056521641862502969e-01 -1.347471288902710174e-03 -3.999926984331138025e-01
6.469662133482060540e+00 -1.158462553682432783e-01 3.161745951644733266e-01 8.010594076012972353e-01 4.124963260435619838e-02 -3.999997736373879231e-01
6.499057172487309408e+00 -1.138376218511028826e-01 3.345731458655475388e-01 8.013065909468702896e-01 8.695610063322457839e-02 -3.990863316541083394e-01
6.528005464334349028e+00 -1.114938866568870590e-01 3.522150400377234702e-01 8.066029328046919744e-01 1.338623979533425656e-01 -3.889901067374517130e-01
6.556598456931351571e+00 -1.087360066178259393e-01 3.706834223781789728e-01 8.174880687864367612e-01 1.900892559846591445e-01 -3.734634809852568904e-01
6.584926382489364904e+00 -1.054670753078603418e-01 3.911073009468891692e-01 8.351433620604929997e-01 2.596540762006555036e-01 -3.523966740302262313e-01
6.613074720697204256e+00 -1.015591273592488242e-01 4.144911597600071662e-01 8.606731628072574747e-01 3.378774250825600789e-01 -3.270637884896033243e-01
6.641101789417516166e+00 -9.686041137597027617e-02 4.414990881517020793e-01 8.946273818719663318e-01 4.203229557372356040e-01 -2.992096588064298568e-01
6.669013944650791892e+00 -9.120271897487008950e-02 4.723343284099743578e-01 9.369885160798564483e-01 5.021694623128070134e-01 -2.706930014109815152e-01
6.696761446908469750e+00 -8.440973651846370163e-02 5.068370139643304517e-01 9.871785310132176194e-01 5.789077541435371232e-01 -2.429878249730024753e-01
6.724204179326791930e+00 -7.630933989891641733e-02 5.441367127502313439e-01 1.044245771450853288e+00 6.487206207419159432e-01 -2.172331221952920610e-01
6.751216542679180144e+00 -6.673343378172649776e-02 5.839220500756289178e-01 1.107035245143874524e+00 7.097275233965866237e-01 -1.938581726286809914e-01
6.777530449279349334e+00 -5.557009832662252596e-02 6.241154803869708445e-01 1.174283195919580747e+00 7.613479161140924711e-01 -1.730973706056531947e-01
6.802955159487143355e+00 -4.260070564563612355e-02 6.633232511634918893e-01 1.244812169536596569e+00 8.050485100828258522e-01 -1.549241079232251406e-01
6.825125510255874772e+00 -2.866340366631747391e-02 6.211606324340610552e-01 1.317708597223575806e+00 8.436405660305148491e-01 -1.390648356159699117e-01
6.848053034251209148e+00 -1.539048082553846203e-02 5.334415925732304276e-01 1.392179500095918288e+00 8.758679064423551264e-01 -1.252984420676866717e-01
6.873753576420097211e+00 -3.417801554158423401e-03 4.559216415597482364e-01 1.467153836338479733e+00 8.962229648812130023e-01 -1.130494471556265229e-01
6.901690124372890089e+00 7.672373418252351716e-03 4.107113082192384579e-01 1.541221759385702050e+00 9.013652929585964646e-01 -1.016923579086372459e-01
6.931274016900051294e+00 1.829687667200573589e-02 3.728881702340441917e-01 1.613167327173218757e+00 8.964499301363222372e-01 -9.290766405342443246e-02
6.962726553023755649e+00 2.820077748365367939e-02 3.264832345170859407e-01 1.682150029574869032e+00 8.824188594050051959e-01 -8.665964886098202757e-02
6.995962950309918327e+00 3.702263045660458135e-02 2.788673406702335544e-01 1.747328543781590637e+00 8.566465736424799804e-01 -8.175262036904382135e-02
7.030667737834685127e+00 4.469139085925009913e-02 2.357228291895233363e-01 1.808031839882404901e+00 8.239379477977648580e-01 -7.624738600750267936e-02
7.066775493029693322e+00 5.121278886245627521e-02 1.947947996822210481e-01 1.863321455065591215e+00 7.720100793998816435e-01 -6.983534786143295869e-02
7.104178419401506517e+00 5.651368526628728489e-02 1.549390850786188933e-01 1.912245681543206288e+00 7.112171740720154567e-01 -6.557618552301237858e-02
7.142656307199242605e+00 6.047700267061964507e-02 1.157410925573087723e-01 1.954633012312917195e+00 6.484342496901788211e-01 -6.493413927173993794e-02
7.182032273737728012e+00 6.298841228829364647e-02 7.629471281148897388e-02 1.990568938364990492e+00 5.829662653784301041e-01 -6.427195557636665446e-02
7.222136023663158433e+00 6.398231445671929973e-02 3.684961805754658620e-02 2.020196883670099641e+00 5.173508715392242108e-01 -6.257133288426471041e-02
7.262779595237586427e+00 6.342541223028068387e-02 -2.181482998340842066e-03 2.043725952269496826e+00 4.512836166354525780e-01 -6.129527502652476478e-02
7.303780212361440149e+00 6.129074256872134308e-02 -4.090386126665689764e-02 2.061147184183758085e+00 3.804590342504808320e-01 -6.041608962576609093e-02
7.344953916394473481e+00 5.756303417641234210e-02 -7.946122368934878388e-02 2.072223735112121101e+00 3.041298425729887511e-01 -5.991180613595306625e-02
7.386109567884325600e+00 5.223934429228586224e-02 -1.179617747178879766e-01 2.076754453452344329e+00 2.244283627964219485e-01 -5.977551880344804391e-02
7.427053258939810831e+00 4.533002732391695072e-02 -1.565010651848396939e-01 2.074795802026650371e+00 1.462500419761511017e-01 -6.003851736758280405e-02
7.467600021506218155e+00 3.685684936265565259e-02 -1.952634834265364605e-01 2.066673365732130119e+00 7.219816864465440631e-02 -6.064609179647802856e-02
7.507569841181710224e+00 2.684943062733056302e-02 -2.343806990526266232e-01 2.052796903703410614e+00 2.633734247375189332e-03 -6.162606425600156146e-02
7.546785081805091444e+00 1.535521604111238399e-02 -2.735986889562405655e-01 2.033552479197753726e+00 -6.260689611933165089e-02 -6.291904683567207945e-02
7.585099511181945253e+00 2.432844677361581300e-03 -3.135817218722161126e-01 2.009606661194175192e+00 -1.159793575949795430e-01 -6.457245123697268052e-02
7.622353645825080903e+00 -1.189256381190105516e-02 -3.552244790468307989e-01 1.982025372813615238e+00 -1.550689695101291066e-01 -6.648564086927280514e-02
7.658482605548403654e+00 -2.754404029568653656e-02 -3.949235713391400782e-01 1.951977035021236873e+00 -1.798643782456963991e-01 -6.862889020075257918e-02
7.693492781313631568e+00 -4.433925237861247037e-02 -4.333862376874607070e-01 1.920625641102131631e+00 -1.907797893611440920e-01 -7.092787955061052863e-02
7.726568504249361702e+00 -6.238488311930438790e-02 -4.843870836068097652e-01 1.889110715612628999e+00 -1.884251563211983005e-01 -7.334040090774887610e-02
7.757815289325332486e+00 -8.196119961519408859e-02 -5.378444008135322418e-01 1.858774518682790422e+00 -1.680106198821978147e-01 -7.573020396633783902e-02
7.793062831756830455e+00 -1.022947468728910986e-01 -5.352746083452626369e-01 1.830632896375042229e+00 -1.423470558982856127e-01 -7.801531946294543163e-02
7.848309677549173635e+00 -1.198773077594438574e-01 -3.713750489742448924e-01 1.805397188672485109e+00 -1.059459105125730299e-01 -8.010682322444739878e-02
7.917197183508626779e+00 -1.304745760801657717e-01 -1.411134765391256207e-01 1.783963613758249966e+00 -6.018655327123788312e-02 -8.188311999572997490e-02
7.992232891604464484e+00 -1.324476691536557171e-01 1.135896686612643536e-01 1.766911556351700607e+00 -1.083710833588867259e-02 -8.329593099977275483e-02
8.063901859254881899e+00 -1.256523746518004581e-01 3.545435050548317868e-01 1.754642418029239925e+00 4.405534535838896010e-02 -8.425015473011611411e-02
8.125109196942050360e+00 -1.115351850812632550e-01 5.536163426298016388e-01 1.747392877219274610e+00 9.919335219005280535e-02 -8.470920200513462617e-02
8.174425608627501560e+00 -9.212830161734245071e-02 7.062535895611796732e-01 1.745312669660998184e+00 1.583223977099321722e-01 -8.467670765951669509e-02
8.209536790151119590e+00 -6.934224443623546175e-02 7.621340793871830277e-01 1.748662419741433105e+00 2.206745360636380993e-01 -8.411415577666336851e-02
8.234996550336109777e+00 -4.712155127252411896e-02 6.869152824155810855e-01 1.757438745087422260e+00 2.816671547285215516e-01 -8.305784415037469059e-02
8.262465761383491980e+00 -2.721331132720922197e-02 5.983022409536385977e-01 1.771322914746213062e+00 3.392800507153588274e-01 -8.156388047938073482e-02
8.293014785930690635e+00 -9.262801241500766627e-03 5.464449006397412711e-01 1.790109837039029816e+00 3.984387073538624979e-01 -7.966370492325047792e-02
8.324773390890102931e+00 7.765545731124061900e-03 5.170834350306691141e-01 1.813634551471198009e+00 4.555306889419407090e-01 -7.747106981047537089e-02
8.357427882200205715e+00 2.402846727162157026e-02 4.794118481501842277e-01 1.841318138480738220e+00 5.050224935903612211e-01 -7.505603445318488609e-02
8.391463268675675380e+00 3.915039556064501408e-02 4.331179959390116241e-01 1.872492430601736091e+00 5.502772919311242905e-01 -7.250783290950094107e-02
8.426707801970175993e+00 5.299437634636581379e-02 3.893848726930665971e-01 1.906568716037302380e+00 5.894984831874277020e-01 -6.989196556763724311e-02
8.462994750182071257e+00 6.564663250680904949e-02 3.495124985340638535e-01 1.942908400835979377e+00 6.229432610758902644e-01 -6.728808471477200348e-02
8.500476458790561907e+00 7.711654019464593557e-02 3.099035040964552290e-01 1.980810242480039118e+00 6.483219382580746037e-01 -6.474593583866311564e-02
8.539174174787239835e+00 8.732795550384506167e-02 2.701893046216933825e-01 2.019090751513790583e+00 6.555186677832326447e-01 -6.236071799565348628e-02
8.578956785836352239e+00 9.622281607164846762e-02 2.313937799717576405e-01 2.056627361928520692e+00 6.545306280601657090e-01 -6.015926765008256655e-02
8.619752311425044056e+00 1.037633317912749070e-01 1.934374447312325884e-01 2.092916813249043884e+00 6.491144746991690528e-01 -5.814803890538430137e-02
8.661508927488080545e+00 1.099038750459882530e-01 1.559965940919809668e-01 2.127627901711252267e+00 6.390825355626880144e-01 -5.632480873463176912e-02
8.704135132937027564e+00 1.145983358975518479e-01 1.190825966166551425e-01 2.160425246668708166e+00 6.240174012229783296e-01 -5.468770146295381940e-02
8.747528965197005846e+00 1.178081024194395227e-01 8.269919603717572343e-02 2.190546916840545144e+00 5.930140488686962419e-01 -5.321262967509952230e-02
