9.425848890000000000e+08
9.625941960000000000e+08
9.825865000000000000e+08
2.584311000000000000e+06
2.258017300000000000e+07
4.258209200000000000e+07
6.258535400000000000e+07
8.258172500000000000e+07
1.125874910000000000e+08
1.325822650000000000e+08
1.526106010000000000e+08
1.625861000000000000e+08
1.825827490000000000e+08
2.025844410000000000e+08
2.225835410000000000e+08
2.425814610000000000e+08
2.625830240000000000e+08
2.825855530000000000e+08
3.025803770000000000e+08
3.225848960000000000e+08
3.425820570000000000e+08
3.625782320000000000e+08
3.825900120000000000e+08
4.025795270000000000e+08
4.225771620000000000e+08
4.425889870000000000e+08
4.626027700000000000e+08
4.825845470000000000e+08
5.026064750000000000e+08
5.225900900000000000e+08
5.425787140000000000e+08
5.625899490000000000e+08
5.825812980000000000e+08
6.025824150000000000e+08
6.325834430000000000e+08
6.425833360000000000e+08
6.725837530000000000e+08
6.925906280000000000e+08
7.025885720000000000e+08
7.225819100000000000e+08
7.425805650000000000e+08
7.625853800000000000e+08
7.825832480000000000e+08
8.025830590000000000e+08
8.225817240000000000e+08
8.525849780000000000e+08
8.725826790000000000e+08
8.825851300000000000e+08
9.025874610000000000e+08
9.225868440000000000e+08
9.425817450000000000e+08
9.625903750000000000e+08
9.825847880000000000e+08
2.580625000000000000e+06
2.258343600000000000e+07
4.258199400000000000e+07
6.257674700000000000e+07
8.258148200000000000e+07
1.025823850000000000e+08
1.225844590000000000e+08
1.425868850000000000e+08
1.625861320000000000e+08
1.826052410000000000e+08
2.025836570000000000e+08
2.325837460000000000e+08
2.525852160000000000e+08
2.725810060000000000e+08
2.825871430000000000e+08
3.025859090000000000e+08
3.225788600000000000e+08
3.425837410000000000e+08
3.625836810000000000e+08
3.825807470000000000e+08
4.025876890000000000e+08
4.225835480000000000e+08
4.525893770000000000e+08
4.625806370000000000e+08
4.925844370000000000e+08
5.025835150000000000e+08
5.225806470000000000e+08
5.425850580000000000e+08
5.625814030000000000e+08
5.825819760000000000e+08
6.025799090000000000e+08
6.225888390000000000e+08
6.425778080000000000e+08
6.725890460000000000e+08
6.826139800000000000e+08
7.025795680000000000e+08
7.225808580000000000e+08
7.525844950000000000e+08
7.625811040000000000e+08
7.825827220000000000e+08
8.125852230000000000e+08
8.325778820000000000e+08
8.525991130000000000e+08
8.725889360000000000e+08
8.926003240000000000e+08
9.025863390000000000e+08
9.225845240000000000e+08
9.425866410000000000e+08
9.625820730000000000e+08
9.825854720000000000e+08
2.581285000000000000e+06
3.258019800000000000e+07
4.258958200000000000e+07
6.258096300000000000e+07
8.258097600000000000e+07
1.025828210000000000e+08
1.225823680000000000e+08
1.425856400000000000e+08
1.625936400000000000e+08
1.825879160000000000e+08
2.025835420000000000e+08
2.225816220000000000e+08
2.425825940000000000e+08
2.625841570000000000e+08
2.925869730000000000e+08
3.025882790000000000e+08
3.225818810000000000e+08
3.425833650000000000e+08
3.625889860000000000e+08
3.825853770000000000e+08
4.026060480000000000e+08
4.325806670000000000e+08
4.525841140000000000e+08
4.625813000000000000e+08
4.825825190000000000e+08
5.025823210000000000e+08
5.325830790000000000e+08
5.425829260000000000e+08
5.625857520000000000e+08
5.825791450000000000e+08
6.025884850000000000e+08
6.225832470000000000e+08
6.425832680000000000e+08
6.625788890000000000e+08
6.925864510000000000e+08
7.025791760000000000e+08
7.225823600000000000e+08
7.425898730000000000e+08
7.625820620000000000e+08
7.825826210000000000e+08
8.025862890000000000e+08
8.225869500000000000e+08
8.425813710000000000e+08
8.625805450000000000e+08
8.825863980000000000e+08
9.125851250000000000e+08
9.225822050000000000e+08
9.425828470000000000e+08
9.625782870000000000e+08
9.825777060000000000e+08
2.601971000000000000e+06
2.258752800000000000e+07
4.259910200000000000e+07
6.258056200000000000e+07
8.258299200000000000e+07
1.025798120000000000e+08
1.225839850000000000e+08
1.426061070000000000e+08
1.725794700000000000e+08
1.925897540000000000e+08
2.026238500000000000e+08
2.225800020000000000e+08
2.425903580000000000e+08
2.625845940000000000e+08
2.825814460000000000e+08
3.025885320000000000e+08
3.225853380000000000e+08
3.425788860000000000e+08
3.625868260000000000e+08
3.825831490000000000e+08
4.025820050000000000e+08
4.225800880000000000e+08
4.425869580000000000e+08
4.625840770000000000e+08
4.825814350000000000e+08
5.025881680000000000e+08
5.225817740000000000e+08
5.526115270000000000e+08
5.625862880000000000e+08
5.825848140000000000e+08
6.026001820000000000e+08
6.225805510000000000e+08
6.525804690000000000e+08
6.726089500000000000e+08
6.825869530000000000e+08
7.025835760000000000e+08
7.225808170000000000e+08
7.425833190000000000e+08
7.725857710000000000e+08
7.825815400000000000e+08
8.025848240000000000e+08
8.325862300000000000e+08
8.425840550000000000e+08
8.625791360000000000e+08
8.825843110000000000e+08
9.125839940000000000e+08
9.225838010000000000e+08
9.425819060000000000e+08
9.625848500000000000e+08
9.925842960000000000e+08
2.602661000000000000e+06
2.258916500000000000e+07
4.257991700000000000e+07
6.258502500000000000e+07
9.257886400000000000e+07
1.125835230000000000e+08
1.325837130000000000e+08
1.525993300000000000e+08
1.725822780000000000e+08
1.925802520000000000e+08
2.025842380000000000e+08
2.325781600000000000e+08
2.525842500000000000e+08
2.725781700000000000e+08
2.925902140000000000e+08
3.025950230000000000e+08
3.226008410000000000e+08
3.425833160000000000e+08
3.625930410000000000e+08
3.925848750000000000e+08
4.125793770000000000e+08
4.325819490000000000e+08
4.425859230000000000e+08
4.725876240000000000e+08
4.825835010000000000e+08
5.025818150000000000e+08
5.225861270000000000e+08
5.425815620000000000e+08
5.625802990000000000e+08
5.825789160000000000e+08
6.026014420000000000e+08
6.225814280000000000e+08
6.425810050000000000e+08
6.625854100000000000e+08
6.825848360000000000e+08
7.025806570000000000e+08
7.225878730000000000e+08
7.425794520000000000e+08
7.625863370000000000e+08
7.825840570000000000e+08
8.025827540000000000e+08
8.325791070000000000e+08
8.425865640000000000e+08
8.625840010000000000e+08
8.825826230000000000e+08
9.025986760000000000e+08
9.225793380000000000e+08
9.425819530000000000e+08
9.625895640000000000e+08
9.825781950000000000e+08
1.258453000000000000e+07
2.258639100000000000e+07
4.258523100000000000e+07
6.257796400000000000e+07
8.258290500000000000e+07
1.026092870000000000e+08
1.225870920000000000e+08
1.526043990000000000e+08
1.625850390000000000e+08
1.925827350000000000e+08
2.025836300000000000e+08
2.225886490000000000e+08
2.525844750000000000e+08
2.725832760000000000e+08
2.925859020000000000e+08
3.125793430000000000e+08
3.225914850000000000e+08
3.425861500000000000e+08
3.625862590000000000e+08
3.825794390000000000e+08
4.025854350000000000e+08
4.225836550000000000e+08
4.425811110000000000e+08
4.625809720000000000e+08
4.825861740000000000e+08
5.025799930000000000e+08
5.325848760000000000e+08
5.425925690000000000e+08
5.625869660000000000e+08
5.825770490000000000e+08
6.025889810000000000e+08
6.225796440000000000e+08
6.425810760000000000e+08
6.625919460000000000e+08
6.825998100000000000e+08
7.125762920000000000e+08
7.325836720000000000e+08
7.425791100000000000e+08
7.625820850000000000e+08
7.825834130000000000e+08
8.125855930000000000e+08
8.225810730000000000e+08
8.425877510000000000e+08
8.625839950000000000e+08
8.825798070000000000e+08
9.125976080000000000e+08
9.225809150000000000e+08
9.425791200000000000e+08
9.725811080000000000e+08
9.825815970000000000e+08
2.580174000000000000e+06
2.261314800000000000e+07
4.258526400000000000e+07
7.258562200000000000e+07
9.258908000000000000e+07
1.125787000000000000e+08
1.225852350000000000e+08
1.425856770000000000e+08
1.625930950000000000e+08
1.825866780000000000e+08
2.025878700000000000e+08
2.225839680000000000e+08
2.425838560000000000e+08
2.625835020000000000e+08
2.825785360000000000e+08
3.025900940000000000e+08
3.225793920000000000e+08
3.425838250000000000e+08
3.725837770000000000e+08
3.825811830000000000e+08
4.125862530000000000e+08
4.325803800000000000e+08
4.526067690000000000e+08
4.625802400000000000e+08
4.825815760000000000e+08
5.025833440000000000e+08
5.225827060000000000e+08
5.425827550000000000e+08
5.625875180000000000e+08
5.825864320000000000e+08
6.125892480000000000e+08
6.225869430000000000e+08
6.425949460000000000e+08
6.625871540000000000e+08
6.825876580000000000e+08
7.125864410000000000e+08
7.225893160000000000e+08
7.425789970000000000e+08
7.625799240000000000e+08
7.825832890000000000e+08
8.025839550000000000e+08
8.225819780000000000e+08
8.425878290000000000e+08
8.725806590000000000e+08
8.825809480000000000e+08
9.025903460000000000e+08
9.325620290000000000e+08
9.525793160000000000e+08
9.726044090000000000e+08
9.825835350000000000e+08
2.578806000000000000e+06
2.258483700000000000e+07
4.258018600000000000e+07
6.257827800000000000e+07
9.258333400000000000e+07
1.025829760000000000e+08
1.325824450000000000e+08
1.425827380000000000e+08
1.625831640000000000e+08
1.926079950000000000e+08
2.125836140000000000e+08
2.325858380000000000e+08
2.425830890000000000e+08
2.625791800000000000e+08
2.825807770000000000e+08
3.025867640000000000e+08
3.225816470000000000e+08
3.425860780000000000e+08
3.625835060000000000e+08
3.825784350000000000e+08
4.025830230000000000e+08
4.226119790000000000e+08
4.425847090000000000e+08
4.625831320000000000e+08
4.925812020000000000e+08
5.125831860000000000e+08
5.325802480000000000e+08
5.425841590000000000e+08
5.625795960000000000e+08
5.825824910000000000e+08
6.125847300000000000e+08
6.325949370000000000e+08
6.425893370000000000e+08
6.625824010000000000e+08
6.825830390000000000e+08
7.125817590000000000e+08
7.225860680000000000e+08
7.425824100000000000e+08
7.625885770000000000e+08
7.825798140000000000e+08
8.025814370000000000e+08
8.225871440000000000e+08
8.525811270000000000e+08
8.725847750000000000e+08
8.825804220000000000e+08
9.025827890000000000e+08
9.325835040000000000e+08
9.425827190000000000e+08
9.725823160000000000e+08
9.825798640000000000e+08
2.581543000000000000e+06
2.258023100000000000e+07
4.258499500000000000e+07
6.258791000000000000e+07
8.259157100000000000e+07
1.025863350000000000e+08
1.225846250000000000e+08
1.425939430000000000e+08
1.625856610000000000e+08
1.825862360000000000e+08
2.025856370000000000e+08
2.225778140000000000e+08
2.425831140000000000e+08
2.726019810000000000e+08
2.925836250000000000e+08
3.126009470000000000e+08
3.225804810000000000e+08
3.425801550000000000e+08
3.725832870000000000e+08
3.925864780000000000e+08
4.125801720000000000e+08
4.325822630000000000e+08
4.525887880000000000e+08
4.725945820000000000e+08
4.925801370000000000e+08
5.125770110000000000e+08
5.325809460000000000e+08
5.525871210000000000e+08
5.725864290000000000e+08
5.825828040000000000e+08
6.025887620000000000e+08
6.325810060000000000e+08
6.525903900000000000e+08
6.626115010000000000e+08
6.825868000000000000e+08
7.025781690000000000e+08
7.225825310000000000e+08
7.525902910000000000e+08
7.625825920000000000e+08
7.825768990000000000e+08
8.025807290000000000e+08
8.225844600000000000e+08
8.425859740000000000e+08
8.625872250000000000e+08
8.825890940000000000e+08
9.125814900000000000e+08
9.225867140000000000e+08
9.526085570000000000e+08
9.625845640000000000e+08
9.825788730000000000e+08
1.258164900000000000e+07
2.258040500000000000e+07
4.258032800000000000e+07
6.258660200000000000e+07
8.258204100000000000e+07
1.025954560000000000e+08
1.225881270000000000e+08
1.425828450000000000e+08
1.625817090000000000e+08
1.825855160000000000e+08
2.025898030000000000e+08
2.225848120000000000e+08
2.426154790000000000e+08
2.725834720000000000e+08
2.925879130000000000e+08
3.025818110000000000e+08
3.225832270000000000e+08
3.425815770000000000e+08
3.626007430000000000e+08
3.825817690000000000e+08
4.025785940000000000e+08
4.225808790000000000e+08
4.425799630000000000e+08
4.625795210000000000e+08
4.825849060000000000e+08
5.025857740000000000e+08
5.225885770000000000e+08
5.425854120000000000e+08
5.625875330000000000e+08
5.825843700000000000e+08
6.025866130000000000e+08
6.225793480000000000e+08
6.425842350000000000e+08
6.725871270000000000e+08
6.825845630000000000e+08
7.125820470000000000e+08
7.325885150000000000e+08
7.525821120000000000e+08
7.726033930000000000e+08
7.925850210000000000e+08
8.025859180000000000e+08
8.225787010000000000e+08
8.425827480000000000e+08
8.625907360000000000e+08
8.825992610000000000e+08
9.025769260000000000e+08
9.225881320000000000e+08
9.425827660000000000e+08
9.726052930000000000e+08
9.925868580000000000e+08
1.257968900000000000e+07
2.257993200000000000e+07
4.258022900000000000e+07
6.258310700000000000e+07
9.258574400000000000e+07
1.026014080000000000e+08
1.325799740000000000e+08
1.425824080000000000e+08
1.625856880000000000e+08
1.825871210000000000e+08
2.125820960000000000e+08
2.225833220000000000e+08
2.525856210000000000e+08
2.625828950000000000e+08
2.825806540000000000e+08
3.125864250000000000e+08
3.225873650000000000e+08
3.526127440000000000e+08
3.725886230000000000e+08
3.825823490000000000e+08
4.025816050000000000e+08
4.325865610000000000e+08
4.425811000000000000e+08
4.625847000000000000e+08
4.825904880000000000e+08
5.025823490000000000e+08
5.225856030000000000e+08
5.425893240000000000e+08
5.625859500000000000e+08
5.825822560000000000e+08
6.125856610000000000e+08
6.225795090000000000e+08
6.525826670000000000e+08
6.625900390000000000e+08
6.826096830000000000e+08
7.125792080000000000e+08
7.225839230000000000e+08
7.525972610000000000e+08
7.625775660000000000e+08
7.825787360000000000e+08
8.025807240000000000e+08
8.225821660000000000e+08
8.525873590000000000e+08
8.725789280000000000e+08
8.925782880000000000e+08
9.025822020000000000e+08
9.225835670000000000e+08
9.425795990000000000e+08
9.625841210000000000e+08
9.825825510000000000e+08
2.594286000000000000e+06
2.258205200000000000e+07
4.258443100000000000e+07
6.258240700000000000e+07
8.259460300000000000e+07
1.025878750000000000e+08
1.225854950000000000e+08
1.425818330000000000e+08
1.625858650000000000e+08
1.925787590000000000e+08
2.126093270000000000e+08
2.225825470000000000e+08
2.425860730000000000e+08
2.625822480000000000e+08
2.825868010000000000e+08
3.025852410000000000e+08
3.225824660000000000e+08
3.425862980000000000e+08
3.625831590000000000e+08
3.825852600000000000e+08
4.025859150000000000e+08
4.225822870000000000e+08
4.426013520000000000e+08
4.625876800000000000e+08
4.825840250000000000e+08
5.125786740000000000e+08
5.225859600000000000e+08
5.425829450000000000e+08
5.626060950000000000e+08
5.825907540000000000e+08
6.025823760000000000e+08
6.225845650000000000e+08
6.425869620000000000e+08
6.725805250000000000e+08
6.926069840000000000e+08
7.025817490000000000e+08
7.225847370000000000e+08
7.425819080000000000e+08
7.625806770000000000e+08
7.825795800000000000e+08
8.025841540000000000e+08
8.225848740000000000e+08
8.425851630000000000e+08
8.625887210000000000e+08
8.825793690000000000e+08
9.025819560000000000e+08
9.225808200000000000e+08
9.425775340000000000e+08
9.625898820000000000e+08
9.825787630000000000e+08
2.585277000000000000e+06
2.258705300000000000e+07
5.258254300000000000e+07
6.258059300000000000e+07
8.258582400000000000e+07
1.125977230000000000e+08
1.225815810000000000e+08
1.425825060000000000e+08
1.625813450000000000e+08
1.825819600000000000e+08
2.025872500000000000e+08
2.225869910000000000e+08
2.525821990000000000e+08
2.725824160000000000e+08
2.925836760000000000e+08
3.125834620000000000e+08
3.325829880000000000e+08
3.525784710000000000e+08
3.725865710000000000e+08
3.925813640000000000e+08
4.025827620000000000e+08
4.225837770000000000e+08
4.425853760000000000e+08
4.625807550000000000e+08
4.825808660000000000e+08
5.025857180000000000e+08
5.325846950000000000e+08
5.525854410000000000e+08
5.725867350000000000e+08
5.925859320000000000e+08
6.125829560000000000e+08
6.325811170000000000e+08
6.525794970000000000e+08
6.725820980000000000e+08
6.825848330000000000e+08
7.025796630000000000e+08
7.225863880000000000e+08
7.525883990000000000e+08
7.625829590000000000e+08
7.926134030000000000e+08
8.025907670000000000e+08
8.225841120000000000e+08
8.425872100000000000e+08
8.625799020000000000e+08
8.825836710000000000e+08
9.025830980000000000e+08
9.225846650000000000e+08
9.525806300000000000e+08
9.625816120000000000e+08
9.825833320000000000e+08
2.579062000000000000e+06
3.258099400000000000e+07
5.257942700000000000e+07
7.258164100000000000e+07
8.258085400000000000e+07
1.125822560000000000e+08
1.226006440000000000e+08
1.425791310000000000e+08
1.725863010000000000e+08
1.825868050000000000e+08
2.025887950000000000e+08
2.225852610000000000e+08
2.425838290000000000e+08
2.625794750000000000e+08
2.825900600000000000e+08
3.025830070000000000e+08
3.225830240000000000e+08
3.425923510000000000e+08
3.725870740000000000e+08
3.925804130000000000e+08
4.125498550000000000e+08
4.325814480000000000e+08
4.525841640000000000e+08
4.725821650000000000e+08
4.926055450000000000e+08
5.125790130000000000e+08
5.325871500000000000e+08
5.525875660000000000e+08
5.726085790000000000e+08
5.925808740000000000e+08
6.025893130000000000e+08
6.225841040000000000e+08
6.425818300000000000e+08
6.625850900000000000e+08
6.925815500000000000e+08
7.025884370000000000e+08
7.225832940000000000e+08
7.425792030000000000e+08
7.626014660000000000e+08
7.825805080000000000e+08
8.025837240000000000e+08
8.225853330000000000e+08
8.525827480000000000e+08
8.725751670000000000e+08
8.925812050000000000e+08
9.025804370000000000e+08
9.225840020000000000e+08
9.425825100000000000e+08
9.625852100000000000e+08
9.825784500000000000e+08
2.585104000000000000e+06
3.258524200000000000e+07
4.258775300000000000e+07
6.258313800000000000e+07
8.260529100000000000e+07
1.025797770000000000e+08
1.325843930000000000e+08
1.425799920000000000e+08
1.625879830000000000e+08
1.825824380000000000e+08
2.025899660000000000e+08
2.325835990000000000e+08
2.525788010000000000e+08
2.725838800000000000e+08
2.925899200000000000e+08
3.125831820000000000e+08
3.225840130000000000e+08
3.425788730000000000e+08
3.626000290000000000e+08
3.825773360000000000e+08
4.025835040000000000e+08
4.225854340000000000e+08
4.425830500000000000e+08
4.625805660000000000e+08
4.825848790000000000e+08
5.025789390000000000e+08
5.226112690000000000e+08
5.425861630000000000e+08
5.625853900000000000e+08
5.925821290000000000e+08
6.026046350000000000e+08
6.225843410000000000e+08
6.425804630000000000e+08
6.625908450000000000e+08
6.825822990000000000e+08
7.025827220000000000e+08
7.225872060000000000e+08
7.425822150000000000e+08
7.725800430000000000e+08
7.825803200000000000e+08
8.025843040000000000e+08
8.225840830000000000e+08
8.426030070000000000e+08
8.625855510000000000e+08
8.825855370000000000e+08
9.025847750000000000e+08
9.225894490000000000e+08
9.425811210000000000e+08
9.625873600000000000e+08
9.825841670000000000e+08
1.258637200000000000e+07
3.258877900000000000e+07
5.258160700000000000e+07
7.258435100000000000e+07
8.258503500000000000e+07
1.025904500000000000e+08
1.225896550000000000e+08
1.525867290000000000e+08
1.625905750000000000e+08
1.825853070000000000e+08
2.025905490000000000e+08
2.225859700000000000e+08
2.425811890000000000e+08
2.625789000000000000e+08
2.825904160000000000e+08
3.026084710000000000e+08
3.225823640000000000e+08
3.425888570000000000e+08
3.625851980000000000e+08
3.825823620000000000e+08
4.025830360000000000e+08
4.225805820000000000e+08
4.425833990000000000e+08
4.625858270000000000e+08
4.925952400000000000e+08
5.025848900000000000e+08
5.225813890000000000e+08
5.425846230000000000e+08
5.625853620000000000e+08
5.825766460000000000e+08
6.025892750000000000e+08
6.225822260000000000e+08
6.525844590000000000e+08
6.725836790000000000e+08
6.925879220000000000e+08
7.025846980000000000e+08
7.225834110000000000e+08
7.425886330000000000e+08
7.625846970000000000e+08
7.825755280000000000e+08
8.125847470000000000e+08
8.225964940000000000e+08
8.425803410000000000e+08
8.625898550000000000e+08
8.825823090000000000e+08
9.025904020000000000e+08
9.225932790000000000e+08
9.425834880000000000e+08
9.625812120000000000e+08
9.825858130000000000e+08
2.584814000000000000e+06
3.258262400000000000e+07
4.259222600000000000e+07
6.258796500000000000e+07
8.258065800000000000e+07
1.025846570000000000e+08
1.225852590000000000e+08
1.425810830000000000e+08
1.625905350000000000e+08
1.825837070000000000e+08
2.025826180000000000e+08
2.225808230000000000e+08
2.425901140000000000e+08
2.625793940000000000e+08
2.925860970000000000e+08
3.025840710000000000e+08
3.325837700000000000e+08
3.425859680000000000e+08
3.625864730000000000e+08
3.825772020000000000e+08
4.025889880000000000e+08
4.225905080000000000e+08
4.525836030000000000e+08
4.625823800000000000e+08
4.925860000000000000e+08
5.025893770000000000e+08
5.225804320000000000e+08
5.425833760000000000e+08
5.625799890000000000e+08
5.825840330000000000e+08
6.125807380000000000e+08
6.225838500000000000e+08
6.425831080000000000e+08
6.725805380000000000e+08
6.925865670000000000e+08
7.125809830000000000e+08
7.325844470000000000e+08
7.525809790000000000e+08
7.625838680000000000e+08
7.925858650000000000e+08
8.026206970000000000e+08
8.225810730000000000e+08
8.425850490000000000e+08
8.725836250000000000e+08
8.925822720000000000e+08
9.126090000000000000e+08
9.225847940000000000e+08
9.425804820000000000e+08
9.625812790000000000e+08
9.825818230000000000e+08
2.598509000000000000e+06
2.258019900000000000e+07
4.258526000000000000e+07
6.258765600000000000e+07
8.258203500000000000e+07
1.025794700000000000e+08
1.325847610000000000e+08
1.425844850000000000e+08
1.625824790000000000e+08
1.825897300000000000e+08
2.025804370000000000e+08
2.225823050000000000e+08
2.525906150000000000e+08
2.725863330000000000e+08
2.825812540000000000e+08
3.025832530000000000e+08
3.225806180000000000e+08
3.425926630000000000e+08
3.626000750000000000e+08
3.825797910000000000e+08
4.025910500000000000e+08
4.225840540000000000e+08
4.425837680000000000e+08
4.625848760000000000e+08
4.925810540000000000e+08
5.025764120000000000e+08
5.325898590000000000e+08
5.525849940000000000e+08
5.625853400000000000e+08
5.925840620000000000e+08
6.125863580000000000e+08
6.325818070000000000e+08
6.525793090000000000e+08
6.725854920000000000e+08
6.925889270000000000e+08
7.125840000000000000e+08
7.325884670000000000e+08
7.525822310000000000e+08
7.625846780000000000e+08
7.825852180000000000e+08
8.025852930000000000e+08
8.225852450000000000e+08
8.425879680000000000e+08
8.625902820000000000e+08
8.825845330000000000e+08
9.025789530000000000e+08
9.225858660000000000e+08
9.425808990000000000e+08
9.625812900000000000e+08
9.825895310000000000e+08
1.257947700000000000e+07
2.258464000000000000e+07
4.258685300000000000e+07
6.257961100000000000e+07
8.258762000000000000e+07
1.025858170000000000e+08
1.225820150000000000e+08
1.425787300000000000e+08
1.625832190000000000e+08
1.825795500000000000e+08
2.025845280000000000e+08
2.225830700000000000e+08
2.425835640000000000e+08
2.726118850000000000e+08
2.825826920000000000e+08
3.025809350000000000e+08
3.225789920000000000e+08
3.425837560000000000e+08
3.625906870000000000e+08
3.925942150000000000e+08
4.025808260000000000e+08
4.325857990000000000e+08
4.425835700000000000e+08
4.625817010000000000e+08
4.825879340000000000e+08
5.025915770000000000e+08
5.225819820000000000e+08
5.425879830000000000e+08
5.625869840000000000e+08
5.825850150000000000e+08
6.025869720000000000e+08
6.225813270000000000e+08
6.425844630000000000e+08
6.625844160000000000e+08
6.925806000000000000e+08
7.125846590000000000e+08
7.225879680000000000e+08
7.425875760000000000e+08
7.625836480000000000e+08
7.825814640000000000e+08
8.025921420000000000e+08
8.225867160000000000e+08
8.425880800000000000e+08
8.726170140000000000e+08
8.825840980000000000e+08
9.025825840000000000e+08
9.225966380000000000e+08
9.425825610000000000e+08
9.725811390000000000e+08
9.925845240000000000e+08
1.258258900000000000e+07
3.258309300000000000e+07
5.257870200000000000e+07
6.259801800000000000e+07
9.258131300000000000e+07
1.125803750000000000e+08
1.225806210000000000e+08
1.425859090000000000e+08
1.625838220000000000e+08
1.825801040000000000e+08
2.025888000000000000e+08
2.225875330000000000e+08
2.425887400000000000e+08
2.625809240000000000e+08
2.825848380000000000e+08
3.025795840000000000e+08
3.225836460000000000e+08
3.425830080000000000e+08
3.625815900000000000e+08
3.825826550000000000e+08
4.025860810000000000e+08
4.225794180000000000e+08
4.425849890000000000e+08
4.625834460000000000e+08
4.825848510000000000e+08
5.125812810000000000e+08
5.325828180000000000e+08
5.625821430000000000e+08
5.725851710000000000e+08
5.825810000000000000e+08
6.025846610000000000e+08
6.225806630000000000e+08
6.425834360000000000e+08
6.725844640000000000e+08
6.825841760000000000e+08
7.025861630000000000e+08
7.225872830000000000e+08
7.425829550000000000e+08
7.725811340000000000e+08
7.825791550000000000e+08
8.025838060000000000e+08
8.225799150000000000e+08
8.425820190000000000e+08
8.625789340000000000e+08
8.825817260000000000e+08
9.025874470000000000e+08
9.225918340000000000e+08
9.425808060000000000e+08
9.625811910000000000e+08
9.825867440000000000e+08
2.582258000000000000e+06
2.258287600000000000e+07
5.258797700000000000e+07
6.258102600000000000e+07
8.258187000000000000e+07
1.025862430000000000e+08
1.225882970000000000e+08
1.425859030000000000e+08
1.625846610000000000e+08
1.825791580000000000e+08
2.025860230000000000e+08
2.225898610000000000e+08
2.425817090000000000e+08
2.625818310000000000e+08
2.825827620000000000e+08
3.025821570000000000e+08
3.225812660000000000e+08
3.425998920000000000e+08
3.625827950000000000e+08
3.825856330000000000e+08
4.025784570000000000e+08
4.225856660000000000e+08
4.525848700000000000e+08
4.625800270000000000e+08
4.825847930000000000e+08
5.026081840000000000e+08
5.225842020000000000e+08
5.425865600000000000e+08
5.625850660000000000e+08
5.825808690000000000e+08
6.025873170000000000e+08
6.225860720000000000e+08
6.425835670000000000e+08
6.625838180000000000e+08
6.825854170000000000e+08
7.025976090000000000e+08
7.225881420000000000e+08
7.525858080000000000e+08
7.725846520000000000e+08
7.925836970000000000e+08
8.025877780000000000e+08
8.325811120000000000e+08
8.425864170000000000e+08
8.625920040000000000e+08
8.825787520000000000e+08
9.025793700000000000e+08
9.225910930000000000e+08
9.425895410000000000e+08
9.625852270000000000e+08
9.825907150000000000e+08
2.588659000000000000e+06
3.258371800000000000e+07
5.258163900000000000e+07
7.257625900000000000e+07
8.258143900000000000e+07
1.025856500000000000e+08
1.325868010000000000e+08
1.425809920000000000e+08
1.725819180000000000e+08
1.825798280000000000e+08
2.125837190000000000e+08
2.325821340000000000e+08
2.525819790000000000e+08
2.625825140000000000e+08
2.825847320000000000e+08
3.125857480000000000e+08
3.325893970000000000e+08
3.525820230000000000e+08
3.725821780000000000e+08
3.825807850000000000e+08
4.025892380000000000e+08
4.225831590000000000e+08
4.425839830000000000e+08
4.625904620000000000e+08
4.925854780000000000e+08
5.025872590000000000e+08
5.225878380000000000e+08
5.425849220000000000e+08
5.725826670000000000e+08
5.825832320000000000e+08
6.025840790000000000e+08
6.225864730000000000e+08
6.526006060000000000e+08
6.625780890000000000e+08
6.825808070000000000e+08
7.025895590000000000e+08
7.226240730000000000e+08
7.525822400000000000e+08
7.625885400000000000e+08
7.925860320000000000e+08
8.125820660000000000e+08
8.325803100000000000e+08
8.425858490000000000e+08
8.625765270000000000e+08
8.825819930000000000e+08
9.025829130000000000e+08
9.225833960000000000e+08
9.425805920000000000e+08
9.625883180000000000e+08
9.825828230000000000e+08
2.583561000000000000e+06
2.258575500000000000e+07
4.258013300000000000e+07
7.258088600000000000e+07
8.258650900000000000e+07
1.025821600000000000e+08
1.325826320000000000e+08
1.425896730000000000e+08
1.625879370000000000e+08
1.825839850000000000e+08
2.025935080000000000e+08
2.225841620000000000e+08
2.425819340000000000e+08
2.625849160000000000e+08
2.925857730000000000e+08
3.025827830000000000e+08
3.225841730000000000e+08
3.425829180000000000e+08
3.625822230000000000e+08
3.825797580000000000e+08
4.025866010000000000e+08
4.225856340000000000e+08
4.425880000000000000e+08
4.725883460000000000e+08
4.825384340000000000e+08
5.025836080000000000e+08
5.225895180000000000e+08
5.425797120000000000e+08
5.625818070000000000e+08
5.825791790000000000e+08
6.025839680000000000e+08
6.225822230000000000e+08
6.425804210000000000e+08
6.625861550000000000e+08
6.825876350000000000e+08
7.125825630000000000e+08
7.225896680000000000e+08
7.425860370000000000e+08
7.625893290000000000e+08
7.925796300000000000e+08
8.125775760000000000e+08
8.225900190000000000e+08
8.425874350000000000e+08
8.625829680000000000e+08
8.825887160000000000e+08
9.025847840000000000e+08
9.225830210000000000e+08
9.425796090000000000e+08
9.625831460000000000e+08
9.825813740000000000e+08
2.588522000000000000e+06
2.258147300000000000e+07
4.258006200000000000e+07
7.258936900000000000e+07
8.258424400000000000e+07
1.025817190000000000e+08
1.225980380000000000e+08
1.425786120000000000e+08
1.625848510000000000e+08
1.825873760000000000e+08
1.925908100000000000e+08
2.125865280000000000e+08
2.426097860000000000e+08
2.625783450000000000e+08
2.825813290000000000e+08
3.025881530000000000e+08
3.225819770000000000e+08
3.425791580000000000e+08
