1.603559753000000000e+09
1.603559753000000000e+09
1.603559753000000000e+09
1.603559754000000000e+09
1.603559754000000000e+09
1.603559754000000000e+09
1.603559754000000000e+09
1.603559754000000000e+09
1.603559754000000000e+09
1.603559754000000000e+09
1.603559754000000000e+09
1.603559754000000000e+09
1.603559754000000000e+09
1.603559754000000000e+09
1.603559754000000000e+09
1.603559754000000000e+09
1.603559754000000000e+09
1.603559754000000000e+09
1.603559754000000000e+09
1.603559754000000000e+09
1.603559754000000000e+09
1.603559754000000000e+09
1.603559754000000000e+09
1.603559754000000000e+09
1.603559754000000000e+09
1.603559754000000000e+09
1.603559754000000000e+09
1.603559754000000000e+09
1.603559754000000000e+09
1.603559754000000000e+09
1.603559754000000000e+09
1.603559754000000000e+09
1.603559754000000000e+09
1.603559754000000000e+09
1.603559754000000000e+09
1.603559754000000000e+09
1.603559754000000000e+09
1.603559754000000000e+09
1.603559754000000000e+09
1.603559754000000000e+09
1.603559754000000000e+09
1.603559754000000000e+09
1.603559754000000000e+09
1.603559754000000000e+09
1.603559754000000000e+09
1.603559754000000000e+09
1.603559754000000000e+09
1.603559754000000000e+09
1.603559754000000000e+09
1.603559754000000000e+09
1.603559754000000000e+09
1.603559754000000000e+09
1.603559754000000000e+09
1.603559755000000000e+09
1.603559755000000000e+09
1.603559755000000000e+09
1.603559755000000000e+09
1.603559755000000000e+09
1.603559755000000000e+09
1.603559755000000000e+09
1.603559755000000000e+09
1.603559755000000000e+09
1.603559755000000000e+09
1.603559755000000000e+09
1.603559755000000000e+09
1.603559755000000000e+09
1.603559755000000000e+09
1.603559755000000000e+09
1.603559755000000000e+09
1.603559755000000000e+09
1.603559755000000000e+09
1.603559755000000000e+09
1.603559755000000000e+09
1.603559755000000000e+09
1.603559755000000000e+09
1.603559755000000000e+09
1.603559755000000000e+09
1.603559755000000000e+09
1.603559755000000000e+09
1.603559755000000000e+09
1.603559755000000000e+09
1.603559755000000000e+09
1.603559755000000000e+09
1.603559755000000000e+09
1.603559755000000000e+09
1.603559755000000000e+09
1.603559755000000000e+09
1.603559755000000000e+09
1.603559755000000000e+09
1.603559755000000000e+09
1.603559755000000000e+09
1.603559755000000000e+09
1.603559755000000000e+09
1.603559755000000000e+09
1.603559755000000000e+09
1.603559755000000000e+09
1.603559755000000000e+09
1.603559755000000000e+09
1.603559755000000000e+09
1.603559755000000000e+09
1.603559755000000000e+09
1.603559755000000000e+09
1.603559755000000000e+09
1.603559756000000000e+09
1.603559756000000000e+09
1.603559756000000000e+09
1.603559756000000000e+09
1.603559756000000000e+09
1.603559756000000000e+09
1.603559756000000000e+09
1.603559756000000000e+09
1.603559756000000000e+09
1.603559756000000000e+09
1.603559756000000000e+09
1.603559756000000000e+09
1.603559756000000000e+09
1.603559756000000000e+09
1.603559756000000000e+09
1.603559756000000000e+09
1.603559756000000000e+09
1.603559756000000000e+09
1.603559756000000000e+09
1.603559756000000000e+09
1.603559756000000000e+09
1.603559756000000000e+09
1.603559756000000000e+09
1.603559756000000000e+09
1.603559756000000000e+09
1.603559756000000000e+09
1.603559756000000000e+09
1.603559756000000000e+09
1.603559756000000000e+09
1.603559756000000000e+09
1.603559756000000000e+09
1.603559756000000000e+09
1.603559756000000000e+09
1.603559756000000000e+09
1.603559756000000000e+09
1.603559756000000000e+09
1.603559756000000000e+09
1.603559756000000000e+09
1.603559756000000000e+09
1.603559756000000000e+09
1.603559756000000000e+09
1.603559756000000000e+09
1.603559756000000000e+09
1.603559756000000000e+09
1.603559756000000000e+09
1.603559756000000000e+09
1.603559756000000000e+09
1.603559756000000000e+09
1.603559756000000000e+09
1.603559756000000000e+09
1.603559757000000000e+09
1.603559757000000000e+09
1.603559757000000000e+09
1.603559757000000000e+09
1.603559757000000000e+09
1.603559757000000000e+09
1.603559757000000000e+09
1.603559757000000000e+09
1.603559757000000000e+09
1.603559757000000000e+09
1.603559757000000000e+09
1.603559757000000000e+09
1.603559757000000000e+09
1.603559757000000000e+09
1.603559757000000000e+09
1.603559757000000000e+09
1.603559757000000000e+09
1.603559757000000000e+09
1.603559757000000000e+09
1.603559757000000000e+09
1.603559757000000000e+09
1.603559757000000000e+09
1.603559757000000000e+09
1.603559757000000000e+09
1.603559757000000000e+09
1.603559757000000000e+09
1.603559757000000000e+09
1.603559757000000000e+09
1.603559757000000000e+09
1.603559757000000000e+09
1.603559757000000000e+09
1.603559757000000000e+09
1.603559757000000000e+09
1.603559757000000000e+09
1.603559757000000000e+09
1.603559757000000000e+09
1.603559757000000000e+09
1.603559757000000000e+09
1.603559757000000000e+09
1.603559757000000000e+09
1.603559757000000000e+09
1.603559757000000000e+09
1.603559757000000000e+09
1.603559757000000000e+09
1.603559757000000000e+09
1.603559757000000000e+09
1.603559757000000000e+09
1.603559757000000000e+09
1.603559757000000000e+09
1.603559757000000000e+09
1.603559758000000000e+09
1.603559758000000000e+09
1.603559758000000000e+09
1.603559758000000000e+09
1.603559758000000000e+09
1.603559758000000000e+09
1.603559758000000000e+09
1.603559758000000000e+09
1.603559758000000000e+09
1.603559758000000000e+09
1.603559758000000000e+09
1.603559758000000000e+09
1.603559758000000000e+09
1.603559758000000000e+09
1.603559758000000000e+09
1.603559758000000000e+09
1.603559758000000000e+09
1.603559758000000000e+09
1.603559758000000000e+09
1.603559758000000000e+09
1.603559758000000000e+09
1.603559758000000000e+09
1.603559758000000000e+09
1.603559758000000000e+09
1.603559758000000000e+09
1.603559758000000000e+09
1.603559758000000000e+09
1.603559758000000000e+09
1.603559758000000000e+09
1.603559758000000000e+09
1.603559758000000000e+09
1.603559758000000000e+09
1.603559758000000000e+09
1.603559758000000000e+09
1.603559758000000000e+09
1.603559758000000000e+09
1.603559758000000000e+09
1.603559758000000000e+09
1.603559758000000000e+09
1.603559758000000000e+09
1.603559758000000000e+09
1.603559758000000000e+09
1.603559758000000000e+09
1.603559758000000000e+09
1.603559758000000000e+09
1.603559758000000000e+09
1.603559758000000000e+09
1.603559758000000000e+09
1.603559758000000000e+09
1.603559758000000000e+09
1.603559759000000000e+09
1.603559759000000000e+09
1.603559759000000000e+09
1.603559759000000000e+09
1.603559759000000000e+09
1.603559759000000000e+09
1.603559759000000000e+09
1.603559759000000000e+09
1.603559759000000000e+09
1.603559759000000000e+09
1.603559759000000000e+09
1.603559759000000000e+09
1.603559759000000000e+09
1.603559759000000000e+09
1.603559759000000000e+09
1.603559759000000000e+09
1.603559759000000000e+09
1.603559759000000000e+09
1.603559759000000000e+09
1.603559759000000000e+09
1.603559759000000000e+09
1.603559759000000000e+09
1.603559759000000000e+09
1.603559759000000000e+09
1.603559759000000000e+09
1.603559759000000000e+09
1.603559759000000000e+09
1.603559759000000000e+09
1.603559759000000000e+09
1.603559759000000000e+09
1.603559759000000000e+09
1.603559759000000000e+09
1.603559759000000000e+09
1.603559759000000000e+09
1.603559759000000000e+09
1.603559759000000000e+09
1.603559759000000000e+09
1.603559759000000000e+09
1.603559759000000000e+09
1.603559759000000000e+09
1.603559759000000000e+09
1.603559759000000000e+09
1.603559759000000000e+09
1.603559759000000000e+09
1.603559759000000000e+09
1.603559759000000000e+09
1.603559759000000000e+09
1.603559759000000000e+09
1.603559759000000000e+09
1.603559759000000000e+09
1.603559760000000000e+09
1.603559760000000000e+09
1.603559760000000000e+09
1.603559760000000000e+09
1.603559760000000000e+09
1.603559760000000000e+09
1.603559760000000000e+09
1.603559760000000000e+09
1.603559760000000000e+09
1.603559760000000000e+09
1.603559760000000000e+09
1.603559760000000000e+09
1.603559760000000000e+09
1.603559760000000000e+09
1.603559760000000000e+09
1.603559760000000000e+09
1.603559760000000000e+09
1.603559760000000000e+09
1.603559760000000000e+09
1.603559760000000000e+09
1.603559760000000000e+09
1.603559760000000000e+09
1.603559760000000000e+09
1.603559760000000000e+09
1.603559760000000000e+09
1.603559760000000000e+09
1.603559760000000000e+09
1.603559760000000000e+09
1.603559760000000000e+09
1.603559760000000000e+09
1.603559760000000000e+09
1.603559760000000000e+09
1.603559760000000000e+09
1.603559760000000000e+09
1.603559760000000000e+09
1.603559760000000000e+09
1.603559760000000000e+09
1.603559760000000000e+09
1.603559760000000000e+09
1.603559760000000000e+09
1.603559760000000000e+09
1.603559760000000000e+09
1.603559760000000000e+09
1.603559760000000000e+09
1.603559760000000000e+09
1.603559760000000000e+09
1.603559760000000000e+09
1.603559760000000000e+09
1.603559760000000000e+09
1.603559760000000000e+09
1.603559761000000000e+09
1.603559761000000000e+09
1.603559761000000000e+09
1.603559761000000000e+09
1.603559761000000000e+09
1.603559761000000000e+09
1.603559761000000000e+09
1.603559761000000000e+09
1.603559761000000000e+09
1.603559761000000000e+09
1.603559761000000000e+09
1.603559761000000000e+09
1.603559761000000000e+09
1.603559761000000000e+09
1.603559761000000000e+09
1.603559761000000000e+09
1.603559761000000000e+09
1.603559761000000000e+09
1.603559761000000000e+09
1.603559761000000000e+09
1.603559761000000000e+09
1.603559761000000000e+09
1.603559761000000000e+09
1.603559761000000000e+09
1.603559761000000000e+09
1.603559761000000000e+09
1.603559761000000000e+09
1.603559761000000000e+09
1.603559761000000000e+09
1.603559761000000000e+09
1.603559761000000000e+09
1.603559761000000000e+09
1.603559761000000000e+09
1.603559761000000000e+09
1.603559761000000000e+09
1.603559761000000000e+09
1.603559761000000000e+09
1.603559761000000000e+09
1.603559761000000000e+09
1.603559761000000000e+09
1.603559761000000000e+09
1.603559761000000000e+09
1.603559761000000000e+09
1.603559761000000000e+09
1.603559761000000000e+09
1.603559761000000000e+09
1.603559761000000000e+09
1.603559761000000000e+09
1.603559761000000000e+09
1.603559761000000000e+09
1.603559762000000000e+09
1.603559762000000000e+09
1.603559762000000000e+09
1.603559762000000000e+09
1.603559762000000000e+09
1.603559762000000000e+09
1.603559762000000000e+09
1.603559762000000000e+09
1.603559762000000000e+09
1.603559762000000000e+09
1.603559762000000000e+09
1.603559762000000000e+09
1.603559762000000000e+09
1.603559762000000000e+09
1.603559762000000000e+09
1.603559762000000000e+09
1.603559762000000000e+09
1.603559762000000000e+09
1.603559762000000000e+09
1.603559762000000000e+09
1.603559762000000000e+09
1.603559762000000000e+09
1.603559762000000000e+09
1.603559762000000000e+09
1.603559762000000000e+09
1.603559762000000000e+09
1.603559762000000000e+09
1.603559762000000000e+09
1.603559762000000000e+09
1.603559762000000000e+09
1.603559762000000000e+09
1.603559762000000000e+09
1.603559762000000000e+09
1.603559762000000000e+09
1.603559762000000000e+09
1.603559762000000000e+09
1.603559762000000000e+09
1.603559762000000000e+09
1.603559762000000000e+09
1.603559762000000000e+09
1.603559762000000000e+09
1.603559762000000000e+09
1.603559762000000000e+09
1.603559762000000000e+09
1.603559762000000000e+09
1.603559762000000000e+09
1.603559762000000000e+09
1.603559762000000000e+09
1.603559762000000000e+09
1.603559762000000000e+09
1.603559763000000000e+09
1.603559763000000000e+09
1.603559763000000000e+09
1.603559763000000000e+09
1.603559763000000000e+09
1.603559763000000000e+09
1.603559763000000000e+09
1.603559763000000000e+09
1.603559763000000000e+09
1.603559763000000000e+09
1.603559763000000000e+09
1.603559763000000000e+09
1.603559763000000000e+09
1.603559763000000000e+09
1.603559763000000000e+09
1.603559763000000000e+09
1.603559763000000000e+09
1.603559763000000000e+09
1.603559763000000000e+09
1.603559763000000000e+09
1.603559763000000000e+09
1.603559763000000000e+09
1.603559763000000000e+09
1.603559763000000000e+09
1.603559763000000000e+09
1.603559763000000000e+09
1.603559763000000000e+09
1.603559763000000000e+09
1.603559763000000000e+09
1.603559763000000000e+09
1.603559763000000000e+09
1.603559763000000000e+09
1.603559763000000000e+09
1.603559763000000000e+09
1.603559763000000000e+09
1.603559763000000000e+09
1.603559763000000000e+09
1.603559763000000000e+09
1.603559763000000000e+09
1.603559763000000000e+09
1.603559763000000000e+09
1.603559763000000000e+09
1.603559763000000000e+09
1.603559763000000000e+09
1.603559763000000000e+09
1.603559763000000000e+09
1.603559763000000000e+09
1.603559763000000000e+09
1.603559763000000000e+09
1.603559763000000000e+09
1.603559764000000000e+09
1.603559764000000000e+09
1.603559764000000000e+09
1.603559764000000000e+09
1.603559764000000000e+09
1.603559764000000000e+09
1.603559764000000000e+09
1.603559764000000000e+09
1.603559764000000000e+09
1.603559764000000000e+09
1.603559764000000000e+09
1.603559764000000000e+09
1.603559764000000000e+09
1.603559764000000000e+09
1.603559764000000000e+09
1.603559764000000000e+09
1.603559764000000000e+09
1.603559764000000000e+09
1.603559764000000000e+09
1.603559764000000000e+09
1.603559764000000000e+09
1.603559764000000000e+09
1.603559764000000000e+09
1.603559764000000000e+09
1.603559764000000000e+09
1.603559764000000000e+09
1.603559764000000000e+09
1.603559764000000000e+09
1.603559764000000000e+09
1.603559764000000000e+09
1.603559764000000000e+09
1.603559764000000000e+09
1.603559764000000000e+09
1.603559764000000000e+09
1.603559764000000000e+09
1.603559764000000000e+09
1.603559764000000000e+09
1.603559764000000000e+09
1.603559764000000000e+09
1.603559764000000000e+09
1.603559764000000000e+09
1.603559764000000000e+09
1.603559764000000000e+09
1.603559764000000000e+09
1.603559764000000000e+09
1.603559764000000000e+09
1.603559764000000000e+09
1.603559764000000000e+09
1.603559764000000000e+09
1.603559764000000000e+09
1.603559765000000000e+09
1.603559765000000000e+09
1.603559765000000000e+09
1.603559765000000000e+09
1.603559765000000000e+09
1.603559765000000000e+09
1.603559765000000000e+09
1.603559765000000000e+09
1.603559765000000000e+09
1.603559765000000000e+09
1.603559765000000000e+09
1.603559765000000000e+09
1.603559765000000000e+09
1.603559765000000000e+09
1.603559765000000000e+09
1.603559765000000000e+09
1.603559765000000000e+09
1.603559765000000000e+09
1.603559765000000000e+09
1.603559765000000000e+09
1.603559765000000000e+09
1.603559765000000000e+09
1.603559765000000000e+09
1.603559765000000000e+09
1.603559765000000000e+09
1.603559765000000000e+09
1.603559765000000000e+09
1.603559765000000000e+09
1.603559765000000000e+09
1.603559765000000000e+09
1.603559765000000000e+09
1.603559765000000000e+09
1.603559765000000000e+09
1.603559765000000000e+09
1.603559765000000000e+09
1.603559765000000000e+09
1.603559765000000000e+09
1.603559765000000000e+09
1.603559765000000000e+09
1.603559765000000000e+09
1.603559765000000000e+09
1.603559765000000000e+09
1.603559765000000000e+09
1.603559765000000000e+09
1.603559765000000000e+09
1.603559765000000000e+09
1.603559765000000000e+09
1.603559765000000000e+09
1.603559765000000000e+09
1.603559765000000000e+09
1.603559766000000000e+09
1.603559766000000000e+09
1.603559766000000000e+09
1.603559766000000000e+09
1.603559766000000000e+09
1.603559766000000000e+09
1.603559766000000000e+09
1.603559766000000000e+09
1.603559766000000000e+09
1.603559766000000000e+09
1.603559766000000000e+09
1.603559766000000000e+09
1.603559766000000000e+09
1.603559766000000000e+09
1.603559766000000000e+09
1.603559766000000000e+09
1.603559766000000000e+09
1.603559766000000000e+09
1.603559766000000000e+09
1.603559766000000000e+09
1.603559766000000000e+09
1.603559766000000000e+09
1.603559766000000000e+09
1.603559766000000000e+09
1.603559766000000000e+09
1.603559766000000000e+09
1.603559766000000000e+09
1.603559766000000000e+09
1.603559766000000000e+09
1.603559766000000000e+09
1.603559766000000000e+09
1.603559766000000000e+09
1.603559766000000000e+09
1.603559766000000000e+09
1.603559766000000000e+09
1.603559766000000000e+09
1.603559766000000000e+09
1.603559766000000000e+09
1.603559766000000000e+09
1.603559766000000000e+09
1.603559766000000000e+09
1.603559766000000000e+09
1.603559766000000000e+09
1.603559766000000000e+09
1.603559766000000000e+09
1.603559766000000000e+09
1.603559766000000000e+09
1.603559766000000000e+09
1.603559766000000000e+09
1.603559766000000000e+09
1.603559767000000000e+09
1.603559767000000000e+09
1.603559767000000000e+09
1.603559767000000000e+09
1.603559767000000000e+09
1.603559767000000000e+09
1.603559767000000000e+09
1.603559767000000000e+09
1.603559767000000000e+09
1.603559767000000000e+09
1.603559767000000000e+09
1.603559767000000000e+09
1.603559767000000000e+09
1.603559767000000000e+09
1.603559767000000000e+09
1.603559767000000000e+09
1.603559767000000000e+09
1.603559767000000000e+09
1.603559767000000000e+09
1.603559767000000000e+09
1.603559767000000000e+09
1.603559767000000000e+09
1.603559767000000000e+09
1.603559767000000000e+09
1.603559767000000000e+09
1.603559767000000000e+09
1.603559767000000000e+09
1.603559767000000000e+09
1.603559767000000000e+09
1.603559767000000000e+09
1.603559767000000000e+09
1.603559767000000000e+09
1.603559767000000000e+09
1.603559767000000000e+09
1.603559767000000000e+09
1.603559767000000000e+09
1.603559767000000000e+09
1.603559767000000000e+09
1.603559767000000000e+09
1.603559767000000000e+09
1.603559767000000000e+09
1.603559767000000000e+09
1.603559767000000000e+09
1.603559767000000000e+09
1.603559767000000000e+09
1.603559767000000000e+09
1.603559767000000000e+09
1.603559767000000000e+09
1.603559767000000000e+09
1.603559767000000000e+09
1.603559768000000000e+09
1.603559768000000000e+09
1.603559768000000000e+09
1.603559768000000000e+09
1.603559768000000000e+09
1.603559768000000000e+09
1.603559768000000000e+09
1.603559768000000000e+09
1.603559768000000000e+09
1.603559768000000000e+09
1.603559768000000000e+09
1.603559768000000000e+09
1.603559768000000000e+09
1.603559768000000000e+09
1.603559768000000000e+09
1.603559768000000000e+09
1.603559768000000000e+09
1.603559768000000000e+09
1.603559768000000000e+09
1.603559768000000000e+09
1.603559768000000000e+09
1.603559768000000000e+09
1.603559768000000000e+09
1.603559768000000000e+09
1.603559768000000000e+09
1.603559768000000000e+09
1.603559768000000000e+09
1.603559768000000000e+09
1.603559768000000000e+09
1.603559768000000000e+09
1.603559768000000000e+09
1.603559768000000000e+09
1.603559768000000000e+09
1.603559768000000000e+09
1.603559768000000000e+09
1.603559768000000000e+09
1.603559768000000000e+09
1.603559768000000000e+09
1.603559768000000000e+09
1.603559768000000000e+09
1.603559768000000000e+09
1.603559768000000000e+09
1.603559768000000000e+09
1.603559768000000000e+09
1.603559768000000000e+09
1.603559768000000000e+09
1.603559768000000000e+09
1.603559768000000000e+09
1.603559768000000000e+09
1.603559768000000000e+09
1.603559769000000000e+09
1.603559769000000000e+09
1.603559769000000000e+09
1.603559769000000000e+09
1.603559769000000000e+09
1.603559769000000000e+09
1.603559769000000000e+09
1.603559769000000000e+09
1.603559769000000000e+09
1.603559769000000000e+09
1.603559769000000000e+09
1.603559769000000000e+09
1.603559769000000000e+09
1.603559769000000000e+09
1.603559769000000000e+09
1.603559769000000000e+09
1.603559769000000000e+09
1.603559769000000000e+09
1.603559769000000000e+09
1.603559769000000000e+09
1.603559769000000000e+09
1.603559769000000000e+09
1.603559769000000000e+09
1.603559769000000000e+09
1.603559769000000000e+09
1.603559769000000000e+09
1.603559769000000000e+09
1.603559769000000000e+09
1.603559769000000000e+09
1.603559769000000000e+09
1.603559769000000000e+09
1.603559769000000000e+09
1.603559769000000000e+09
1.603559769000000000e+09
1.603559769000000000e+09
1.603559769000000000e+09
1.603559769000000000e+09
1.603559769000000000e+09
1.603559769000000000e+09
1.603559769000000000e+09
1.603559769000000000e+09
1.603559769000000000e+09
1.603559769000000000e+09
1.603559769000000000e+09
1.603559769000000000e+09
1.603559769000000000e+09
1.603559769000000000e+09
1.603559769000000000e+09
1.603559769000000000e+09
1.603559769000000000e+09
1.603559770000000000e+09
1.603559770000000000e+09
1.603559770000000000e+09
1.603559770000000000e+09
1.603559770000000000e+09
1.603559770000000000e+09
1.603559770000000000e+09
1.603559770000000000e+09
1.603559770000000000e+09
1.603559770000000000e+09
1.603559770000000000e+09
1.603559770000000000e+09
1.603559770000000000e+09
1.603559770000000000e+09
1.603559770000000000e+09
1.603559770000000000e+09
1.603559770000000000e+09
1.603559770000000000e+09
1.603559770000000000e+09
1.603559770000000000e+09
1.603559770000000000e+09
1.603559770000000000e+09
1.603559770000000000e+09
1.603559770000000000e+09
1.603559770000000000e+09
1.603559770000000000e+09
1.603559770000000000e+09
1.603559770000000000e+09
1.603559770000000000e+09
1.603559770000000000e+09
1.603559770000000000e+09
1.603559770000000000e+09
1.603559770000000000e+09
1.603559770000000000e+09
1.603559770000000000e+09
1.603559770000000000e+09
1.603559770000000000e+09
1.603559770000000000e+09
1.603559770000000000e+09
1.603559770000000000e+09
1.603559770000000000e+09
1.603559770000000000e+09
1.603559770000000000e+09
1.603559770000000000e+09
1.603559770000000000e+09
1.603559770000000000e+09
1.603559770000000000e+09
1.603559770000000000e+09
1.603559770000000000e+09
1.603559770000000000e+09
1.603559771000000000e+09
1.603559771000000000e+09
1.603559771000000000e+09
1.603559771000000000e+09
1.603559771000000000e+09
1.603559771000000000e+09
1.603559771000000000e+09
1.603559771000000000e+09
1.603559771000000000e+09
1.603559771000000000e+09
1.603559771000000000e+09
1.603559771000000000e+09
1.603559771000000000e+09
1.603559771000000000e+09
1.603559771000000000e+09
1.603559771000000000e+09
1.603559771000000000e+09
1.603559771000000000e+09
1.603559771000000000e+09
1.603559771000000000e+09
1.603559771000000000e+09
1.603559771000000000e+09
1.603559771000000000e+09
1.603559771000000000e+09
1.603559771000000000e+09
1.603559771000000000e+09
1.603559771000000000e+09
1.603559771000000000e+09
1.603559771000000000e+09
1.603559771000000000e+09
1.603559771000000000e+09
1.603559771000000000e+09
1.603559771000000000e+09
1.603559771000000000e+09
1.603559771000000000e+09
1.603559771000000000e+09
1.603559771000000000e+09
1.603559771000000000e+09
1.603559771000000000e+09
1.603559771000000000e+09
1.603559771000000000e+09
1.603559771000000000e+09
1.603559771000000000e+09
1.603559771000000000e+09
1.603559771000000000e+09
1.603559771000000000e+09
1.603559771000000000e+09
1.603559771000000000e+09
1.603559771000000000e+09
1.603559771000000000e+09
1.603559772000000000e+09
1.603559772000000000e+09
1.603559772000000000e+09
1.603559772000000000e+09
1.603559772000000000e+09
1.603559772000000000e+09
1.603559772000000000e+09
1.603559772000000000e+09
1.603559772000000000e+09
1.603559772000000000e+09
1.603559772000000000e+09
1.603559772000000000e+09
1.603559772000000000e+09
1.603559772000000000e+09
1.603559772000000000e+09
1.603559772000000000e+09
1.603559772000000000e+09
1.603559772000000000e+09
1.603559772000000000e+09
1.603559772000000000e+09
1.603559772000000000e+09
1.603559772000000000e+09
1.603559772000000000e+09
1.603559772000000000e+09
1.603559772000000000e+09
1.603559772000000000e+09
1.603559772000000000e+09
1.603559772000000000e+09
1.603559772000000000e+09
1.603559772000000000e+09
1.603559772000000000e+09
1.603559772000000000e+09
1.603559772000000000e+09
1.603559772000000000e+09
1.603559772000000000e+09
1.603559772000000000e+09
1.603559772000000000e+09
1.603559772000000000e+09
1.603559772000000000e+09
1.603559772000000000e+09
1.603559772000000000e+09
1.603559772000000000e+09
1.603559772000000000e+09
1.603559772000000000e+09
1.603559772000000000e+09
1.603559772000000000e+09
1.603559772000000000e+09
1.603559772000000000e+09
1.603559772000000000e+09
1.603559772000000000e+09
1.603559773000000000e+09
1.603559773000000000e+09
1.603559773000000000e+09
1.603559773000000000e+09
1.603559773000000000e+09
1.603559773000000000e+09
1.603559773000000000e+09
1.603559773000000000e+09
1.603559773000000000e+09
1.603559773000000000e+09
1.603559773000000000e+09
1.603559773000000000e+09
1.603559773000000000e+09
1.603559773000000000e+09
1.603559773000000000e+09
1.603559773000000000e+09
1.603559773000000000e+09
1.603559773000000000e+09
1.603559773000000000e+09
1.603559773000000000e+09
1.603559773000000000e+09
1.603559773000000000e+09
1.603559773000000000e+09
1.603559773000000000e+09
1.603559773000000000e+09
1.603559773000000000e+09
1.603559773000000000e+09
1.603559773000000000e+09
1.603559773000000000e+09
1.603559773000000000e+09
1.603559773000000000e+09
1.603559773000000000e+09
1.603559773000000000e+09
1.603559773000000000e+09
1.603559773000000000e+09
1.603559773000000000e+09
1.603559773000000000e+09
1.603559773000000000e+09
1.603559773000000000e+09
1.603559773000000000e+09
1.603559773000000000e+09
1.603559773000000000e+09
1.603559773000000000e+09
1.603559773000000000e+09
1.603559773000000000e+09
1.603559773000000000e+09
1.603559773000000000e+09
1.603559773000000000e+09
1.603559773000000000e+09
1.603559773000000000e+09
1.603559774000000000e+09
1.603559774000000000e+09
1.603559774000000000e+09
1.603559774000000000e+09
1.603559774000000000e+09
1.603559774000000000e+09
1.603559774000000000e+09
1.603559774000000000e+09
1.603559774000000000e+09
1.603559774000000000e+09
1.603559774000000000e+09
1.603559774000000000e+09
1.603559774000000000e+09
1.603559774000000000e+09
1.603559774000000000e+09
1.603559774000000000e+09
1.603559774000000000e+09
1.603559774000000000e+09
1.603559774000000000e+09
1.603559774000000000e+09
1.603559774000000000e+09
1.603559774000000000e+09
1.603559774000000000e+09
1.603559774000000000e+09
1.603559774000000000e+09
1.603559774000000000e+09
1.603559774000000000e+09
1.603559774000000000e+09
1.603559774000000000e+09
1.603559774000000000e+09
1.603559774000000000e+09
1.603559774000000000e+09
1.603559774000000000e+09
1.603559774000000000e+09
1.603559774000000000e+09
1.603559774000000000e+09
1.603559774000000000e+09
1.603559774000000000e+09
1.603559774000000000e+09
1.603559774000000000e+09
1.603559774000000000e+09
1.603559774000000000e+09
1.603559774000000000e+09
1.603559774000000000e+09
1.603559774000000000e+09
1.603559774000000000e+09
1.603559774000000000e+09
1.603559774000000000e+09
1.603559774000000000e+09
1.603559774000000000e+09
1.603559775000000000e+09
1.603559775000000000e+09
1.603559775000000000e+09
1.603559775000000000e+09
1.603559775000000000e+09
1.603559775000000000e+09
1.603559775000000000e+09
1.603559775000000000e+09
1.603559775000000000e+09
1.603559775000000000e+09
1.603559775000000000e+09
1.603559775000000000e+09
1.603559775000000000e+09
1.603559775000000000e+09
1.603559775000000000e+09
1.603559775000000000e+09
1.603559775000000000e+09
1.603559775000000000e+09
1.603559775000000000e+09
1.603559775000000000e+09
1.603559775000000000e+09
1.603559775000000000e+09
1.603559775000000000e+09
1.603559775000000000e+09
1.603559775000000000e+09
1.603559775000000000e+09
1.603559775000000000e+09
1.603559775000000000e+09
1.603559775000000000e+09
1.603559775000000000e+09
1.603559775000000000e+09
1.603559775000000000e+09
1.603559775000000000e+09
1.603559775000000000e+09
1.603559775000000000e+09
1.603559775000000000e+09
1.603559775000000000e+09
1.603559775000000000e+09
1.603559775000000000e+09
1.603559775000000000e+09
1.603559775000000000e+09
1.603559775000000000e+09
1.603559775000000000e+09
1.603559775000000000e+09
1.603559775000000000e+09
1.603559775000000000e+09
1.603559775000000000e+09
1.603559775000000000e+09
1.603559775000000000e+09
1.603559775000000000e+09
1.603559776000000000e+09
1.603559776000000000e+09
1.603559776000000000e+09
1.603559776000000000e+09
1.603559776000000000e+09
1.603559776000000000e+09
1.603559776000000000e+09
1.603559776000000000e+09
1.603559776000000000e+09
1.603559776000000000e+09
1.603559776000000000e+09
1.603559776000000000e+09
1.603559776000000000e+09
1.603559776000000000e+09
1.603559776000000000e+09
1.603559776000000000e+09
1.603559776000000000e+09
1.603559776000000000e+09
1.603559776000000000e+09
1.603559776000000000e+09
1.603559776000000000e+09
1.603559776000000000e+09
1.603559776000000000e+09
1.603559776000000000e+09
1.603559776000000000e+09
1.603559776000000000e+09
1.603559776000000000e+09
1.603559776000000000e+09
1.603559776000000000e+09
1.603559776000000000e+09
1.603559776000000000e+09
1.603559776000000000e+09
1.603559776000000000e+09
1.603559776000000000e+09
1.603559776000000000e+09
1.603559776000000000e+09
1.603559776000000000e+09
1.603559776000000000e+09
1.603559776000000000e+09
1.603559776000000000e+09
1.603559776000000000e+09
1.603559776000000000e+09
1.603559776000000000e+09
1.603559776000000000e+09
1.603559776000000000e+09
1.603559776000000000e+09
1.603559776000000000e+09
1.603559776000000000e+09
1.603559776000000000e+09
1.603559776000000000e+09
1.603559777000000000e+09
1.603559777000000000e+09
1.603559777000000000e+09
1.603559777000000000e+09
1.603559777000000000e+09
1.603559777000000000e+09
1.603559777000000000e+09
1.603559777000000000e+09
1.603559777000000000e+09
1.603559777000000000e+09
1.603559777000000000e+09
1.603559777000000000e+09
1.603559777000000000e+09
1.603559777000000000e+09
1.603559777000000000e+09
1.603559777000000000e+09
1.603559777000000000e+09
1.603559777000000000e+09
