-3.567635617457610639e-03 1.115034229805478144e-01 8.929182803690471903e-02 2.845886146502799363e+00 4.713026941028059524e-01 -4.099107483435558003e-02
5.328084100610898377e-02 1.146358249995164391e-01 5.793742113977125296e-02 2.847536587364172700e+00 4.465699592483489688e-01 -3.007899548237701060e-02
1.102024589688058165e-01 1.165265257585473835e-01 3.536508802270877522e-02 2.847554435988433053e+00 4.209773555534124800e-01 -2.105728434687131195e-02
1.671297667293548672e-01 1.175766938898509806e-01 2.000523539766325271e-02 2.845893692443808742e+00 3.934750103647285946e-01 -1.375122190698267917e-02
2.240143369596873657e-01 1.181194409548299296e-01 1.062767435595682146e-02 2.842560387987283832e+00 3.668001336164086190e-01 -7.517823465612320268e-03
2.808178125719671958e-01 1.184377608732622850e-01 6.277379055438686226e-03 2.837608472869987075e+00 3.398495754489840870e-01 -2.362413781815017513e-03
3.375083193171969920e-01 1.187334845672410738e-01 5.485124432033275550e-03 2.831353347709872459e+00 3.220422215637758212e-01 5.602311145990223392e-04
3.940626897858659494e-01 1.191023574504933707e-01 6.542298718602056543e-03 2.824007962549146988e+00 3.010841363207065746e-01 1.852229756485977100e-03
4.504581419834285949e-01 1.195444585299629547e-01 7.676651914307759325e-03 2.815524588379077375e+00 2.812033856103653973e-01 7.432226010930750339e-04
5.066731158853896577e-01 1.199339638931415652e-01 6.733543508955906753e-03 2.805946517262017270e+00 2.610716509825394271e-01 -2.913721974508772915e-03
5.626868920529006779e-01 1.199943615910089856e-01 9.739144854847091694e-04 2.795150269866082393e+00 2.369207855146360786e-01 -1.034326785844741185e-02
6.184627427915284636e-01 1.192528553487822440e-01 -1.302817822728114666e-02 2.783130443402282772e+00 2.161440981268015205e-01 -2.210963931441030025e-02
6.739589947889245147e-01 1.170434146502068867e-01 -3.889329750447770989e-02 2.770061711124429671e+00 1.969831503763205538e-01 -3.781722596262612757e-02
7.290101903833277053e-01 1.125850101857121810e-01 -7.850843341310451140e-02 2.755887011105633722e+00 1.741934539451357178e-01 -5.520524586856312421e-02
7.834947563256313696e-01 1.050324410296572947e-01 -1.349526837407759861e-01 2.740549794682936025e+00 1.530188224879121539e-01 -7.620288016553937449e-02
8.368325344957785461e-01 9.338239950249817289e-02 -2.089712239116519876e-01 2.724175018266921544e+00 1.337592932439400639e-01 -9.965537813672437073e-02
8.883324191156821703e-01 7.693991856762695536e-02 -3.005376523905233244e-01 2.706835385966855245e+00 1.145971012967350183e-01 -1.239421026627390982e-01
9.384372318504232702e-01 5.432497840568677183e-02 -4.314320433313528769e-01 2.688456244987914801e+00 9.299147623935008489e-02 -1.474889926796681405e-01
9.816554131034367359e-01 2.618153310337451370e-02 -4.976053951589906044e-01 2.668969925107259389e+00 7.172946556558956743e-02 -1.700150972091770407e-01
1.024283585467418156e+00 -3.065674549560019457e-03 -4.811348045848959365e-01 2.648403067691007973e+00 5.089538028445479700e-02 -1.909925947923646061e-01
1.072112108852429468e+00 -3.147011317082211435e-02 -4.538169868671325657e-01 2.626780526550893669e+00 3.043838044569500273e-02 -2.094647066880581388e-01
1.126864432096080115e+00 -5.847324990372782666e-02 -4.106293106970426154e-01 2.604109443334161167e+00 1.000152325487150065e-02 -2.241985009008103102e-01
1.190778571315380674e+00 -8.297996999984676159e-02 -3.390859218998671376e-01 2.580292397478990196e+00 -1.295209582183554954e-02 -2.340258618429545134e-01
1.266325076280388151e+00 -1.031687922898146953e-01 -2.248581843290509141e-01 2.555783493608263957e+00 -1.994008057329644742e-02 -2.381811538693572317e-01
1.354316817301151277e+00 -1.164364664231395258e-01 -5.883608012036263546e-02 2.531255986530455360e+00 -2.305784286536307834e-02 -2.334602211950253803e-01
1.450141631465982739e+00 -1.200421016705685434e-01 1.469507742850614529e-01 2.506940961201678419e+00 -2.293169854839665137e-02 -2.211482401299209311e-01
1.542923210458209127e+00 -1.126396691261568467e-01 3.572822224832120641e-01 2.483072546465348918e+00 -1.890046896854121264e-02 -1.946021942433163454e-01
1.622363328211138933e+00 -9.504808742137993427e-02 5.411395651435805254e-01 2.459945490801697332e+00 -1.008878309464711180e-02 -1.548878054254306524e-01
1.684905593861309780e+00 -6.946384613039209566e-02 6.886870381905617622e-01 2.437855843372955800e+00 2.179201011412948245e-03 -1.149094920705035633e-01
1.732263188102894924e+00 -3.812581035666211260e-02 8.044292485513628854e-01 2.416926350153911773e+00 1.420607944639909123e-02 -7.493348038842466419e-02
1.767860838430438841e+00 -2.461086986033301800e-03 9.114819654891853640e-01 2.397123376088066138e+00 2.545416423779273130e-02 -3.495515264188451404e-02
1.800999752018190403e+00 3.401135336010662619e-02 8.040061337213411097e-01 2.378483136429005551e+00 3.839456773595521094e-02 5.033142829341274473e-03
1.844931832117070014e+00 6.590530459712347355e-02 6.471570286817867057e-01 2.361080994423416790e+00 5.166861284147248462e-02 4.502226149058975030e-02
1.902402187455002558e+00 9.208413382967831073e-02 4.644180501153241658e-01 2.344999716181310312e+00 6.687724555992355380e-02 8.501981005836571625e-02
1.974855292882188751e+00 1.108073380917181522e-01 2.506968246164499869e-01 2.330296800199042728e+00 8.182535915578090235e-02 1.250066876963036033e-01
2.059851158683037475e+00 1.203078388134792287e-01 1.514496702952399139e-02 2.317225674626918863e+00 1.039488494051652306e-01 1.649914014125223316e-01
2.149236561235228216e+00 1.199670095421447591e-01 -2.098571249486160528e-01 2.306166530788332114e+00 1.293344684030356684e-01 2.049676288755006015e-01
2.233600242672930225e+00 1.111812340102196900e-01 -3.880668252434447130e-01 2.297374369513499381e+00 1.588200381841440301e-01 2.414410247659064257e-01
2.308046581943534292e+00 9.630467392689388839e-02 -5.107678423132174794e-01 2.291116520543412083e+00 1.922740604753394866e-01 2.509629412372689772e-01
2.371873027953068647e+00 7.710248979592175533e-02 -5.934345117600533515e-01 2.287844181559974821e+00 2.348582800451119446e-01 2.355754346996174475e-01
2.425993267191436153e+00 5.447782239306470792e-02 -6.563489822287544850e-01 2.287777824753382649e+00 2.753710371007751512e-01 1.974966279599051355e-01
2.471564397573457139e+00 2.878404613971361978e-02 -7.124954305961510581e-01 2.290598849388322034e+00 3.108509248728657526e-01 1.575180388045687718e-01
2.509787410141178565e+00 2.513855113139036720e-04 -7.669828778133580549e-01 2.295913694454498444e+00 3.423596614852834064e-01 1.175422047340392573e-01
2.541392882777123496e+00 -3.102060417547550936e-02 -8.335874875832390840e-01 2.303353110070843091e+00 3.695268324231757995e-01 7.756749431673636008e-02
2.574046654973310311e+00 -6.450339477201334770e-02 -7.941967840114176891e-01 2.312506868575815666e+00 3.916139186067766342e-01 3.759541170311318792e-02
2.628482118055415206e+00 -9.299496754845928970e-02 -5.550037674609531457e-01 2.322960804067132123e+00 4.091124402489897949e-01 -2.366431770152220213e-03
2.700749933592568652e+00 -1.124781302702312358e-01 -2.817257128514452091e-01 2.334436818560091886e+00 4.249220477129836970e-01 -4.233609980844992710e-02
2.787556790811562379e+00 -1.200245908756403662e-01 2.026291919318190873e-02 2.346856583205686686e+00 4.413206432762513121e-01 -8.230498062336116805e-02
2.876158702344941531e+00 -1.147099249983571517e-01 3.000217617341371379e-01 2.360300391871762216e+00 4.602901528904104755e-01 -1.222915109311610710e-01
2.954486397459862523e+00 -9.892601081180955880e-02 5.088916116816837309e-01 2.374898450018574803e+00 4.813700865720860755e-01 -1.622768182316104424e-01
3.019635164296504470e+00 -7.661884188004204621e-02 6.348461517794212750e-01 2.390667832263400072e+00 5.021979355041220616e-01 -2.022456426227539072e-01
3.074489733073754394e+00 -5.125573833919577077e-02 6.898093249322162501e-01 2.407480716925345376e+00 5.212704660950554514e-01 -2.399791260510608371e-01
3.122579277097009331e+00 -2.518980278364776546e-02 6.941108084689572300e-01 2.425096390582240247e+00 5.366568513834878429e-01 -2.621262815416918746e-01
3.166287766779127821e+00 2.357939966574319421e-04 6.678232966992043718e-01 2.443195199910612736e+00 5.475436905951259758e-01 -2.709329807353884623e-01
3.207030711909644172e+00 2.428330640704995380e-02 6.255151761856921899e-01 2.461437707128956376e+00 5.537802163016972701e-01 -2.691080820855600297e-01
3.245612600877939347e+00 4.663397727493157757e-02 5.774061820116981325e-01 2.479495184039385514e+00 5.554754777217241202e-01 -2.595095094542721470e-01
3.282466228708835310e+00 6.727583051724235486e-02 5.308463589721017506e-01 2.497056863112512737e+00 5.527400114933690434e-01 -2.443476498641867778e-01
3.317846488323701770e+00 8.639799091207693571e-02 4.902431364070295450e-01 2.513791353455181010e+00 5.446240446045907957e-01 -2.259561189967476125e-01
3.354987426642379589e+00 1.042404827394399075e-01 4.283914935105500588e-01 2.529402417685570281e+00 5.327818525568763786e-01 -2.065012549987518542e-01
3.411067465920960107e+00 1.153291063181741266e-01 2.133595633949458559e-01 2.543630980973148770e+00 5.163553512316160221e-01 -1.871434117130738040e-01
3.460438461368921192e+00 1.182554333599655921e-01 8.572548937680431191e-02 2.556406322038202283e+00 5.013225142684795133e-01 -1.683921591083401004e-01
3.511578555501847276e+00 1.152946761336445525e-01 -4.202368932299983817e-02 2.567812365487609494e+00 4.861333343917863536e-01 -1.529248198367022804e-01
3.562376543250171501e+00 1.063159281746259149e-01 -1.597714754754796240e-01 2.577720205430530154e+00 4.662919627174410553e-01 -1.389607264650705443e-01
3.611879910611571542e+00 9.206919857292475418e-02 -2.652396822819829136e-01 2.586011500596387958e+00 4.464396624279207137e-01 -1.272683676992729662e-01
3.660134885010630335e+00 7.299717916156840680e-02 -3.654064057740222249e-01 2.592694689260968577e+00 4.255482103634287694e-01 -1.184739168884560850e-01
3.706250769058307082e+00 4.952029880262250050e-02 -4.557331732718936657e-01 2.597791631690683278e+00 4.050664931534883051e-01 -1.131551640527992120e-01
3.750396883068993770e+00 2.210920805718592091e-02 -5.466114000264639117e-01 2.601294690334191806e+00 3.827565551845018010e-01 -1.101856105104600941e-01
3.791805325436869545e+00 -9.555760839528665285e-03 -6.506845544571544515e-01 2.603163091650018135e+00 3.599189706734138849e-01 -1.089837401654705773e-01
3.832230382494651977e+00 -4.441715686579233990e-02 -6.868354240986359605e-01 2.603409593256874377e+00 3.368426328103620859e-01 -1.088900957861229646e-01
3.884825742305692664e+00 -7.775366958845848775e-02 -5.746576766828609406e-01 2.602008523402679963e+00 3.122044901761077962e-01 -1.093818950099622739e-01
3.955506529558700635e+00 -1.044133432730232902e-01 -3.804148556553686444e-01 2.598973525564080234e+00 2.885165422490346132e-01 -1.094885896002226189e-01
4.046024207569114850e+00 -1.198957253943302992e-01 -1.059679300159943605e-01 2.594553684875006372e+00 2.701761419893908278e-01 -1.082160712647705775e-01
4.146309689960451905e+00 -1.200339975424441763e-01 2.085111603550737769e-01 2.589133383667823196e+00 2.569062658626788953e-01 -1.073191245917143738e-01
4.235731663043458717e+00 -1.047491441867430817e-01 4.765995131391345119e-01 2.583167311537254651e+00 2.512206938880757190e-01 -1.027171367521640538e-01
4.281116384294350929e+00 -8.527296160162696481e-02 3.711233045892756710e-01 2.577079840650103204e+00 2.499734445621316359e-01 -9.162956387331852581e-02
4.329223327066410221e+00 -7.108262730137249186e-02 2.885627398187530779e-01 2.570990132961792352e+00 2.477176481759244819e-01 -7.483852090680791214e-02
4.379897690409382705e+00 -5.899147356443030371e-02 2.488646221719054696e-01 2.564792348358733154e+00 2.434657213199921122e-01 -5.323967499325243241e-02
4.429799735342829337e+00 -4.838465840693657177e-02 2.126771236400291365e-01 2.558363756104363063e+00 2.376641909815458698e-01 -2.775199028462623299e-02
4.479923367923451138e+00 -3.828870061764790694e-02 2.025945776870660131e-01 2.551596598280253758e+00 2.302384528343773551e-01 4.761343603561280944e-04
4.529727467867551205e+00 -2.744435162467724967e-02 2.150798600224106960e-01 2.544382476108049573e+00 2.211961570287830636e-01 3.013138641463215806e-02
4.578905807896426872e+00 -1.466782547763246375e-02 2.509855109649655747e-01 2.536639163920345386e+00 2.112262919658542404e-01 6.103650568454577208e-02
4.627018491483334550e+00 1.017775613917994626e-03 3.071011300041689984e-01 2.528302707502402491e+00 2.001296449676794043e-01 9.250213827662955024e-02
4.673127049172542513e+00 2.103748628896956810e-02 4.077828970747261472e-01 2.519327530765009815e+00 1.886013599200753732e-01 1.241810372635262505e-01
4.717963577137952669e+00 4.621896038379146726e-02 4.847784515996552135e-01 2.509685527018957529e+00 1.764361437663061749e-01 1.549254117134127584e-01
4.772998259520798037e+00 7.220103762092845712e-02 4.159210800839359123e-01 2.499357952806346095e+00 1.641162001096866385e-01 1.833371990989917377e-01
4.840292520374543273e+00 9.424190027837467398e-02 2.985936625153143287e-01 2.488375662163782032e+00 1.525823042561679221e-01 2.087020139029598376e-01
4.920037891804686758e+00 1.106279418081524135e-01 1.489771501544714383e-01 2.476679833540038622e+00 1.384425013835537122e-01 2.314616651017058491e-01
5.010499923761122076e+00 1.195263249009830553e-01 -2.957548474441097294e-02 2.464721185498874423e+00 1.393072779608373335e-01 2.471852472408811452e-01
5.105212231465494632e+00 1.197460484605329806e-01 -2.143520741225566906e-01 2.453021939725040568e+00 1.397897500025296891e-01 2.620405506205727431e-01
5.195551036681907320e+00 1.118365437460520084e-01 -3.721959026802958981e-01 2.441764387268111847e+00 1.458557594393249668e-01 2.744603445412879816e-01
5.276139640261113151e+00 9.774526382282770764e-02 -4.847581425129828814e-01 2.431390051661241447e+00 1.588256652350848730e-01 2.810571924975322489e-01
5.346128190535077707e+00 7.965164148010059342e-02 -5.536241242194969159e-01 2.422272626260695283e+00 1.756681145938703836e-01 2.801367760672917595e-01
5.406948114439881437e+00 5.922077225783662496e-02 -5.901907312174830000e-01 2.414561015971778524e+00 1.933100520758922469e-01 2.713918294647392204e-01
5.460393137206987824e+00 3.745596560349222920e-02 -6.075366914661501916e-01 2.408263402871500869e+00 2.109588964683052348e-01 2.549750551512419694e-01
5.507915408874247021e+00 1.478707472857322333e-02 -6.204584325071184070e-01 2.403307635959001320e+00 2.271793909704196979e-01 2.314370065204810756e-01
5.551324053042104190e+00 -6.967830887382925331e-03 -4.954091167554348640e-01 2.399548531536499052e+00 2.413682233520040576e-01 2.016626307131616225e-01
5.597584331292119408e+00 -2.129681801884881695e-02 -3.147324668151964544e-01 2.396818858728811730e+00 2.534783959275957455e-01 1.668050141081544868e-01
5.644218116279162700e+00 -3.041290805913192397e-02 -2.204931300033202979e-01 2.394986042780849367e+00 2.644523983852272164e-01 1.276895598527715003e-01
5.691793085358522575e+00 -3.635358984577639202e-02 -1.388035749209589886e-01 2.393923475497987230e+00 2.734903920036536040e-01 8.775226622650345032e-02
5.739565303242534888e+00 -3.999852720043255150e-02 -8.741251559912464886e-02 2.393508358071862574e+00 2.814697815846906592e-01 4.781791199090032474e-02
5.787325807632963226e+00 -4.291806801617571721e-02 -6.722758073355541986e-02 2.393645323459998586e+00 2.882360703841562177e-01 7.980857612021103123e-03
5.835025196180078311e+00 -4.652974189079150946e-02 -7.699568354073099696e-02 2.394205103866085427e+00 2.930053811761404448e-01 -3.189311838675779054e-02
5.882700934709077067e+00 -5.222102553823380205e-02 -1.129711043052259445e-01 2.395184682695115086e+00 2.999178807264052393e-01 -7.184968798679459978e-02
5.929658438609895832e+00 -6.122609310909313263e-02 -1.823231745384397973e-01 2.396588870566663587e+00 3.050865996351770915e-01 -1.114322192101147163e-01
5.974406889860381931e+00 -7.554643855399530150e-02 -2.947379110289420900e-01 2.398317377872252631e+00 3.095504929575781383e-01 -1.514263274920703284e-01
6.028731460264566522e+00 -9.446370080700221272e-02 -3.058880436094532085e-01 2.400303365371398545e+00 3.131264500576978471e-01 -1.892482121368091741e-01
6.106061378771868497e+00 -1.100754487071400334e-01 -1.484811113047157793e-01 2.402504588341964009e+00 3.166186466818948775e-01 -2.214528552808201212e-01
6.193599735170013609e+00 -1.186684948903264092e-01 2.614228610352637566e-02 2.405005128231515243e+00 3.226396922633902875e-01 -2.496066133649835761e-01
6.285837392993055772e+00 -1.194472662529050960e-01 2.002700968870548270e-01 2.408006122825506523e+00 3.318555636730103342e-01 -2.727011586442519286e-01
6.375373355291834798e+00 -1.129363191058284088e-01 3.471961753089795599e-01 2.411390346242258786e+00 3.350271069068884167e-01 -2.928014030402269485e-01
6.457236625302332556e+00 -1.008302698599210512e-01 4.512385525953294119e-01 2.415261687318213557e+00 3.473040690070436365e-01 -3.044622935494926685e-01
6.530110855294016581e+00 -8.498712796547958082e-02 5.147899773896150721e-01 2.420047522735208734e+00 3.625669146740440607e-01 -3.038412987950952493e-01
6.594766838197097414e+00 -6.686168936267428142e-02 5.479448750118893763e-01 2.426022971342208567e+00 3.829858008330035979e-01 -2.965276827182532493e-01
6.652562490252979188e+00 -4.740997722283504107e-02 5.619466843844496129e-01 2.433243897591260474e+00 4.005483391827078798e-01 -2.802035695037322083e-01
6.704684254351278128e+00 -2.708930758688242457e-02 5.667440615486527555e-01 2.441466075836861815e+00 4.149775440461607179e-01 -2.589800875679349468e-01
6.752032944270704107e+00 -6.054747716253156692e-03 5.690441098489344984e-01 2.450579261154230970e+00 4.301577483042797190e-01 -2.348047983194473942e-01
6.795165290636592026e+00 1.579438407465557498e-02 5.777221316834080245e-01 2.460384980475376793e+00 4.397551530183914648e-01 -2.071396568018229467e-01
6.839629683008449312e+00 3.673731249780354258e-02 4.530734316578159393e-01 2.470505251063016328e+00 4.449676445425365112e-01 -1.783307280375016901e-01
6.888734423567999698e+00 5.032426197789566236e-02 2.891923524917552335e-01 2.480732006323909111e+00 4.490888737725688973e-01 -1.506392145012279415e-01
6.936867319419985911e+00 5.894949534439057615e-02 1.983561638646070546e-01 2.490930602016049544e+00 4.507440893496467704e-01 -1.241579410411033785e-01
6.986765375800717770e+00 6.374731472140622579e-02 1.082380707395130676e-01 2.500914519153992543e+00 4.497276574147002770e-01 -9.955912743583303359e-02
7.036846967302658129e+00 6.513002366059664205e-02 3.936515658036951470e-02 2.510578403006391568e+00 4.483501441504902929e-01 -7.806730573030812304e-02
7.087111399765918307e+00 6.399090681992258833e-02 -1.385336407884078108e-02 2.519846813333954216e+00 4.450488208741952278e-01 -5.937864085443471385e-02
7.137514392800862417e+00 6.091338730633090448e-02 -5.443629993732573835e-02 2.528613145938120699e+00 4.404090701306647149e-01 -4.380181445902063542e-02
7.187963675845445266e+00 5.641549540488051406e-02 -8.403371727686520520e-02 2.536814806089668028e+00 4.349836540235678672e-01 -3.179970592247092359e-02
7.238475046296363402e+00 5.088083764648288626e-02 -1.056653553901484716e-01 2.544408003781195582e+00 4.286887670725466060e-01 -2.308461902891247725e-02
7.289039982618074731e+00 4.456165162555988241e-02 -1.218287145560052742e-01 2.551357038902368313e+00 4.217910708734335379e-01 -1.785035810088755892e-02
7.339651224665709961e+00 3.757814883233229208e-02 -1.352353959924382787e-01 2.557650229071865677e+00 4.146758605196977920e-01 -1.601231359825693382e-02
7.390286546912876453e+00 2.992598823843086245e-02 -1.483535838048734290e-01 2.563285932205913387e+00 4.072377643630966104e-01 -1.702620242354811742e-02
7.440903327064942729e+00 2.148752235483795611e-02 -1.634988018513104657e-01 2.568269785286179996e+00 3.997915903761735668e-01 -2.111740887348692239e-02
7.491435227787191842e+00 1.202620185570083336e-02 -1.831080458213128759e-01 2.572621900832023911e+00 3.924490099032622581e-01 -2.789913443956200043e-02
7.541775279507215046e+00 1.212864587427702097e-03 -2.087763186028258611e-01 2.576359255735678033e+00 3.850309460242076209e-01 -3.684491434828261053e-02
7.591778195772241666e+00 -1.133625498255177652e-02 -2.425740209958269777e-01 2.579477548916420560e+00 3.771233600297036470e-01 -4.740091700720719392e-02
7.641215253705298416e+00 -2.611773167967550158e-02 -2.860770827820549589e-01 2.581983125229652565e+00 3.694453253600786247e-01 -5.930356526256538169e-02
7.690041783576440082e+00 -4.344217860491125793e-02 -3.339016898859150650e-01 2.583896125132393529e+00 3.616897822016402197e-01 -7.199941161589813732e-02
7.736727534390466232e+00 -6.394969295553395994e-02 -4.099079651333702445e-01 2.585296765680825004e+00 3.559091741913654183e-01 -8.477979341014542369e-02
7.784130449981196520e+00 -8.833124428533604966e-02 -4.622988659367461284e-01 2.586180869867335641e+00 3.476981603461238302e-01 -9.696572527320676538e-02
7.858209359581044495e+00 -1.103287229141784870e-01 -2.749495924709629002e-01 2.586237335212006716e+00 3.325957607301809338e-01 -1.054476801727422808e-01
7.953009620576243499e+00 -1.198656927577606834e-01 1.782860761566790186e-02 2.585511313214634121e+00 3.250997932105886279e-01 -1.102228984493236613e-01
8.050193764137882013e+00 -1.141430860751196374e-01 3.139918398498546814e-01 2.584747327642838766e+00 3.309861451537886023e-01 -1.208114664958149093e-01
8.133526981521326249e+00 -9.523383047308218996e-02 5.481602966234537799e-01 2.584513790870702987e+00 3.399275917497462385e-01 -1.274591511108438824e-01
8.197998637789952525e+00 -6.741137641493975818e-02 6.980431759884166976e-01 2.584984951866334590e+00 3.511931314390693837e-01 -1.289122459629001016e-01
8.240132650990458885e+00 -3.888046487638702198e-02 5.705344164771617432e-01 2.586156394119358382e+00 3.604802107912294939e-01 -1.247771599762663997e-01
8.285723865561299917e+00 -1.723602838471907650e-02 4.307197499976835320e-01 2.587773332958372752e+00 3.648478701504292987e-01 -1.161309986689112173e-01
8.334688600405170789e+00 1.683973407026209150e-05 3.614961073184053131e-01 2.589564266181025864e+00 3.665673614698775062e-01 -1.052975918898392815e-01
8.384604714450773599e+00 1.395246891093789715e-02 2.809532638797726523e-01 2.591389911526579937e+00 3.670169745460659660e-01 -9.349907461787143603e-02
8.435458245911881647e+00 2.422619695587723346e-02 2.082882164219947430e-01 2.593104381228392707e+00 3.645450271197060443e-01 -8.046446611287946804e-02
8.486770542797811956e+00 3.155124920832780289e-02 1.504347133417551774e-01 2.594519729045254408e+00 3.594790176628180900e-01 -6.695399902235187051e-02
8.538442770917267666e+00 3.647949549023861426e-02 1.016908520409533084e-01 2.595476002535908933e+00 3.521766117308834376e-01 -5.354610138169205863e-02
8.590270217119693186e+00 3.949174605586281556e-02 6.352418952667672480e-02 2.595858252629888341e+00 3.434785385351264986e-01 -4.112756399883758796e-02
8.642157417990237178e+00 4.107940951005205343e-02 3.482428015972192925e-02 2.595613466570901640e+00 3.342683935609468415e-01 -3.039651824825059453e-02
8.694057281143326321e+00 4.181394464352089502e-02 1.743091563254993426e-02 2.594393227252915324e+00 3.151222587893784954e-01 -1.276946732201644091e-02
8.745925624266783771e+00 4.215365068665407472e-02 7.833413302959205474e-03 2.592604843178920593e+00 3.169966338365303726e-01 -1.110974306482733799e-02
