-1.236636742722846627e+00 5.456039675989292626e-01
-1.279630184746826549e+00 4.510855567752847795e-01
-1.375117259434199823e+00 3.653031219944318231e-01
-1.333743837416005773e+00 3.116699220685179572e-01
-1.347527908371223715e+00 2.577704841898651456e-01
-8.903676942604203948e-01 1.461322448207020286e-01
-1.047904262153463995e+00 6.459993209434770900e-02
-9.940375355170470995e-01 -5.545035776964511720e-02
-1.006586731391308387e+00 -1.828472287800924079e-01
-1.207543273395165428e+00 -3.714772941969319286e-01
-1.038834369391725021e+00 -5.883185727981443680e-01
-9.580473875240477222e-01 -7.853793324107916085e-01
-1.139484821559239025e+00 -8.694009952968512200e-01
-1.058731572861179915e+00 -1.049881714848812653e+00
-9.629764621986066642e-01 -1.172624898559249118e+00
-9.581095973602515858e-01 -1.214336226300739119e+00
-1.080281252869243591e+00 -1.177344500846454256e+00
-1.063100533688025484e+00 -1.126305226475444954e+00
-1.041704264056738216e+00 -1.048874879159379159e+00
-1.022849991937988312e+00 -9.236055947846772973e-01
-1.021842859541174597e+00 -7.366897106376089077e-01
-1.147680953835352291e+00 -4.913680471072067180e-01
-3.493992375730451405e-01 -2.077646013201347175e-01
-1.558881146033319343e-01 2.360466337165910700e-01
6.307215848321168217e-03 6.155990532552240158e-01
2.015614789927717698e-01 1.327302294330231280e+00
4.405842936947049759e-01 1.985719355175858958e+00
6.133992053030030700e-01 1.998915660691849006e+00
6.013439217493072864e-01 1.998800560307776975e+00
5.624042395696827734e-01 1.998916357152686674e+00
6.470201749081236908e-01 1.999414758849228146e+00
6.637022552758624627e-01 1.999455911513368100e+00
7.604316359225533617e-01 1.999877425605171455e+00
7.474056797928677609e-01 1.999343877235491229e+00
1.106174512469215721e+00 1.999235650178412538e+00
1.269280949893522248e+00 1.998811344513506949e+00
1.474278489055416808e+00 1.823669794520289766e+00
1.672701114559771440e+00 4.760958235681252426e-01
2.129210978488622175e+00 -7.693753268825819225e-01
2.025637852783161108e+00 -1.903940336810665102e+00
1.773994388604528627e+00 -1.998929380580021453e+00
1.575436830620889461e+00 -1.998791596577877749e+00
1.358358546894609997e+00 -1.998735429257440188e+00
1.104354309180035631e+00 -1.998604118025996135e+00
8.749260821106611408e-01 -1.998092141294349533e+00
7.904803731996994376e-01 -1.998483378322021276e+00
8.199297781633698712e-01 -1.998443924942413741e+00
9.484754807079537331e-01 -1.999326453234839152e+00
1.053996684083790436e+00 -1.999265327782481450e+00
1.041392446601800303e+00 -1.998441188171197425e+00
9.536265295466824776e-01 -1.886674171415351431e+00
7.693192644216085840e-01 -1.107357774531545269e+00
5.443419605819068696e-01 -4.403349596848216141e-01
3.118262853285547198e-01 9.124493249142046070e-02
8.476307100135763162e-02 4.799286315644046841e-01
-1.367733114177637210e-01 7.580929795042709030e-01
-4.057983444388886807e-01 9.195765433719599313e-01
-5.921096023857341795e-01 9.727431998997841944e-01
-8.213250662630128263e-01 9.678921642839021233e-01
-7.516418481568223342e-01 9.375626302366820708e-01
-7.594589938346527624e-01 7.733669635818952726e-01
-9.920685837172745769e-01 6.982046685815893605e-01
-9.926150144760207406e-01 5.846179382898745169e-01
-1.044572603224596552e+00 4.397225405408428656e-01
-1.024085860497011113e+00 2.659376417828432926e-01
-1.115496898449320318e+00 1.484776771169580012e-01
-1.141879225554392585e+00 6.009351724947628592e-02
-1.153816893152580514e+00 4.682218967382648089e-03
-1.231907131712716374e+00 -2.458996119196832364e-02
-1.184397396353666476e+00 -5.334729513016209235e-03
-9.170200129821853841e-01 6.362591677260091838e-02
-6.634938063355870774e-01 4.484733365280907380e-02
-2.842785987301715278e-01 2.300993919775172203e-01
-6.236246629720161583e-02 5.543786439422764278e-01
-1.127898193103510915e-01 8.395521483255304895e-01
-2.125963427966202079e-01 1.079942295677775110e+00
-2.900765169223122331e-01 1.274384235431309742e+00
-3.712869073584253998e-01 1.411406232249117654e+00
-4.521147902797127971e-01 1.482762602713801448e+00
-4.984932531464366101e-01 1.545255963495680618e+00
-5.548323499087386423e-01 1.573281629604191822e+00
-5.764142523802004980e-01 1.583944949344834763e+00
-6.082608076884549186e-01 1.537218722494330114e+00
-6.159971828309760422e-01 1.420589369278954184e+00
-5.766947926759296017e-01 1.268240740198407268e+00
-7.069901436307067799e-01 1.137982559937296800e+00
4.323882886418417559e-02 7.861791069587606984e-01
2.412360208461349076e-02 7.427651689845784500e-01
3.033004718397652733e-01 6.209896960357718099e-01
6.484952897879997513e-01 3.298423978122136946e-01
8.421224679392734780e-01 -4.602082151202946392e-02
8.820968741010910552e-01 -4.372473301276233459e-01
8.824422196206552771e-01 -8.208387156748555569e-01
8.110247251057227658e-01 -1.176902431538041860e+00
7.094416190792197652e-01 -1.488718790365968880e+00
6.055086287795883315e-01 -1.742880830250351787e+00
5.487001228815667764e-01 -1.955772710726570329e+00
4.518996809213187693e-01 -1.996864681313400780e+00
3.989694790518591994e-01 -1.996717711780155113e+00
3.383144399732766483e-01 -1.991852695899850589e+00
2.384655395992139049e-01 -1.993698798722620458e+00
3.456249775132457236e-01 -1.997828480001839546e+00
2.584359454385877775e-01 -1.979126539750148073e+00
2.231946661200554793e-01 -1.999705414097781464e+00
1.787978550059866056e-01 -1.891094232236936845e+00
1.746098312098560701e-01 -1.610232157200545577e+00
3.010522790747701682e-01 -1.407687904208172025e+00
4.607935704809990596e-01 -1.154727263963409634e+00
1.585771616939053441e-01 -1.005012219798754547e+00
6.138481050077553292e-01 -5.830445254632763419e-01
7.631422833500287606e-01 3.104973771986997005e-02
1.020944307947974750e+00 3.656808038420890083e-01
8.781269174852189829e-01 8.162056607260466112e-01
7.214602431726447884e-01 1.061174096789858412e+00
7.590102129059609348e-01 1.208764462424375852e+00
4.798702357055887324e-01 1.383257075881218379e+00
2.606245762072522676e-01 1.440446438216061553e+00
2.060614615016235218e-01 1.384575676813691647e+00
8.276077885390330235e-02 1.324063673006225184e+00
-5.082159674732178445e-02 1.229940680263515995e+00
-6.887566321050389573e-02 1.074591085276243252e+00
-1.650661638147478405e-01 9.344332437936686553e-01
-2.319875371765207084e-01 7.788413197707039215e-01
-2.712708053548486542e-01 6.001054268274850223e-01
-3.147443475510754984e-01 4.357543446779224006e-01
-3.448848099556528490e-01 2.617130464012456526e-01
-3.557605176867918439e-01 9.190222513153072093e-02
-3.719048078300676852e-01 -5.069444126455927707e-02
-3.723086993461472982e-01 -2.045603224969407830e-01
-3.671290236455605482e-01 -3.390862783037540407e-01
-3.709031939527365762e-01 -4.472889954360295683e-01
-3.953792997252000285e-01 -5.278001329462279623e-01
-3.839017334812599991e-01 -5.951324127679081810e-01
-3.877771579219152498e-01 -6.347923176666362410e-01
-2.890304005137535603e-01 -6.390190897123640967e-01
-4.105506922620907329e-01 -6.092965931530683887e-01
-7.551199807971479272e-01 -4.240977449767753260e-01
-3.747983759796172931e-01 -2.387609138290703870e-01
2.943175971600007212e-01 -5.294284023245597881e-01
4.470723297978837496e-01 -3.323842307514500716e-01
5.632769844661470460e-01 -7.265474260281484797e-02
4.643539676080018497e-01 2.067542993316877908e-01
2.183829679599890716e-01 4.323080653677579543e-01
8.597456597242143783e-02 5.416703389535968416e-01
2.248065380942154343e-02 5.899258635983933852e-01
-1.235973713180045230e-01 6.517304252495971228e-01
-2.533004728443868370e-01 6.755233545263816808e-01
-3.651202965967250691e-01 6.703948820329903580e-01
-4.349036597878556121e-01 6.209268691427236586e-01
-4.605072487089751920e-01 5.365522875293494698e-01
-9.573067385784201910e-01 8.813525463117075631e-01
9.371875235759422051e-02 8.298621285945496917e-02
4.416329777003279861e-02 7.527385763404864649e-02
