4.148474454789999877e-01 3.200575584970000165e-02 6.271748998659999685e+00 4.544659226380000083e-01 4.621279507789999852e-01 -1.123296743100000022e-01
4.244040776131351445e-01 3.127730190076704470e-02 6.255025382355287711e+00 5.039201683631500117e-01 4.650145434391999566e-01 -1.128047043733319821e-01
4.349275950402888280e-01 3.028592711703234977e-02 6.236506521311290463e+00 5.530624432023234505e-01 4.687610564314799722e-01 -1.132490656818519875e-01
4.464029506406820835e-01 2.897813038360659912e-02 6.216221030792718594e+00 6.018453372523455691e-01 4.708939880144999424e-01 -1.133747830562669701e-01
4.588105689176343316e-01 2.729588969058267811e-02 6.194180954081146773e+00 6.502423073779697305e-01 4.742961817939999603e-01 -1.137449201423729878e-01
4.721288875590838874e-01 2.517629513640373684e-02 6.170382577705457727e+00 6.983357222670246722e-01 4.780383378017000195e-01 -1.139530457380169698e-01
4.863341745515834535e-01 2.255249181971024502e-02 6.144824582967610027e+00 7.462519287760782660e-01 4.839253672220800162e-01 -1.143338496042349689e-01
5.014008281803536971e-01 1.935502248768944736e-02 6.117551968506966809e+00 7.939573420347176835e-01 4.874027415048999834e-01 -1.141405289445671517e-01
5.172953388456899004e-01 1.551409615516198201e-02 6.088648034830518974e+00 8.412056030661602124e-01 4.891454181209140550e-01 -1.139258290423511566e-01
5.339757321495128828e-01 1.095344801930585657e-02 6.058053158213937195e+00 8.880961524287491748e-01 4.946343209984340183e-01 -1.143337743463251482e-01
5.513986166784695664e-01 5.592983763057813272e-03 6.025732978128621298e+00 9.348475638440484348e-01 5.006885998918539915e-01 -1.144122960193309363e-01
5.695168934682373063e-01 -6.469631898764643431e-04 5.991734853325708876e+00 9.815014871139313701e-01 5.073638760423538896e-01 -1.145002718310701439e-01
5.882768420534764120e-01 -7.845550717579039338e-03 5.956147512214401196e+00 1.027891908080015071e+00 5.107287521513138584e-01 -1.140586264564741464e-01
6.076134441517102580e-01 -1.607765232422316698e-02 5.919084173270777960e+00 1.073689364000807611e+00 5.114450237281616962e-01 -1.135670401030641347e-01
6.274487253042764223e-01 -2.541790990661629140e-02 5.880542264926020835e+00 1.118750162059470643e+00 5.121401554537217127e-01 -1.132921150160521445e-01
6.476984874696439798e-01 -3.593445316317798316e-02 5.840647215750178312e+00 1.163124093121591818e+00 5.138089618362338129e-01 -1.121856802777401602e-01
6.682743654218474827e-01 -4.769181868433954724e-02 5.799483980768271429e+00 1.206951877006574803e+00 5.172877763704537557e-01 -1.116558526578721455e-01
6.890944995231376158e-01 -6.073699790943508370e-02 5.757608551821236986e+00 1.250143604175541823e+00 5.172619652837328053e-01 -1.081056115707921539e-01
7.101201390831837212e-01 -7.504111037306952781e-02 5.717196405005358528e+00 1.292376604689771558e+00 5.141860638948927420e-01 -9.740363722817214909e-02
7.313209538107774410e-01 -9.055823104628933640e-02 5.679178977051575927e+00 1.333686120463747349e+00 5.146172789992726759e-01 -9.031462336653213463e-02
7.526160085188622340e-01 -1.072984551234314049e-01 5.642428377487222591e+00 1.374289419701820281e+00 5.158495136082426047e-01 -8.529953506265212926e-02
7.738953365229783721e-01 -1.252738676471846779e-01 5.606168189385246414e+00 1.413969423220780675e+00 5.117783349235024426e-01 -8.109411886133210956e-02
7.950688636590682590e-01 -1.444935928504396672e-01 5.570147277156412002e+00 1.452372677938886580e+00 5.054059226955023298e-01 -7.797803528823210595e-02
8.162184434593184879e-01 -1.648932492701827013e-01 5.536951947341322011e+00 1.489470630029724907e+00 5.001313837020823216e-01 -6.623259488855212651e-02
8.376339192479583806e-01 -1.863388728579095655e-01 5.509398217822303323e+00 1.525382763018598764e+00 4.956816404068022930e-01 -5.708940301821212315e-02
8.593841004367531733e-01 -2.087351678457768644e-01 5.486542909355677899e+00 1.560229917711485337e+00 4.925218732643822928e-01 -4.957598887811212607e-02
8.808765991722795619e-01 -2.319890907048170470e-01 5.465975561809644390e+00 1.593813067704018982e+00 4.833524789246422815e-01 -3.810619920727211646e-02
9.010316613420944476e-01 -2.560844124971214386e-01 5.443724555334606308e+00 1.625995252911341282e+00 4.765961167961423328e-01 -3.149239524021212044e-02
9.199556384595896086e-01 -2.811071390071070986e-01 5.419666025649720886e+00 1.657018664396866070e+00 4.720367080258023318e-01 -2.898802754589211578e-02
9.396476697023208313e-01 -3.070670341578572993e-01 5.399902572669829759e+00 1.687193466808039721e+00 4.715833379750803966e-01 -2.872134605368011767e-02
1.014345005196090277e+00 -3.335052541123124104e-01 5.548869095318086586e+00 1.716798539065838902e+00 4.728796778977383819e-01 -1.532425297028012015e-02
1.008976714951189457e+00 -3.580860150534465047e-01 5.460133169676034903e+00 1.745691202167918954e+00 4.690911138587383067e-01 6.641314109319878395e-03
9.543148030108177249e-01 -3.858637743589058977e-01 5.267675959013192966e+00 1.773658399129058871e+00 4.653739977999182820e-01 3.970575968511987075e-02
1.002973766705919312e+00 -4.136549790549040595e-01 5.366548829076320359e+00 1.800753826820276071e+00 4.624990598074783521e-01 6.855806704111987171e-02
9.591799389027854117e-01 -4.431427104559894636e-01 5.251475286398632925e+00 1.827238996226195900e+00 4.642796306306404275e-01 6.346185924845987314e-02
9.856575966833500679e-01 -4.727901518266641734e-01 5.297245800388020065e+00 1.853171698564078040e+00 4.623603105408784497e-01 5.152888858497986502e-02
9.957078819818757642e-01 -5.030844443210176209e-01 5.304506838098207666e+00 1.878383191871431990e+00 4.600649152339383874e-01 5.494686657335985658e-02
9.603085751150741700e-01 -5.344997416930490353e-01 5.231822660292902327e+00 1.902979535024807545e+00 4.603978318047683982e-01 6.739145856569986326e-02
9.953236752731482451e-01 -5.658687878261726700e-01 5.301424966318179166e+00 1.927164182645976886e+00 4.627218976759083779e-01 8.317246558947985480e-02
9.632963834331274011e-01 -5.973603860304214086e-01 5.264222015600849680e+00 1.951008565890608226e+00 4.647437060998883540e-01 1.044666849150798493e-01
9.347071833012300379e-01 -6.304765716816654875e-01 5.249954452917741321e+00 1.974507840572252260e+00 4.669482034442483664e-01 1.202765488377198350e-01
9.735330857103612345e-01 -6.623203570355274961e-01 5.343290570780553139e+00 1.997645870575639471e+00 4.682838103314944100e-01 1.072849771060598451e-01
9.691344228524777504e-01 -6.938892747985493381e-01 5.360546565477625869e+00 2.020411750237302240e+00 4.699078280302463884e-01 9.008629433759983429e-02
9.671297711061143110e-01 -7.257327117770348002e-01 5.372366268946617396e+00 2.042979528563685143e+00 4.754025841936263541e-01 7.299234707667982824e-02
1.062949938948041462e+00 -7.539026476969085122e-01 5.505740683216010289e+00 2.065330051206024198e+00 4.766909554853983599e-01 5.960251469343983560e-02
1.048467718207966470e+00 -7.825498667066970171e-01 5.482982514718242939e+00 2.087237673286924888e+00 4.767011571501070244e-01 4.992503374883983103e-02
1.034883444450496626e+00 -8.123165645657469680e-01 5.459281144989514445e+00 2.108789633552458742e+00 4.800224422130270341e-01 4.367860268897983539e-02
1.022231984338786148e+00 -8.431568692374735718e-01 5.436201513235389804e+00 2.130164536813958343e+00 4.844336338506670114e-01 3.959308154645983097e-02
1.010725303993399882e+00 -8.750034898592219390e-01 5.414812334666295079e+00 2.151390551274277474e+00 4.885374730238670749e-01 3.675061989109982413e-02
9.999921024899037780e-01 -9.077882469082635408e-01 5.394975021787706382e+00 2.172414477993527271e+00 4.916911667279070253e-01 3.439376112267982649e-02
9.890032099828279799e-01 -9.414814151544355081e-01 5.375199537330729527e+00 2.193152992538935919e+00 4.937054531549270320e-01 3.104084748485982925e-02
9.756204451603588401e-01 -9.761477592261259550e-01 5.351678093034908379e+00 2.213597878972642263e+00 4.965886665209670037e-01 2.403551660251983246e-02
9.568363155636470108e-01 -1.012058710398977990e+00 5.319848249099506710e+00 2.233830838422516507e+00 5.006456686143470058e-01 1.531672233649982937e-02
9.640875595383818775e-01 -1.048936825505188963e+00 5.306553274900656092e+00 2.253890361874831161e+00 5.045463447999670725e-01 -2.534713243840172950e-03
9.959797832350878455e-01 -1.086967740313458997e+00 5.306595640243993550e+00 2.273637737383348512e+00 5.050617961057551897e-01 -1.516222728472017139e-02
9.881895948850814015e-01 -1.125656930438278858e+00 5.260488626601785178e+00 2.292872203459698888e+00 5.036308075988111810e-01 -3.322872012100016453e-02
9.801809983441968077e-01 -1.166004951762864117e+00 5.206783349989219545e+00 2.311561079397716600e+00 5.030098041541390952e-01 -4.341657128456016812e-02
9.711902281985792529e-01 -1.207939980895903487e+00 5.149138387574669018e+00 2.329816655888724330e+00 5.042194026612750735e-01 -4.919917590842017713e-02
9.569553696376724705e-01 -1.251363711550767865e+00 5.086178067695100502e+00 2.347714929855165611e+00 5.053958252957709840e-01 -5.363507935346017996e-02
1.064796864001966492e+00 -1.296007630639855579e+00 5.113927394828385431e+00 2.365099030416649040e+00 5.022718766783508260e-01 -6.663551703852017838e-02
1.061223261703372334e+00 -1.340935656096974293e+00 5.042377832038760666e+00 2.381768336502452232e+00 4.977829574377907740e-01 -8.891299133112015585e-02
1.058724222079278299e+00 -1.387393759510794577e+00 4.954756885929333166e+00 2.397804199459966146e+00 4.964625049744006979e-01 -1.205633968231201447e-01
1.057448430832886865e+00 -1.435111499179840155e+00 4.849014358330433261e+00 2.413330519642444827e+00 4.950215321334687779e-01 -1.492873574079201515e-01
1.057478008058595265e+00 -1.483492036429934213e+00 4.728109411945801810e+00 2.428168523626586417e+00 4.884740577556287433e-01 -1.732218603845201432e-01
1.058844493579245150e+00 -1.531661194176179963e+00 4.594284205242081143e+00 2.442206104263380695e+00 4.833827877455088018e-01 -1.958000275733201290e-01
1.061514880378245484e+00 -1.578552781135572181e+00 4.451764125959932983e+00 2.455584600094739223e+00 4.800361728894288471e-01 -2.078373115376201397e-01
1.065375044961337503e+00 -1.623082268581863552e+00 4.306008187963155542e+00 2.468449916464378280e+00 4.783699411256288059e-01 -2.146154396942801801e-01
1.070289459328656489e+00 -1.664217581920719669e+00 4.159198957700493082e+00 2.480925224219659775e+00 4.780350051732288330e-01 -2.194024548555601473e-01
1.076096759129938185e+00 -1.701108000808592369e+00 4.015118100706835946e+00 2.492857390323064415e+00 4.717145468346488069e-01 -2.146382012902601222e-01
1.082635429404310567e+00 -1.733048898552731920e+00 3.873216789824580175e+00 2.504021217599798899e+00 4.645954720149887973e-01 -2.192848976742800826e-01
1.089792620689748137e+00 -1.759112177990874049e+00 3.726992546891339408e+00 2.514400301941579929e+00 4.573265152010888013e-01 -2.302429815550001146e-01
1.097453289243812247e+00 -1.778253463216631580e+00 3.572241579396685740e+00 2.524153871862778509e+00 4.541642887293687592e-01 -2.445018002977201177e-01
1.105480071306832457e+00 -1.789368466550372849e+00 3.405809929818952142e+00 2.533470491240269684e+00 4.518495158324687400e-01 -2.620067931804601069e-01
1.113694323455394430e+00 -1.791377924202680161e+00 3.225405190593046534e+00 2.542620694638028755e+00 4.561332516960887595e-01 -2.800960695758601404e-01
1.121856143952899343e+00 -1.783381842101022796e+00 3.029154569277110909e+00 2.551985000995156128e+00 4.647316696107087752e-01 -2.996377663464401264e-01
1.129633446488401471e+00 -1.764616640444829132e+00 2.810934626718656570e+00 2.561391275004772705e+00 4.644863961731307556e-01 -3.295006335766401673e-01
1.136561230146111434e+00 -1.734798972079904855e+00 2.566410749337877384e+00 2.570343671085614901e+00 4.588423884543707532e-01 -3.549755373422400773e-01
1.142109080193252302e+00 -1.695091628111263349e+00 2.303720094115770500e+00 2.578699831632626172e+00 4.537672750417708345e-01 -3.589073247275001433e-01
1.145738407513073209e+00 -1.647946598071848845e+00 2.026240444112457073e+00 2.586539927235395275e+00 4.498232331634907655e-01 -3.705096126318002114e-01
1.146808041769595388e+00 -1.596697465781017122e+00 1.723067106631236189e+00 2.593837788768250441e+00 4.437778637537708182e-01 -3.952613179422002077e-01
1.144762727752461906e+00 -1.546119593335609554e+00 1.394540142172540964e+00 2.600632751878618087e+00 4.404543555001707578e-01 -4.004750300627802906e-01
1.139483424086042751e+00 -1.501774221257028419e+00 1.053697431697155240e+00 2.607499340853407954e+00 4.506504850835307829e-01 -3.916678383547003706e-01
1.131359148014735361e+00 -1.468672626301059658e+00 7.109567458573344823e-01 2.614728531814098922e+00 4.559003052284107405e-01 -3.749053758451603713e-01
1.121260620345452264e+00 -1.450297763727554923e+00 3.752565900187395664e-01 2.622067345949084416e+00 4.587659476718308205e-01 -3.527280307369603518e-01
1.110355819699990310e+00 -1.448242765925146225e+00 5.056721562132825143e-02 2.629487881273749661e+00 4.633269444188707897e-01 -3.378724209375403298e-01
1.099868689465369087e+00 -1.462408137573752542e+00 -2.627928054457158158e-01 2.637075437391190658e+00 4.689571393685907363e-01 -3.270918993142002962e-01
1.090841749851547693e+00 -1.490939697863319813e+00 -5.603102485565419899e-01 2.644841669993163169e+00 4.740500628446908116e-01 -3.115271225915002273e-01
1.083950781012102960e+00 -1.530764373267641254e+00 -8.391333278818698949e-01 2.652793969638268745e+00 4.800922043805508910e-01 -3.004895113687601760e-01
1.079515542204455558e+00 -1.578461477484229381e+00 -1.101407118848257927e+00 2.660991248908088025e+00 4.872336261173508265e-01 -2.933266095284202124e-01
1.077575379326165983e+00 -1.630590540192562221e+00 -1.350205700550580756e+00 2.669502947278355798e+00 4.956976048509708632e-01 -2.901553054464002246e-01
1.077987828712639207e+00 -1.683890350659025037e+00 -1.588636872732355654e+00 2.678361847987138500e+00 5.042290848095708489e-01 -2.891128904908022434e-01
1.080486017692427803e+00 -1.735400185055259836e+00 -1.817168820971247323e+00 2.687358722017021417e+00 5.067716255122107771e-01 -2.844717748199622753e-01
1.084727746768453738e+00 -1.782630705383666303e+00 -2.035148172721726212e+00 2.696268791475142201e+00 5.086221985876206997e-01 -2.786193479719621946e-01
1.090364397164791166e+00 -1.823617799303435039e+00 -2.243505898088920869e+00 2.705054035428348769e+00 5.099757476603206108e-01 -2.729684009796422561e-01
1.097079790897355078e+00 -1.856781879021432768e+00 -2.446082648849097652e+00 2.713742839122014416e+00 5.126759600211405754e-01 -2.733582258738482818e-01
1.104601143184293033e+00 -1.880648370247338663e+00 -2.649660198349375495e+00 2.722380183139801790e+00 5.154900717745807270e-01 -2.812650903555483084e-01
1.112659728795410974e+00 -1.893801408101055239e+00 -2.859864859209607868e+00 2.730902268397881194e+00 5.163463335968047074e-01 -2.923792979480683840e-01
1.120950125314013279e+00 -1.895051593943577251e+00 -3.080291926055796825e+00 2.739212457430155290e+00 5.161770711866354722e-01 -3.057937054770684115e-01
1.129096421997406008e+00 -1.883337003475831883e+00 -3.319217322404227399e+00 2.747239223061022528e+00 5.148192634266973711e-01 -3.327338339500684472e-01
1.136621000232240775e+00 -1.858300722407271621e+00 -3.576497485893110007e+00 2.755110061732057858e+00 5.182974656958773130e-01 -3.411739518772085034e-01
