5.362444150000000000e+08
5.562462030000000000e+08
5.762472660000000000e+08
5.962432150000000000e+08
6.162540070000000000e+08
6.362481490000000000e+08
6.562505080000000000e+08
6.762489090000000000e+08
6.962501850000000000e+08
7.162446660000000000e+08
7.362550280000000000e+08
7.562458740000000000e+08
7.762481170000000000e+08
7.962535540000000000e+08
8.162474510000000000e+08
8.362414220000000000e+08
8.562512370000000000e+08
8.762464480000000000e+08
8.962522300000000000e+08
9.162466840000000000e+08
9.362443950000000000e+08
9.562468700000000000e+08
9.762544530000000000e+08
6.253111000000000000e+06
2.625486900000000000e+07
4.624877000000000000e+07
5.624474800000000000e+07
7.624307500000000000e+07
9.624685300000000000e+07
1.162414630000000000e+08
1.362495370000000000e+08
1.562486780000000000e+08
1.762532220000000000e+08
1.962434480000000000e+08
2.162554230000000000e+08
2.362447800000000000e+08
2.562518470000000000e+08
2.762468110000000000e+08
2.962444820000000000e+08
3.162414550000000000e+08
3.362522500000000000e+08
3.562487670000000000e+08
3.862476560000000000e+08
4.062558370000000000e+08
4.162650150000000000e+08
4.362432710000000000e+08
4.562492870000000000e+08
4.762521690000000000e+08
4.962506440000000000e+08
5.162462240000000000e+08
5.362486990000000000e+08
5.562433710000000000e+08
5.762514170000000000e+08
5.962440440000000000e+08
6.162424630000000000e+08
6.362480970000000000e+08
6.562559410000000000e+08
6.762475550000000000e+08
6.962531890000000000e+08
7.162464200000000000e+08
7.362490110000000000e+08
7.562554490000000000e+08
7.762514960000000000e+08
7.962678980000000000e+08
8.162882120000000000e+08
8.362492900000000000e+08
8.562496010000000000e+08
8.762526420000000000e+08
8.962445800000000000e+08
9.162455680000000000e+08
9.362520940000000000e+08
9.562422090000000000e+08
9.762520650000000000e+08
9.962546940000000000e+08
2.624963900000000000e+07
3.624794200000000000e+07
5.624979400000000000e+07
7.624360300000000000e+07
9.625003200000000000e+07
1.162794170000000000e+08
1.362515460000000000e+08
1.562452050000000000e+08
1.762510350000000000e+08
1.962558580000000000e+08
2.162669380000000000e+08
2.362436910000000000e+08
2.562504220000000000e+08
2.762489950000000000e+08
2.962502370000000000e+08
3.162483670000000000e+08
3.362443150000000000e+08
3.562440120000000000e+08
3.762545150000000000e+08
3.962456250000000000e+08
4.162482260000000000e+08
4.362504190000000000e+08
4.562517680000000000e+08
4.762482570000000000e+08
4.962508300000000000e+08
5.162445320000000000e+08
5.362713330000000000e+08
5.562488350000000000e+08
5.762511230000000000e+08
5.962476470000000000e+08
6.162493450000000000e+08
6.362410020000000000e+08
6.562479960000000000e+08
6.762540870000000000e+08
6.962524880000000000e+08
7.162534940000000000e+08
7.362487760000000000e+08
7.562412330000000000e+08
7.762492220000000000e+08
7.962499290000000000e+08
8.162510790000000000e+08
8.362525410000000000e+08
8.562493750000000000e+08
8.762479220000000000e+08
8.962573890000000000e+08
9.262538470000000000e+08
9.362511320000000000e+08
9.562461870000000000e+08
9.762453760000000000e+08
9.962496070000000000e+08
1.624443900000000000e+07
3.624586600000000000e+07
5.625178100000000000e+07
7.624693900000000000e+07
9.625125300000000000e+07
1.162467810000000000e+08
1.362527080000000000e+08
1.562469670000000000e+08
1.762557960000000000e+08
1.962461440000000000e+08
2.162447410000000000e+08
2.362729680000000000e+08
2.562486690000000000e+08
2.762488500000000000e+08
2.962513440000000000e+08
3.162414350000000000e+08
3.362460940000000000e+08
3.562535130000000000e+08
3.762487010000000000e+08
3.962424460000000000e+08
4.162523430000000000e+08
4.362427160000000000e+08
4.562483570000000000e+08
4.762522430000000000e+08
4.962476060000000000e+08
5.162447190000000000e+08
5.362461740000000000e+08
5.562471190000000000e+08
5.762464520000000000e+08
5.962510370000000000e+08
6.162471900000000000e+08
6.362454950000000000e+08
6.562504110000000000e+08
6.762483290000000000e+08
6.962477220000000000e+08
7.162484210000000000e+08
7.362465940000000000e+08
7.562453170000000000e+08
7.762580250000000000e+08
7.962496300000000000e+08
8.162773770000000000e+08
8.362490760000000000e+08
8.562489510000000000e+08
8.762453800000000000e+08
8.962481330000000000e+08
9.162466490000000000e+08
9.362457520000000000e+08
9.562518770000000000e+08
9.762486030000000000e+08
9.962445110000000000e+08
1.625082800000000000e+07
3.624855400000000000e+07
5.625222900000000000e+07
7.624701800000000000e+07
9.624709300000000000e+07
1.162469170000000000e+08
1.362454210000000000e+08
1.562482750000000000e+08
1.762474480000000000e+08
1.962679400000000000e+08
2.162517970000000000e+08
2.362494400000000000e+08
2.562521920000000000e+08
2.862666260000000000e+08
3.062491980000000000e+08
3.162509430000000000e+08
3.362546770000000000e+08
3.562553920000000000e+08
3.762474650000000000e+08
3.962493650000000000e+08
4.162505230000000000e+08
4.362479450000000000e+08
4.562521510000000000e+08
4.762427190000000000e+08
4.962583560000000000e+08
5.162513460000000000e+08
5.362525420000000000e+08
5.562497900000000000e+08
5.762469360000000000e+08
5.962433670000000000e+08
6.162538530000000000e+08
6.362428140000000000e+08
6.562487160000000000e+08
6.762486230000000000e+08
6.962542930000000000e+08
7.162520820000000000e+08
7.362485500000000000e+08
7.562477590000000000e+08
7.762541670000000000e+08
7.962542280000000000e+08
8.162474560000000000e+08
8.362462250000000000e+08
8.562575940000000000e+08
8.762434280000000000e+08
8.962478600000000000e+08
9.162477660000000000e+08
9.362511230000000000e+08
9.562504940000000000e+08
9.762322710000000000e+08
9.962420310000000000e+08
1.624927700000000000e+07
3.622268500000000000e+07
5.625495400000000000e+07
7.625065100000000000e+07
9.625111300000000000e+07
1.162499250000000000e+08
1.362506040000000000e+08
1.562494960000000000e+08
1.762538450000000000e+08
1.962482530000000000e+08
2.162492140000000000e+08
2.362493430000000000e+08
2.562754930000000000e+08
2.762544160000000000e+08
3.062464370000000000e+08
3.262531460000000000e+08
3.462543810000000000e+08
3.662655070000000000e+08
3.762497200000000000e+08
4.062470730000000000e+08
4.162533250000000000e+08
4.362500170000000000e+08
4.562462020000000000e+08
4.762516070000000000e+08
4.962496700000000000e+08
5.162682190000000000e+08
5.362518150000000000e+08
5.562469400000000000e+08
5.762741340000000000e+08
5.962533900000000000e+08
6.162463060000000000e+08
6.362599580000000000e+08
6.562753030000000000e+08
6.762483630000000000e+08
6.962674760000000000e+08
7.162524610000000000e+08
7.362526790000000000e+08
7.562465860000000000e+08
7.762490810000000000e+08
7.962454690000000000e+08
8.162458210000000000e+08
8.362482140000000000e+08
8.562522150000000000e+08
8.762437180000000000e+08
8.962491590000000000e+08
9.162431480000000000e+08
9.362449750000000000e+08
9.562530230000000000e+08
9.762514630000000000e+08
9.962729660000000000e+08
1.625340300000000000e+07
3.627156000000000000e+07
5.624676500000000000e+07
7.624650600000000000e+07
9.624956300000000000e+07
1.162479110000000000e+08
1.362502790000000000e+08
1.562525540000000000e+08
1.762519120000000000e+08
1.962531620000000000e+08
2.162543600000000000e+08
2.362459770000000000e+08
2.562538550000000000e+08
2.762427270000000000e+08
2.962517320000000000e+08
3.162533830000000000e+08
3.362524010000000000e+08
3.562511980000000000e+08
3.762557360000000000e+08
3.962514150000000000e+08
4.162466180000000000e+08
4.362465480000000000e+08
4.562536330000000000e+08
4.762484520000000000e+08
4.962449380000000000e+08
5.162442190000000000e+08
5.362514320000000000e+08
5.562459370000000000e+08
5.762544640000000000e+08
5.962484070000000000e+08
6.162507670000000000e+08
6.362473520000000000e+08
6.562467170000000000e+08
6.762523780000000000e+08
6.962476420000000000e+08
7.162454230000000000e+08
7.362572440000000000e+08
7.562521670000000000e+08
7.762477500000000000e+08
7.962438670000000000e+08
8.162506830000000000e+08
8.362522200000000000e+08
8.562523330000000000e+08
8.762408760000000000e+08
8.962481490000000000e+08
9.162488810000000000e+08
9.362509100000000000e+08
9.562431830000000000e+08
9.762501800000000000e+08
9.962464820000000000e+08
1.624631000000000000e+07
3.624865300000000000e+07
5.625539900000000000e+07
7.624701800000000000e+07
9.625319000000000000e+07
1.162442990000000000e+08
1.362445920000000000e+08
1.562458790000000000e+08
1.762482380000000000e+08
1.962436600000000000e+08
2.162478670000000000e+08
2.362408070000000000e+08
2.562542810000000000e+08
2.762504110000000000e+08
2.962470670000000000e+08
3.162471280000000000e+08
3.362528350000000000e+08
3.562467170000000000e+08
3.762715350000000000e+08
3.962470510000000000e+08
4.162446360000000000e+08
4.362454310000000000e+08
4.662524910000000000e+08
4.762492020000000000e+08
4.962499850000000000e+08
5.162537390000000000e+08
5.362514200000000000e+08
5.562449140000000000e+08
5.762579020000000000e+08
5.962497950000000000e+08
6.162519510000000000e+08
6.362594170000000000e+08
6.562497100000000000e+08
6.762494360000000000e+08
6.962560620000000000e+08
7.162513030000000000e+08
7.362507000000000000e+08
7.562585330000000000e+08
7.762531430000000000e+08
7.962463910000000000e+08
8.162543800000000000e+08
8.362414620000000000e+08
8.562504960000000000e+08
8.762552480000000000e+08
8.962525130000000000e+08
9.162481500000000000e+08
9.362495390000000000e+08
9.562489400000000000e+08
9.762467850000000000e+08
9.962549140000000000e+08
1.624748300000000000e+07
3.624602200000000000e+07
5.625422000000000000e+07
7.627228800000000000e+07
9.626170900000000000e+07
1.162554910000000000e+08
1.362457740000000000e+08
1.562460800000000000e+08
1.762473790000000000e+08
1.962480350000000000e+08
2.162450300000000000e+08
2.362440310000000000e+08
2.562550160000000000e+08
2.762477530000000000e+08
2.962551100000000000e+08
3.162486910000000000e+08
3.362525630000000000e+08
3.562453570000000000e+08
3.762522230000000000e+08
3.962452130000000000e+08
4.162448540000000000e+08
4.362466210000000000e+08
4.562526980000000000e+08
4.862535550000000000e+08
5.062485750000000000e+08
5.262481180000000000e+08
5.462466910000000000e+08
5.562515790000000000e+08
5.862498530000000000e+08
5.962407580000000000e+08
6.162467020000000000e+08
6.362459210000000000e+08
6.562541420000000000e+08
6.762468260000000000e+08
6.962543170000000000e+08
7.162440940000000000e+08
7.362457240000000000e+08
7.562527820000000000e+08
7.762489910000000000e+08
7.962460680000000000e+08
8.162472700000000000e+08
8.362457280000000000e+08
8.562448580000000000e+08
8.762521520000000000e+08
8.962648410000000000e+08
9.162504470000000000e+08
9.362723940000000000e+08
9.562407880000000000e+08
9.762505020000000000e+08
9.962526940000000000e+08
1.624658000000000000e+07
3.624401600000000000e+07
5.625180300000000000e+07
7.624748700000000000e+07
9.624951100000000000e+07
1.162440200000000000e+08
1.362490440000000000e+08
1.562546150000000000e+08
1.762489260000000000e+08
1.962446330000000000e+08
2.162541640000000000e+08
2.362455810000000000e+08
2.562772410000000000e+08
2.762739220000000000e+08
2.962496120000000000e+08
3.162409420000000000e+08
3.362525380000000000e+08
3.562435390000000000e+08
3.762513220000000000e+08
3.962518920000000000e+08
4.162455670000000000e+08
4.362486930000000000e+08
4.562566520000000000e+08
4.762683380000000000e+08
4.962547510000000000e+08
5.162482390000000000e+08
5.362484190000000000e+08
5.562436740000000000e+08
5.762473290000000000e+08
5.962433020000000000e+08
6.162500540000000000e+08
6.362445620000000000e+08
6.562505700000000000e+08
6.762454130000000000e+08
6.962547860000000000e+08
7.162482220000000000e+08
7.362477430000000000e+08
7.562472270000000000e+08
7.762524620000000000e+08
7.962500450000000000e+08
8.162493370000000000e+08
8.362501570000000000e+08
8.562527680000000000e+08
8.762457650000000000e+08
8.962540460000000000e+08
9.162432070000000000e+08
9.362490340000000000e+08
9.562758790000000000e+08
9.762482690000000000e+08
9.962513120000000000e+08
1.625000800000000000e+07
3.624323800000000000e+07
5.625324700000000000e+07
7.624295500000000000e+07
9.625057800000000000e+07
1.162428620000000000e+08
1.362511660000000000e+08
1.562479610000000000e+08
1.762516320000000000e+08
1.962472800000000000e+08
2.162518410000000000e+08
2.362489100000000000e+08
2.562488070000000000e+08
2.762529290000000000e+08
2.962532820000000000e+08
3.162450890000000000e+08
3.362525900000000000e+08
3.562474950000000000e+08
3.762562220000000000e+08
3.962512180000000000e+08
4.162459110000000000e+08
4.362483770000000000e+08
4.562499720000000000e+08
4.762463660000000000e+08
4.962503670000000000e+08
5.162544200000000000e+08
5.362737420000000000e+08
5.562486410000000000e+08
5.762509590000000000e+08
5.962432440000000000e+08
6.162447360000000000e+08
6.362551690000000000e+08
6.562488540000000000e+08
6.762440810000000000e+08
6.962522450000000000e+08
7.162469310000000000e+08
7.362485450000000000e+08
7.562598720000000000e+08
7.762854850000000000e+08
7.962506270000000000e+08
8.162510180000000000e+08
8.362417320000000000e+08
8.562517120000000000e+08
8.762502300000000000e+08
8.962482040000000000e+08
9.162454710000000000e+08
9.362489730000000000e+08
9.562461600000000000e+08
9.762469410000000000e+08
9.962518500000000000e+08
1.625200000000000000e+07
3.624741600000000000e+07
5.625476600000000000e+07
7.625067500000000000e+07
9.624939200000000000e+07
1.162469390000000000e+08
1.362497400000000000e+08
1.562521440000000000e+08
1.762459410000000000e+08
1.962497060000000000e+08
2.162499230000000000e+08
2.362476400000000000e+08
2.562528890000000000e+08
2.762468440000000000e+08
2.962533760000000000e+08
3.162466130000000000e+08
3.362473690000000000e+08
3.562529490000000000e+08
3.762492410000000000e+08
3.962494200000000000e+08
4.162466660000000000e+08
4.362519180000000000e+08
4.562512540000000000e+08
4.762450770000000000e+08
4.962535880000000000e+08
5.162483170000000000e+08
5.362478930000000000e+08
5.562485600000000000e+08
5.762530940000000000e+08
5.962470730000000000e+08
6.162494220000000000e+08
6.362440870000000000e+08
6.562505470000000000e+08
6.762450980000000000e+08
6.962460060000000000e+08
7.162440320000000000e+08
7.362485460000000000e+08
7.562467130000000000e+08
7.762472810000000000e+08
7.962478980000000000e+08
8.162498170000000000e+08
8.362541440000000000e+08
8.562504480000000000e+08
8.762439290000000000e+08
8.962511910000000000e+08
9.162501760000000000e+08
9.362481880000000000e+08
9.562508200000000000e+08
9.762495270000000000e+08
9.962473530000000000e+08
1.625023500000000000e+07
3.627126300000000000e+07
5.624938800000000000e+07
7.625557700000000000e+07
9.624771100000000000e+07
1.162453400000000000e+08
1.362521480000000000e+08
1.562456890000000000e+08
1.762528010000000000e+08
1.962506540000000000e+08
2.162496420000000000e+08
2.362407760000000000e+08
2.562747480000000000e+08
2.762468050000000000e+08
2.962497800000000000e+08
3.162506120000000000e+08
3.362452580000000000e+08
3.562466940000000000e+08
3.762502880000000000e+08
3.962474470000000000e+08
4.162465000000000000e+08
4.362467250000000000e+08
4.562547170000000000e+08
4.762560020000000000e+08
4.962505600000000000e+08
5.162422030000000000e+08
5.362492240000000000e+08
5.562479060000000000e+08
5.762495320000000000e+08
5.962541420000000000e+08
6.162476300000000000e+08
6.362416050000000000e+08
6.562520220000000000e+08
6.762453680000000000e+08
6.962499410000000000e+08
7.162370200000000000e+08
7.362425610000000000e+08
7.562436020000000000e+08
7.762510250000000000e+08
7.962487830000000000e+08
8.162506750000000000e+08
8.362539190000000000e+08
8.562517250000000000e+08
8.762474040000000000e+08
8.963757970000000000e+08
9.162434970000000000e+08
9.362476240000000000e+08
9.562620280000000000e+08
9.762495190000000000e+08
9.962472330000000000e+08
1.627004100000000000e+07
3.625542200000000000e+07
5.625270300000000000e+07
7.624313400000000000e+07
9.625095100000000000e+07
1.162476300000000000e+08
1.362667470000000000e+08
1.562407780000000000e+08
1.762461730000000000e+08
1.962320280000000000e+08
2.162453340000000000e+08
2.362437880000000000e+08
2.562536340000000000e+08
2.762527820000000000e+08
2.962537960000000000e+08
3.162437030000000000e+08
3.362620080000000000e+08
3.562518190000000000e+08
3.762491080000000000e+08
3.962480870000000000e+08
4.162660380000000000e+08
4.362458220000000000e+08
4.562538520000000000e+08
4.762448780000000000e+08
4.962526660000000000e+08
5.162448440000000000e+08
5.362434060000000000e+08
5.562525120000000000e+08
5.762537820000000000e+08
5.962479880000000000e+08
6.162558190000000000e+08
6.362467530000000000e+08
6.562465540000000000e+08
6.762531610000000000e+08
7.062487040000000000e+08
7.162430600000000000e+08
7.362836890000000000e+08
7.562465210000000000e+08
7.762490190000000000e+08
7.962495010000000000e+08
8.162495410000000000e+08
8.362420990000000000e+08
8.562530500000000000e+08
8.762703070000000000e+08
8.962511030000000000e+08
9.162453750000000000e+08
9.362559900000000000e+08
9.662515780000000000e+08
9.762508380000000000e+08
9.962538340000000000e+08
1.624989300000000000e+07
3.624887100000000000e+07
5.625749800000000000e+07
7.624389000000000000e+07
9.626643700000000000e+07
1.162543380000000000e+08
1.362482460000000000e+08
1.562486700000000000e+08
1.762544400000000000e+08
1.962414980000000000e+08
2.262541850000000000e+08
2.462488120000000000e+08
2.562465880000000000e+08
2.762448210000000000e+08
2.962507090000000000e+08
3.162451040000000000e+08
3.462477420000000000e+08
3.662463060000000000e+08
3.762525700000000000e+08
3.962488300000000000e+08
4.162498100000000000e+08
4.362464300000000000e+08
4.562491110000000000e+08
4.762504390000000000e+08
4.962490980000000000e+08
5.162442460000000000e+08
5.362544950000000000e+08
5.562458770000000000e+08
5.762480360000000000e+08
5.962549930000000000e+08
6.162478570000000000e+08
6.362499330000000000e+08
6.562589880000000000e+08
6.762491610000000000e+08
6.962477750000000000e+08
7.162490390000000000e+08
7.362494950000000000e+08
7.562489440000000000e+08
7.762546820000000000e+08
7.962444050000000000e+08
8.162436380000000000e+08
8.362484490000000000e+08
8.562522890000000000e+08
8.762489520000000000e+08
9.062523260000000000e+08
9.162489860000000000e+08
9.362490990000000000e+08
9.562526170000000000e+08
9.762524200000000000e+08
9.962464550000000000e+08
1.624808600000000000e+07
3.624621700000000000e+07
5.624847400000000000e+07
7.624225400000000000e+07
9.625182000000000000e+07
1.162492110000000000e+08
1.362484740000000000e+08
1.562442900000000000e+08
1.762517700000000000e+08
1.962472290000000000e+08
2.162470920000000000e+08
2.362434950000000000e+08
2.562472220000000000e+08
2.762465890000000000e+08
2.962443260000000000e+08
3.162446100000000000e+08
3.362645780000000000e+08
3.562407300000000000e+08
3.762505640000000000e+08
3.962553170000000000e+08
4.162467120000000000e+08
4.362486750000000000e+08
4.562538710000000000e+08
4.762476470000000000e+08
4.962469870000000000e+08
5.162496930000000000e+08
5.362489950000000000e+08
5.562472740000000000e+08
5.762506680000000000e+08
5.962533740000000000e+08
6.162509480000000000e+08
6.362504620000000000e+08
6.562494020000000000e+08
6.762484770000000000e+08
6.962528640000000000e+08
7.162508950000000000e+08
7.362626090000000000e+08
7.562730230000000000e+08
7.762695710000000000e+08
7.962425080000000000e+08
8.262474050000000000e+08
8.362490020000000000e+08
8.562507250000000000e+08
8.762455320000000000e+08
8.962781830000000000e+08
9.162535100000000000e+08
9.362465940000000000e+08
9.562526650000000000e+08
9.762509450000000000e+08
9.962431150000000000e+08
1.624912300000000000e+07
3.624868900000000000e+07
5.625325000000000000e+07
7.626110100000000000e+07
9.625057100000000000e+07
1.162429820000000000e+08
1.362562900000000000e+08
1.562470090000000000e+08
1.762531930000000000e+08
1.962555190000000000e+08
2.162606810000000000e+08
2.362449420000000000e+08
2.562545820000000000e+08
2.762480900000000000e+08
2.962626240000000000e+08
3.162526120000000000e+08
3.362486070000000000e+08
3.562441860000000000e+08
3.762498450000000000e+08
3.962446810000000000e+08
4.162430460000000000e+08
4.362449250000000000e+08
4.562510690000000000e+08
4.763859770000000000e+08
5.062484040000000000e+08
5.262680530000000000e+08
5.462515430000000000e+08
5.562562370000000000e+08
5.762559160000000000e+08
5.962414550000000000e+08
6.162523420000000000e+08
6.362468420000000000e+08
6.562753940000000000e+08
6.762537350000000000e+08
6.962494680000000000e+08
7.162442060000000000e+08
7.362524950000000000e+08
7.562443610000000000e+08
7.762473500000000000e+08
7.962528890000000000e+08
8.162453190000000000e+08
8.362531470000000000e+08
8.562569690000000000e+08
8.762463400000000000e+08
8.962510760000000000e+08
9.162511570000000000e+08
9.362483060000000000e+08
9.562478230000000000e+08
9.762501870000000000e+08
9.962488270000000000e+08
1.625036800000000000e+07
3.626477400000000000e+07
5.625516500000000000e+07
7.624569200000000000e+07
9.628058100000000000e+07
1.162450790000000000e+08
1.362502480000000000e+08
1.562509960000000000e+08
1.762508580000000000e+08
1.962427430000000000e+08
2.162538400000000000e+08
2.362441630000000000e+08
2.562521930000000000e+08
2.762540140000000000e+08
2.962523220000000000e+08
3.162468610000000000e+08
3.362600120000000000e+08
3.562485840000000000e+08
3.762509840000000000e+08
3.962491850000000000e+08
4.162473230000000000e+08
4.362480500000000000e+08
4.562559790000000000e+08
4.762457510000000000e+08
4.962430400000000000e+08
5.162475610000000000e+08
5.362483600000000000e+08
5.562421360000000000e+08
5.762492460000000000e+08
5.962467780000000000e+08
6.162511230000000000e+08
6.362790570000000000e+08
6.562490490000000000e+08
6.762481800000000000e+08
6.962515240000000000e+08
7.262540900000000000e+08
7.362560920000000000e+08
7.562463940000000000e+08
7.762529810000000000e+08
7.962476930000000000e+08
8.162553530000000000e+08
8.362517310000000000e+08
8.562477520000000000e+08
8.762472240000000000e+08
8.962748740000000000e+08
9.162463180000000000e+08
9.362545720000000000e+08
9.562474790000000000e+08
9.762502110000000000e+08
9.962447360000000000e+08
1.624430000000000000e+07
3.624165200000000000e+07
5.624674900000000000e+07
7.624511800000000000e+07
9.624651100000000000e+07
1.162520270000000000e+08
1.362478020000000000e+08
1.562473590000000000e+08
1.762534110000000000e+08
1.962417130000000000e+08
2.162481800000000000e+08
2.362502500000000000e+08
2.562646740000000000e+08
2.762462640000000000e+08
2.962506880000000000e+08
3.162447490000000000e+08
3.462559510000000000e+08
3.562510360000000000e+08
3.762528840000000000e+08
3.962503300000000000e+08
4.162539090000000000e+08
4.362412410000000000e+08
4.562504210000000000e+08
4.762510080000000000e+08
4.962463100000000000e+08
5.162479420000000000e+08
5.362518220000000000e+08
5.562473670000000000e+08
5.762510170000000000e+08
5.962471030000000000e+08
6.162462410000000000e+08
6.362531440000000000e+08
6.562504100000000000e+08
6.762443260000000000e+08
6.962488340000000000e+08
7.162493670000000000e+08
7.362498530000000000e+08
7.562537000000000000e+08
7.762471070000000000e+08
7.962479590000000000e+08
8.162473950000000000e+08
8.362448920000000000e+08
8.562748560000000000e+08
8.762492270000000000e+08
8.962467530000000000e+08
9.162469720000000000e+08
9.362481240000000000e+08
9.562436270000000000e+08
9.762547340000000000e+08
9.962528240000000000e+08
1.624994200000000000e+07
3.624651600000000000e+07
5.625424000000000000e+07
7.626559900000000000e+07
9.624577000000000000e+07
1.162537280000000000e+08
1.362443570000000000e+08
1.562488600000000000e+08
1.762525520000000000e+08
1.962479820000000000e+08
2.162498170000000000e+08
2.362497100000000000e+08
2.562462320000000000e+08
2.762475200000000000e+08
2.962474410000000000e+08
3.162440200000000000e+08
3.362638310000000000e+08
3.562541420000000000e+08
3.762513190000000000e+08
3.962454540000000000e+08
4.262471980000000000e+08
4.362420090000000000e+08
4.562477880000000000e+08
4.762513000000000000e+08
4.962482490000000000e+08
5.162456030000000000e+08
5.362690480000000000e+08
5.562447860000000000e+08
5.762480110000000000e+08
5.962415660000000000e+08
6.162527620000000000e+08
6.362438970000000000e+08
6.562496610000000000e+08
6.762486210000000000e+08
6.962499630000000000e+08
7.162421370000000000e+08
7.362520350000000000e+08
7.562455150000000000e+08
7.762513480000000000e+08
7.962535160000000000e+08
8.162483820000000000e+08
8.362749210000000000e+08
8.562518310000000000e+08
8.762474190000000000e+08
8.962491620000000000e+08
9.162470840000000000e+08
9.362456040000000000e+08
9.562445030000000000e+08
9.762544060000000000e+08
9.962434690000000000e+08
1.625032400000000000e+07
3.625109500000000000e+07
6.624767500000000000e+07
8.624692700000000000e+07
9.625243000000000000e+07
1.162467790000000000e+08
1.362479630000000000e+08
1.562510160000000000e+08
1.762515130000000000e+08
1.962444290000000000e+08
2.162619000000000000e+08
2.362496690000000000e+08
2.562560540000000000e+08
2.762561440000000000e+08
2.962509420000000000e+08
3.162408310000000000e+08
3.362482580000000000e+08
