1.603810188000000000e+09
1.603810188000000000e+09
1.603810188000000000e+09
1.603810188000000000e+09
1.603810188000000000e+09
1.603810188000000000e+09
1.603810188000000000e+09
1.603810188000000000e+09
1.603810188000000000e+09
1.603810188000000000e+09
1.603810188000000000e+09
1.603810188000000000e+09
1.603810188000000000e+09
1.603810188000000000e+09
1.603810188000000000e+09
1.603810188000000000e+09
1.603810188000000000e+09
1.603810188000000000e+09
1.603810188000000000e+09
1.603810188000000000e+09
1.603810188000000000e+09
1.603810188000000000e+09
1.603810188000000000e+09
1.603810189000000000e+09
1.603810189000000000e+09
1.603810189000000000e+09
1.603810189000000000e+09
1.603810189000000000e+09
1.603810189000000000e+09
1.603810189000000000e+09
1.603810189000000000e+09
1.603810189000000000e+09
1.603810189000000000e+09
1.603810189000000000e+09
1.603810189000000000e+09
1.603810189000000000e+09
1.603810189000000000e+09
1.603810189000000000e+09
1.603810189000000000e+09
1.603810189000000000e+09
1.603810189000000000e+09
1.603810189000000000e+09
1.603810189000000000e+09
1.603810189000000000e+09
1.603810189000000000e+09
1.603810189000000000e+09
1.603810189000000000e+09
1.603810189000000000e+09
1.603810189000000000e+09
1.603810189000000000e+09
1.603810189000000000e+09
1.603810189000000000e+09
1.603810189000000000e+09
1.603810189000000000e+09
1.603810189000000000e+09
1.603810189000000000e+09
1.603810189000000000e+09
1.603810189000000000e+09
1.603810189000000000e+09
1.603810189000000000e+09
1.603810189000000000e+09
1.603810189000000000e+09
1.603810189000000000e+09
1.603810189000000000e+09
1.603810189000000000e+09
1.603810189000000000e+09
1.603810189000000000e+09
1.603810189000000000e+09
1.603810189000000000e+09
1.603810189000000000e+09
1.603810189000000000e+09
1.603810189000000000e+09
1.603810189000000000e+09
1.603810189000000000e+09
1.603810190000000000e+09
1.603810190000000000e+09
1.603810190000000000e+09
1.603810190000000000e+09
1.603810190000000000e+09
1.603810190000000000e+09
1.603810190000000000e+09
1.603810190000000000e+09
1.603810190000000000e+09
1.603810190000000000e+09
1.603810190000000000e+09
1.603810190000000000e+09
1.603810190000000000e+09
1.603810190000000000e+09
1.603810190000000000e+09
1.603810190000000000e+09
1.603810190000000000e+09
1.603810190000000000e+09
1.603810190000000000e+09
1.603810190000000000e+09
1.603810190000000000e+09
1.603810190000000000e+09
1.603810190000000000e+09
1.603810190000000000e+09
1.603810190000000000e+09
1.603810190000000000e+09
1.603810190000000000e+09
1.603810190000000000e+09
1.603810190000000000e+09
1.603810190000000000e+09
1.603810190000000000e+09
1.603810190000000000e+09
1.603810190000000000e+09
1.603810190000000000e+09
1.603810190000000000e+09
1.603810190000000000e+09
1.603810190000000000e+09
1.603810190000000000e+09
1.603810190000000000e+09
1.603810190000000000e+09
1.603810190000000000e+09
1.603810190000000000e+09
1.603810190000000000e+09
1.603810190000000000e+09
1.603810190000000000e+09
1.603810190000000000e+09
1.603810190000000000e+09
1.603810190000000000e+09
1.603810190000000000e+09
1.603810190000000000e+09
1.603810191000000000e+09
1.603810191000000000e+09
1.603810191000000000e+09
1.603810191000000000e+09
1.603810191000000000e+09
1.603810191000000000e+09
1.603810191000000000e+09
1.603810191000000000e+09
1.603810191000000000e+09
1.603810191000000000e+09
1.603810191000000000e+09
1.603810191000000000e+09
1.603810191000000000e+09
1.603810191000000000e+09
1.603810191000000000e+09
1.603810191000000000e+09
1.603810191000000000e+09
1.603810191000000000e+09
1.603810191000000000e+09
1.603810191000000000e+09
1.603810191000000000e+09
1.603810191000000000e+09
1.603810191000000000e+09
1.603810191000000000e+09
1.603810191000000000e+09
1.603810191000000000e+09
1.603810191000000000e+09
1.603810191000000000e+09
1.603810191000000000e+09
1.603810191000000000e+09
1.603810191000000000e+09
1.603810191000000000e+09
1.603810191000000000e+09
1.603810191000000000e+09
1.603810191000000000e+09
1.603810191000000000e+09
1.603810191000000000e+09
1.603810191000000000e+09
1.603810191000000000e+09
1.603810191000000000e+09
1.603810191000000000e+09
1.603810191000000000e+09
1.603810191000000000e+09
1.603810191000000000e+09
1.603810191000000000e+09
1.603810191000000000e+09
1.603810191000000000e+09
1.603810191000000000e+09
1.603810191000000000e+09
1.603810191000000000e+09
1.603810192000000000e+09
1.603810192000000000e+09
1.603810192000000000e+09
1.603810192000000000e+09
1.603810192000000000e+09
1.603810192000000000e+09
1.603810192000000000e+09
1.603810192000000000e+09
1.603810192000000000e+09
1.603810192000000000e+09
1.603810192000000000e+09
1.603810192000000000e+09
1.603810192000000000e+09
1.603810192000000000e+09
1.603810192000000000e+09
1.603810192000000000e+09
1.603810192000000000e+09
1.603810192000000000e+09
1.603810192000000000e+09
1.603810192000000000e+09
1.603810192000000000e+09
1.603810192000000000e+09
1.603810192000000000e+09
1.603810192000000000e+09
1.603810192000000000e+09
1.603810192000000000e+09
1.603810192000000000e+09
1.603810192000000000e+09
1.603810192000000000e+09
1.603810192000000000e+09
1.603810192000000000e+09
1.603810192000000000e+09
1.603810192000000000e+09
1.603810192000000000e+09
1.603810192000000000e+09
1.603810192000000000e+09
1.603810192000000000e+09
1.603810192000000000e+09
1.603810192000000000e+09
1.603810192000000000e+09
1.603810192000000000e+09
1.603810192000000000e+09
1.603810192000000000e+09
1.603810192000000000e+09
1.603810192000000000e+09
1.603810192000000000e+09
1.603810192000000000e+09
1.603810192000000000e+09
1.603810192000000000e+09
1.603810192000000000e+09
1.603810193000000000e+09
1.603810193000000000e+09
1.603810193000000000e+09
1.603810193000000000e+09
1.603810193000000000e+09
1.603810193000000000e+09
1.603810193000000000e+09
1.603810193000000000e+09
1.603810193000000000e+09
1.603810193000000000e+09
1.603810193000000000e+09
1.603810193000000000e+09
1.603810193000000000e+09
1.603810193000000000e+09
1.603810193000000000e+09
1.603810193000000000e+09
1.603810193000000000e+09
1.603810193000000000e+09
1.603810193000000000e+09
1.603810193000000000e+09
1.603810193000000000e+09
1.603810193000000000e+09
1.603810193000000000e+09
1.603810193000000000e+09
1.603810193000000000e+09
1.603810193000000000e+09
1.603810193000000000e+09
1.603810193000000000e+09
1.603810193000000000e+09
1.603810193000000000e+09
1.603810193000000000e+09
1.603810193000000000e+09
1.603810193000000000e+09
1.603810193000000000e+09
1.603810193000000000e+09
1.603810193000000000e+09
1.603810193000000000e+09
1.603810193000000000e+09
1.603810193000000000e+09
1.603810193000000000e+09
1.603810193000000000e+09
1.603810193000000000e+09
1.603810193000000000e+09
1.603810193000000000e+09
1.603810193000000000e+09
1.603810193000000000e+09
1.603810193000000000e+09
1.603810193000000000e+09
1.603810193000000000e+09
1.603810193000000000e+09
1.603810194000000000e+09
1.603810194000000000e+09
1.603810194000000000e+09
1.603810194000000000e+09
1.603810194000000000e+09
1.603810194000000000e+09
1.603810194000000000e+09
1.603810194000000000e+09
1.603810194000000000e+09
1.603810194000000000e+09
1.603810194000000000e+09
1.603810194000000000e+09
1.603810194000000000e+09
1.603810194000000000e+09
1.603810194000000000e+09
1.603810194000000000e+09
1.603810194000000000e+09
1.603810194000000000e+09
1.603810194000000000e+09
1.603810194000000000e+09
1.603810194000000000e+09
1.603810194000000000e+09
1.603810194000000000e+09
1.603810194000000000e+09
1.603810194000000000e+09
1.603810194000000000e+09
1.603810194000000000e+09
1.603810194000000000e+09
1.603810194000000000e+09
1.603810194000000000e+09
1.603810194000000000e+09
1.603810194000000000e+09
1.603810194000000000e+09
1.603810194000000000e+09
1.603810194000000000e+09
1.603810194000000000e+09
1.603810194000000000e+09
1.603810194000000000e+09
1.603810194000000000e+09
1.603810194000000000e+09
1.603810194000000000e+09
1.603810194000000000e+09
1.603810194000000000e+09
1.603810194000000000e+09
1.603810194000000000e+09
1.603810194000000000e+09
1.603810194000000000e+09
1.603810194000000000e+09
1.603810194000000000e+09
1.603810194000000000e+09
1.603810195000000000e+09
1.603810195000000000e+09
1.603810195000000000e+09
1.603810195000000000e+09
1.603810195000000000e+09
1.603810195000000000e+09
1.603810195000000000e+09
1.603810195000000000e+09
1.603810195000000000e+09
1.603810195000000000e+09
1.603810195000000000e+09
1.603810195000000000e+09
1.603810195000000000e+09
1.603810195000000000e+09
1.603810195000000000e+09
1.603810195000000000e+09
1.603810195000000000e+09
1.603810195000000000e+09
1.603810195000000000e+09
1.603810195000000000e+09
1.603810195000000000e+09
1.603810195000000000e+09
1.603810195000000000e+09
1.603810195000000000e+09
1.603810195000000000e+09
1.603810195000000000e+09
1.603810195000000000e+09
1.603810195000000000e+09
1.603810195000000000e+09
1.603810195000000000e+09
1.603810195000000000e+09
1.603810195000000000e+09
1.603810195000000000e+09
1.603810195000000000e+09
1.603810195000000000e+09
1.603810195000000000e+09
1.603810195000000000e+09
1.603810195000000000e+09
1.603810195000000000e+09
1.603810195000000000e+09
1.603810195000000000e+09
1.603810195000000000e+09
1.603810195000000000e+09
1.603810195000000000e+09
1.603810195000000000e+09
1.603810195000000000e+09
1.603810195000000000e+09
1.603810195000000000e+09
1.603810195000000000e+09
1.603810195000000000e+09
1.603810196000000000e+09
1.603810196000000000e+09
1.603810196000000000e+09
1.603810196000000000e+09
1.603810196000000000e+09
1.603810196000000000e+09
1.603810196000000000e+09
1.603810196000000000e+09
1.603810196000000000e+09
1.603810196000000000e+09
1.603810196000000000e+09
1.603810196000000000e+09
1.603810196000000000e+09
1.603810196000000000e+09
1.603810196000000000e+09
1.603810196000000000e+09
1.603810196000000000e+09
1.603810196000000000e+09
1.603810196000000000e+09
1.603810196000000000e+09
1.603810196000000000e+09
1.603810196000000000e+09
1.603810196000000000e+09
1.603810196000000000e+09
1.603810196000000000e+09
1.603810196000000000e+09
1.603810196000000000e+09
1.603810196000000000e+09
1.603810196000000000e+09
1.603810196000000000e+09
1.603810196000000000e+09
1.603810196000000000e+09
1.603810196000000000e+09
1.603810196000000000e+09
1.603810196000000000e+09
1.603810196000000000e+09
1.603810196000000000e+09
1.603810196000000000e+09
1.603810196000000000e+09
1.603810196000000000e+09
1.603810196000000000e+09
1.603810196000000000e+09
1.603810196000000000e+09
1.603810196000000000e+09
1.603810196000000000e+09
1.603810196000000000e+09
1.603810196000000000e+09
1.603810196000000000e+09
1.603810196000000000e+09
1.603810196000000000e+09
1.603810197000000000e+09
1.603810197000000000e+09
1.603810197000000000e+09
1.603810197000000000e+09
1.603810197000000000e+09
1.603810197000000000e+09
1.603810197000000000e+09
1.603810197000000000e+09
1.603810197000000000e+09
1.603810197000000000e+09
1.603810197000000000e+09
1.603810197000000000e+09
1.603810197000000000e+09
1.603810197000000000e+09
1.603810197000000000e+09
1.603810197000000000e+09
1.603810197000000000e+09
1.603810197000000000e+09
1.603810197000000000e+09
1.603810197000000000e+09
1.603810197000000000e+09
1.603810197000000000e+09
1.603810197000000000e+09
1.603810197000000000e+09
1.603810197000000000e+09
1.603810197000000000e+09
1.603810197000000000e+09
1.603810197000000000e+09
1.603810197000000000e+09
1.603810197000000000e+09
1.603810197000000000e+09
1.603810197000000000e+09
1.603810197000000000e+09
1.603810197000000000e+09
1.603810197000000000e+09
1.603810197000000000e+09
1.603810197000000000e+09
1.603810197000000000e+09
1.603810197000000000e+09
1.603810197000000000e+09
1.603810197000000000e+09
1.603810197000000000e+09
1.603810197000000000e+09
1.603810197000000000e+09
1.603810197000000000e+09
1.603810197000000000e+09
1.603810197000000000e+09
1.603810197000000000e+09
1.603810197000000000e+09
1.603810197000000000e+09
1.603810198000000000e+09
1.603810198000000000e+09
1.603810198000000000e+09
1.603810198000000000e+09
1.603810198000000000e+09
1.603810198000000000e+09
1.603810198000000000e+09
1.603810198000000000e+09
1.603810198000000000e+09
1.603810198000000000e+09
1.603810198000000000e+09
1.603810198000000000e+09
1.603810198000000000e+09
1.603810198000000000e+09
1.603810198000000000e+09
1.603810198000000000e+09
1.603810198000000000e+09
1.603810198000000000e+09
1.603810198000000000e+09
1.603810198000000000e+09
1.603810198000000000e+09
1.603810198000000000e+09
1.603810198000000000e+09
1.603810198000000000e+09
1.603810198000000000e+09
1.603810198000000000e+09
1.603810198000000000e+09
1.603810198000000000e+09
1.603810198000000000e+09
1.603810198000000000e+09
1.603810198000000000e+09
1.603810198000000000e+09
1.603810198000000000e+09
1.603810198000000000e+09
1.603810198000000000e+09
1.603810198000000000e+09
1.603810198000000000e+09
1.603810198000000000e+09
1.603810198000000000e+09
1.603810198000000000e+09
1.603810198000000000e+09
1.603810198000000000e+09
1.603810198000000000e+09
1.603810198000000000e+09
1.603810198000000000e+09
1.603810198000000000e+09
1.603810198000000000e+09
1.603810198000000000e+09
1.603810198000000000e+09
1.603810198000000000e+09
1.603810199000000000e+09
1.603810199000000000e+09
1.603810199000000000e+09
1.603810199000000000e+09
1.603810199000000000e+09
1.603810199000000000e+09
1.603810199000000000e+09
1.603810199000000000e+09
1.603810199000000000e+09
1.603810199000000000e+09
1.603810199000000000e+09
1.603810199000000000e+09
1.603810199000000000e+09
1.603810199000000000e+09
1.603810199000000000e+09
1.603810199000000000e+09
1.603810199000000000e+09
1.603810199000000000e+09
1.603810199000000000e+09
1.603810199000000000e+09
1.603810199000000000e+09
1.603810199000000000e+09
1.603810199000000000e+09
1.603810199000000000e+09
1.603810199000000000e+09
1.603810199000000000e+09
1.603810199000000000e+09
1.603810199000000000e+09
1.603810199000000000e+09
1.603810199000000000e+09
1.603810199000000000e+09
1.603810199000000000e+09
1.603810199000000000e+09
1.603810199000000000e+09
1.603810199000000000e+09
1.603810199000000000e+09
1.603810199000000000e+09
1.603810199000000000e+09
1.603810199000000000e+09
1.603810199000000000e+09
1.603810199000000000e+09
1.603810199000000000e+09
1.603810199000000000e+09
1.603810199000000000e+09
1.603810199000000000e+09
1.603810199000000000e+09
1.603810199000000000e+09
1.603810199000000000e+09
1.603810199000000000e+09
1.603810199000000000e+09
1.603810200000000000e+09
1.603810200000000000e+09
1.603810200000000000e+09
1.603810200000000000e+09
1.603810200000000000e+09
1.603810200000000000e+09
1.603810200000000000e+09
1.603810200000000000e+09
1.603810200000000000e+09
1.603810200000000000e+09
1.603810200000000000e+09
1.603810200000000000e+09
1.603810200000000000e+09
1.603810200000000000e+09
1.603810200000000000e+09
1.603810200000000000e+09
1.603810200000000000e+09
1.603810200000000000e+09
1.603810200000000000e+09
1.603810200000000000e+09
1.603810200000000000e+09
1.603810200000000000e+09
1.603810200000000000e+09
1.603810200000000000e+09
1.603810200000000000e+09
1.603810200000000000e+09
1.603810200000000000e+09
1.603810200000000000e+09
1.603810200000000000e+09
1.603810200000000000e+09
1.603810200000000000e+09
1.603810200000000000e+09
1.603810200000000000e+09
1.603810200000000000e+09
1.603810200000000000e+09
1.603810200000000000e+09
1.603810200000000000e+09
1.603810200000000000e+09
1.603810200000000000e+09
1.603810200000000000e+09
1.603810200000000000e+09
1.603810200000000000e+09
1.603810200000000000e+09
1.603810200000000000e+09
1.603810200000000000e+09
1.603810200000000000e+09
1.603810200000000000e+09
1.603810200000000000e+09
1.603810200000000000e+09
1.603810200000000000e+09
1.603810201000000000e+09
1.603810201000000000e+09
1.603810201000000000e+09
1.603810201000000000e+09
1.603810201000000000e+09
1.603810201000000000e+09
1.603810201000000000e+09
1.603810201000000000e+09
1.603810201000000000e+09
1.603810201000000000e+09
1.603810201000000000e+09
1.603810201000000000e+09
1.603810201000000000e+09
1.603810201000000000e+09
1.603810201000000000e+09
1.603810201000000000e+09
1.603810201000000000e+09
1.603810201000000000e+09
1.603810201000000000e+09
1.603810201000000000e+09
1.603810201000000000e+09
1.603810201000000000e+09
1.603810201000000000e+09
1.603810201000000000e+09
1.603810201000000000e+09
1.603810201000000000e+09
1.603810201000000000e+09
1.603810201000000000e+09
1.603810201000000000e+09
1.603810201000000000e+09
1.603810201000000000e+09
1.603810201000000000e+09
1.603810201000000000e+09
1.603810201000000000e+09
1.603810201000000000e+09
1.603810201000000000e+09
1.603810201000000000e+09
1.603810201000000000e+09
1.603810201000000000e+09
1.603810201000000000e+09
1.603810201000000000e+09
1.603810201000000000e+09
1.603810201000000000e+09
1.603810201000000000e+09
1.603810201000000000e+09
1.603810201000000000e+09
1.603810201000000000e+09
1.603810201000000000e+09
1.603810201000000000e+09
1.603810201000000000e+09
1.603810202000000000e+09
1.603810202000000000e+09
1.603810202000000000e+09
1.603810202000000000e+09
1.603810202000000000e+09
1.603810202000000000e+09
1.603810202000000000e+09
1.603810202000000000e+09
1.603810202000000000e+09
1.603810202000000000e+09
1.603810202000000000e+09
1.603810202000000000e+09
1.603810202000000000e+09
1.603810202000000000e+09
1.603810202000000000e+09
1.603810202000000000e+09
1.603810202000000000e+09
1.603810202000000000e+09
1.603810202000000000e+09
1.603810202000000000e+09
1.603810202000000000e+09
1.603810202000000000e+09
1.603810202000000000e+09
1.603810202000000000e+09
1.603810202000000000e+09
1.603810202000000000e+09
1.603810202000000000e+09
1.603810202000000000e+09
1.603810202000000000e+09
1.603810202000000000e+09
1.603810202000000000e+09
1.603810202000000000e+09
1.603810202000000000e+09
1.603810202000000000e+09
1.603810202000000000e+09
1.603810202000000000e+09
1.603810202000000000e+09
1.603810202000000000e+09
1.603810202000000000e+09
1.603810202000000000e+09
1.603810202000000000e+09
1.603810202000000000e+09
1.603810202000000000e+09
1.603810202000000000e+09
1.603810202000000000e+09
1.603810202000000000e+09
1.603810202000000000e+09
1.603810202000000000e+09
1.603810202000000000e+09
1.603810202000000000e+09
1.603810203000000000e+09
1.603810203000000000e+09
1.603810203000000000e+09
1.603810203000000000e+09
1.603810203000000000e+09
1.603810203000000000e+09
1.603810203000000000e+09
1.603810203000000000e+09
1.603810203000000000e+09
1.603810203000000000e+09
1.603810203000000000e+09
1.603810203000000000e+09
1.603810203000000000e+09
1.603810203000000000e+09
1.603810203000000000e+09
1.603810203000000000e+09
1.603810203000000000e+09
1.603810203000000000e+09
1.603810203000000000e+09
1.603810203000000000e+09
1.603810203000000000e+09
1.603810203000000000e+09
1.603810203000000000e+09
1.603810203000000000e+09
1.603810203000000000e+09
1.603810203000000000e+09
1.603810203000000000e+09
1.603810203000000000e+09
1.603810203000000000e+09
1.603810203000000000e+09
1.603810203000000000e+09
1.603810203000000000e+09
1.603810203000000000e+09
1.603810203000000000e+09
1.603810203000000000e+09
1.603810203000000000e+09
1.603810203000000000e+09
1.603810203000000000e+09
1.603810203000000000e+09
1.603810203000000000e+09
1.603810203000000000e+09
1.603810203000000000e+09
1.603810203000000000e+09
1.603810203000000000e+09
1.603810203000000000e+09
1.603810203000000000e+09
1.603810203000000000e+09
1.603810203000000000e+09
1.603810203000000000e+09
1.603810203000000000e+09
1.603810204000000000e+09
1.603810204000000000e+09
1.603810204000000000e+09
1.603810204000000000e+09
1.603810204000000000e+09
1.603810204000000000e+09
1.603810204000000000e+09
1.603810204000000000e+09
1.603810204000000000e+09
1.603810204000000000e+09
1.603810204000000000e+09
1.603810204000000000e+09
1.603810204000000000e+09
1.603810204000000000e+09
1.603810204000000000e+09
1.603810204000000000e+09
1.603810204000000000e+09
1.603810204000000000e+09
1.603810204000000000e+09
1.603810204000000000e+09
1.603810204000000000e+09
1.603810204000000000e+09
1.603810204000000000e+09
1.603810204000000000e+09
1.603810204000000000e+09
1.603810204000000000e+09
1.603810204000000000e+09
1.603810204000000000e+09
1.603810204000000000e+09
1.603810204000000000e+09
1.603810204000000000e+09
1.603810204000000000e+09
1.603810204000000000e+09
1.603810204000000000e+09
1.603810204000000000e+09
1.603810204000000000e+09
1.603810204000000000e+09
1.603810204000000000e+09
1.603810204000000000e+09
1.603810204000000000e+09
1.603810204000000000e+09
1.603810204000000000e+09
1.603810204000000000e+09
1.603810204000000000e+09
1.603810204000000000e+09
1.603810204000000000e+09
1.603810204000000000e+09
1.603810204000000000e+09
1.603810204000000000e+09
1.603810204000000000e+09
1.603810205000000000e+09
1.603810205000000000e+09
1.603810205000000000e+09
1.603810205000000000e+09
1.603810205000000000e+09
1.603810205000000000e+09
1.603810205000000000e+09
1.603810205000000000e+09
1.603810205000000000e+09
1.603810205000000000e+09
1.603810205000000000e+09
1.603810205000000000e+09
1.603810205000000000e+09
1.603810205000000000e+09
1.603810205000000000e+09
1.603810205000000000e+09
1.603810205000000000e+09
1.603810205000000000e+09
1.603810205000000000e+09
1.603810205000000000e+09
1.603810205000000000e+09
1.603810205000000000e+09
1.603810205000000000e+09
1.603810205000000000e+09
1.603810205000000000e+09
1.603810205000000000e+09
1.603810205000000000e+09
1.603810205000000000e+09
1.603810205000000000e+09
1.603810205000000000e+09
1.603810205000000000e+09
1.603810205000000000e+09
1.603810205000000000e+09
1.603810205000000000e+09
1.603810205000000000e+09
1.603810205000000000e+09
1.603810205000000000e+09
1.603810205000000000e+09
1.603810205000000000e+09
1.603810205000000000e+09
1.603810205000000000e+09
1.603810205000000000e+09
1.603810205000000000e+09
1.603810205000000000e+09
1.603810205000000000e+09
1.603810205000000000e+09
1.603810205000000000e+09
1.603810205000000000e+09
1.603810205000000000e+09
1.603810205000000000e+09
1.603810206000000000e+09
1.603810206000000000e+09
1.603810206000000000e+09
1.603810206000000000e+09
1.603810206000000000e+09
1.603810206000000000e+09
1.603810206000000000e+09
1.603810206000000000e+09
1.603810206000000000e+09
1.603810206000000000e+09
1.603810206000000000e+09
1.603810206000000000e+09
1.603810206000000000e+09
1.603810206000000000e+09
1.603810206000000000e+09
1.603810206000000000e+09
1.603810206000000000e+09
1.603810206000000000e+09
1.603810206000000000e+09
1.603810206000000000e+09
1.603810206000000000e+09
1.603810206000000000e+09
1.603810206000000000e+09
1.603810206000000000e+09
1.603810206000000000e+09
1.603810206000000000e+09
1.603810206000000000e+09
1.603810206000000000e+09
1.603810206000000000e+09
1.603810206000000000e+09
1.603810206000000000e+09
1.603810206000000000e+09
1.603810206000000000e+09
1.603810206000000000e+09
1.603810206000000000e+09
1.603810206000000000e+09
1.603810206000000000e+09
1.603810206000000000e+09
1.603810206000000000e+09
1.603810206000000000e+09
1.603810206000000000e+09
1.603810206000000000e+09
1.603810206000000000e+09
1.603810206000000000e+09
1.603810206000000000e+09
1.603810206000000000e+09
1.603810206000000000e+09
1.603810206000000000e+09
1.603810206000000000e+09
1.603810206000000000e+09
1.603810207000000000e+09
1.603810207000000000e+09
1.603810207000000000e+09
1.603810207000000000e+09
1.603810207000000000e+09
1.603810207000000000e+09
1.603810207000000000e+09
1.603810207000000000e+09
1.603810207000000000e+09
1.603810207000000000e+09
1.603810207000000000e+09
1.603810207000000000e+09
1.603810207000000000e+09
1.603810207000000000e+09
1.603810207000000000e+09
1.603810207000000000e+09
1.603810207000000000e+09
1.603810207000000000e+09
1.603810207000000000e+09
1.603810207000000000e+09
1.603810207000000000e+09
1.603810207000000000e+09
1.603810207000000000e+09
1.603810207000000000e+09
1.603810207000000000e+09
1.603810207000000000e+09
1.603810207000000000e+09
1.603810207000000000e+09
1.603810207000000000e+09
1.603810207000000000e+09
1.603810207000000000e+09
1.603810207000000000e+09
1.603810207000000000e+09
1.603810207000000000e+09
1.603810207000000000e+09
1.603810207000000000e+09
1.603810207000000000e+09
1.603810207000000000e+09
1.603810207000000000e+09
1.603810207000000000e+09
1.603810207000000000e+09
1.603810207000000000e+09
1.603810207000000000e+09
1.603810207000000000e+09
1.603810207000000000e+09
1.603810207000000000e+09
1.603810207000000000e+09
1.603810207000000000e+09
1.603810207000000000e+09
1.603810207000000000e+09
1.603810208000000000e+09
1.603810208000000000e+09
1.603810208000000000e+09
1.603810208000000000e+09
1.603810208000000000e+09
1.603810208000000000e+09
1.603810208000000000e+09
1.603810208000000000e+09
1.603810208000000000e+09
1.603810208000000000e+09
1.603810208000000000e+09
1.603810208000000000e+09
1.603810208000000000e+09
1.603810208000000000e+09
1.603810208000000000e+09
1.603810208000000000e+09
1.603810208000000000e+09
