0.000000000000000000e+00
-1.733881500003420228e-04
-4.145016485418828722e-02
-7.030726290481492669e-02
-7.858594397392959507e-02
-6.965208635428954409e-02
-2.407878234417903940e-02
4.626513546654997810e-02
3.919531829581046622e-02
3.002351743993258992e-02
1.814338816652849573e-02
2.199469474433612959e-03
-2.052511702807002791e-02
-4.825139655739896227e-02
-3.923105059695863872e-02
-1.776995477333631612e-02
-1.128085879805684755e-02
2.581689104099194054e-02
9.169164020463860254e-03
-4.804239162734713631e-02
-8.431467575458562180e-02
-1.038300093678179437e-01
-1.122275849302933892e-01
-9.637262072636243460e-02
-7.718893326925702070e-02
-5.748649360390079011e-02
-3.928806935831463676e-02
-2.321473939746354631e-02
-9.574648925829265522e-03
-7.995762529963812426e-03
-1.567811853147027534e-03
9.328811558524385816e-03
2.320771099657381598e-02
3.892965025228090070e-02
5.569020123955592538e-02
4.796254486456863475e-02
3.621342982075415051e-02
2.331084483744572111e-02
1.093155542811352632e-02
1.408557309938274216e-03
-3.572585641487435737e-03
-8.534541128861761194e-03
-1.088277016613137249e-02
-1.125469912468091138e-02
-1.150937907130167304e-02
-1.292680111936750365e-02
-1.686489855320782993e-02
-2.402839331153483471e-02
-1.024360160866244485e-02
-9.503473492992853267e-03
-1.710382471767157853e-02
-2.955882962523759261e-02
-4.497920244287634262e-02
-6.065932874170343325e-02
-7.395331888391165620e-02
-6.385935647943341564e-02
-3.921589568682737337e-02
-1.277609009630253922e-03
4.302491859070745051e-02
8.723143575039316033e-02
1.234685754641260402e-01
1.515187737484016139e-01
9.651532865503398284e-02
3.929279594186763092e-02
-1.256307414272317402e-02
-5.374132689384492068e-02
-7.608446143030356268e-02
-3.990350969059175412e-02
-2.303322372923943817e-02
-2.566505459418522150e-02
-4.550128368255634825e-02
-7.714811167498325517e-02
-1.219304306719397601e-01
-1.067241626013615274e-01
-6.781189611728599687e-02
-1.481385393747380874e-02
1.071227360239923598e-02
8.748102532212342908e-02
1.523988685927673004e-01
2.016039054483655946e-01
1.658788336254612972e-01
1.180504465028029415e-01
6.672010255331262130e-02
1.639518125363448320e-02
-2.629722779149634704e-02
-6.187097718773948429e-02
-7.715576573578175612e-02
-7.934451981242318652e-02
-5.793877004893044358e-02
-3.886538160056307589e-02
-2.477992923769356537e-02
-1.765374432824007300e-02
-1.945278925184990015e-02
-2.882417763783617914e-02
-5.047934384180496892e-02
-4.374231269319839299e-02
-3.138883613140208695e-02
-1.400001943125683823e-02
6.193785900379999987e-03
2.860793714598308668e-02
5.218938906950221224e-02
7.509708723110009032e-02
6.062856648913506064e-02
4.577731401360107810e-02
3.231957032816978881e-02
2.178723133728777128e-02
1.727581751249651631e-02
1.605642622518566043e-02
1.226767116868199281e-02
5.589543271136143687e-03
-4.576619286092764582e-03
-1.767092757377408674e-02
-3.338612555572773033e-02
-2.331920004575316341e-02
-1.696151082974317603e-02
-1.375506471935494801e-02
-1.289590892460612537e-02
-1.516620146676039838e-02
-2.022156995618829001e-02
-1.727679404414228514e-02
-8.436703868093253789e-03
4.522513332306132838e-03
1.889761383210331047e-02
3.258039941639179204e-02
2.666602782128357774e-02
1.257723711410285716e-02
-7.390764615744949140e-03
-2.954452702079635174e-02
-5.058704459689966626e-02
-6.602594653819604531e-02
-7.211068276963406021e-02
-6.696240812163534173e-02
-5.231714909434082017e-02
8.393984532610865301e-03
7.158584947192814241e-02
1.140293845868747269e-01
1.887025563561763875e-01
8.660039211921244373e-02
3.726814997680349961e-03
-5.845734484967479716e-02
-5.861393736506581575e-02
-1.750342757516776260e-02
3.249397306545276365e-03
3.093980849847799419e-02
6.746419608124565315e-02
1.047195863027425844e-01
8.239734443309476575e-02
7.820207558759673105e-02
-1.344601117372601351e-02
-7.732663898725267160e-02
-1.119603684520420472e-01
-1.158867270835939323e-01
-1.015309842735483414e-01
-7.693582123699371778e-02
-1.249050363527626217e-02
4.293116997672541402e-02
6.937301131570539070e-02
2.484416748879691994e-02
1.958981811382365379e-02
2.208866400731857027e-02
2.489389772847161453e-02
4.269213738591215446e-02
5.939713678982538880e-02
5.350065146078186729e-02
4.288978491594086506e-02
-2.452787068949735527e-02
-1.342962833153560354e-02
-6.364323411492822657e-02
-7.302141108269299963e-02
-5.505327905589485482e-02
-2.400996530158572284e-02
1.000214646481278891e-02
3.940332540298197017e-02
3.832473280574077990e-02
2.577053712652244144e-02
-4.067040137845889802e-02
-4.747741001977257014e-02
-4.698664908441685384e-02
-4.670210131270202680e-02
-1.609335962432290046e-02
1.334276051348481928e-02
4.760189098440292810e-02
2.870155749032043957e-03
-2.926953323539471796e-02
-3.985889255587693469e-02
-4.801808544369912113e-02
1.014707770704799117e-01
6.078990612467904953e-02
2.828550820595765458e-02
1.314880964761666604e-02
-1.991666811481351829e-02
-3.493336266693969350e-02
-9.407877798797592561e-03
2.705449300993922890e-02
2.713353427160480891e-02
2.591756361033148437e-03
-3.912190752431765617e-02
-2.920109310467822183e-02
-4.262471228782871435e-03
5.340751611809579913e-03
2.504779966041237316e-02
3.519629441755434129e-02
4.418904532252021511e-02
6.955368295319175331e-03
1.927044080002815463e-02
2.187044601869025939e-02
-8.996121300232218232e-02
-1.180013840432181382e-01
-1.247142121794553304e-02
1.083048697818167483e-02
1.622385777303669840e-02
3.613134238845727708e-02
3.395529966433574742e-02
2.523015473120615582e-03
3.651529476273474017e-02
4.107431323702304127e-02
-9.263071622235941049e-03
-7.457478533125261322e-02
-4.968045342372384710e-02
1.638255978723091033e-02
5.583864037706032235e-02
1.064425622763227608e-01
9.163896547946226434e-02
6.254755724519078797e-02
2.512328589124646072e-02
4.573395117790646225e-03
-3.627652095641309415e-03
-3.859926201808860924e-03
1.732097356697437363e-03
2.979359769520684154e-03
-1.525092180544440623e-02
-3.711750769997212984e-02
1.668459132678101753e-02
3.583690368026104522e-02
2.334454659022267009e-02
4.580861647057865582e-02
2.156077277886048194e-02
-1.782118201769478105e-02
-2.770674323998356670e-02
-3.798501085424366153e-02
-4.677245828153697715e-02
-3.185501875256058213e-02
-2.417573874419165492e-02
-4.943483946649784855e-03
1.557853690226185250e-02
2.159035699774403128e-02
2.950627756488088949e-02
3.896903992269251660e-02
6.059121325459759788e-02
4.107974902442190768e-02
3.645967216019840862e-02
-1.968570518310031048e-02
-8.992045503678269824e-02
-1.181801154597987846e-01
-1.111557993348704088e-01
-8.860230051130013607e-02
-5.054089436939523949e-02
-1.812511304718000815e-02
3.051651522636866787e-03
2.273680432284308495e-02
3.510449519367142557e-02
4.666739232476668775e-02
1.428631713266970138e-02
3.368472804832833845e-02
-2.897673458534999469e-02
-3.604536778766842531e-02
-1.831099454756035527e-02
-3.225332029392458111e-02
-4.073634958657201821e-03
3.092594615034638394e-02
4.821238318607878881e-02
4.107118920179075872e-02
3.192387848216071689e-02
-7.110237905836314098e-03
-4.066105949988063628e-02
-6.397328703068794198e-02
-5.850926286849400526e-02
-3.276464633831555062e-02
-5.223362132138475999e-04
2.873343701018438168e-02
1.633299063789817041e-02
1.535971694290871881e-02
1.191782493116910757e-02
5.652370617919011409e-03
1.028796752759397748e-02
8.923691400350541869e-03
1.501910471218081966e-02
2.696683373929431582e-02
3.577115156426291520e-02
-1.589110529617077106e-02
-4.354392399988959994e-02
-5.541734240514450960e-02
-5.239879089759824637e-02
-4.484461564919950405e-02
-3.401996656437411559e-02
-1.855893715701295577e-02
-4.122962549024222767e-02
-1.079631787192525394e-02
1.390787145044747319e-02
3.899517696552479151e-02
2.502174059468220690e-02
5.121587434668750660e-02
7.446133821644984607e-02
3.545048003379935864e-02
9.708479256357094300e-03
-2.951060836681662636e-02
-2.297748798860865804e-02
-4.812546146771978783e-02
-1.272484638148529967e-02
-1.265144019331021497e-02
1.483816090908618435e-02
1.860350289896484099e-02
2.271966392608337770e-02
3.111840305884072677e-02
1.489061378482858800e-02
-1.371239357772324752e-02
-2.408981314522673500e-02
1.868366368317619930e-02
8.360190982975357343e-02
3.581437055794101099e-02
9.644411311901635031e-03
7.736903418189555737e-03
-5.799999031749436540e-03
1.335326285051241513e-02
4.109163130075721426e-02
7.323663930065116290e-03
1.156301082523203405e-02
3.937474467613277795e-03
-1.169803925745771522e-02
2.865934448273321777e-02
4.222626179070498864e-02
1.003850588312893422e-02
-2.348967178194971694e-02
-5.265752767641629362e-02
-6.077023450304519514e-02
-3.465539445154597331e-02
4.134795900291976523e-03
2.318915973294455313e-02
-2.942865127899718658e-02
-6.939563782620794541e-02
-7.511932980945701388e-02
-2.911397478214894363e-02
-1.104213515370666698e-02
1.216785182721658032e-02
2.094056878360461837e-02
-3.600417259475285903e-02
-6.618992085972141837e-02
-3.390988361672508944e-02
9.301459968489744767e-03
-1.386023864746466217e-02
4.328401201547649180e-04
1.328611583881311731e-03
5.258999963281496548e-03
-9.094260121511155148e-03
-3.623127578988949438e-02
-5.460420053936498874e-02
-3.779179650887876107e-02
8.577223513127840704e-03
2.846187181144266276e-02
2.214316923370152068e-02
-1.754678684202826133e-02
-4.651670111317507406e-02
-3.419311432213500979e-02
-9.778589418441008263e-03
1.529189853348711381e-03
8.564372923199670140e-03
2.839457087207541974e-02
3.786634789760157105e-03
1.737896347053258239e-02
2.126391200722199670e-02
1.311201216158686123e-02
2.767259510428665692e-03
-1.233468143484994783e-02
-2.508978411294382482e-02
2.304916765247710941e-02
5.229402381096726060e-02
1.317110982453240098e-02
-5.205389317848663211e-02
-6.615770762203876387e-02
-5.359959901098054758e-02
-5.394157179067438079e-02
-3.051170651444579107e-02
-1.239038766932232249e-02
-1.486155110125064738e-02
-2.109428589821327193e-03
-3.515433663660427754e-02
-1.113144376485131204e-02
8.020067290134491600e-03
7.874486869784647070e-03
1.310805938576731222e-02
2.945096311442085835e-02
3.591619025033843116e-02
5.387113196299875284e-02
1.336218510957909444e-02
3.349747495202670677e-03
-2.424395306051696508e-02
-3.361924159399887202e-02
-4.617692988104948881e-02
6.554892434370351850e-03
3.119314806412720742e-02
5.196755494916693863e-02
3.429138607116488657e-02
2.214919962272698939e-02
4.184959240420838000e-03
-1.652074334088560192e-02
-4.824256156170836363e-02
-7.443109192739782998e-02
-8.398946093383852229e-02
-2.374079669450956942e-02
-3.877973321039274168e-02
-1.446788586910763286e-02
3.125458662510371965e-02
1.897169827598599312e-02
4.010398728667308177e-02
1.414083358584061756e-02
7.285795889435675576e-04
-1.263407900904756076e-02
2.712854857948698850e-02
8.563775683851293508e-02
8.997157771958086414e-02
6.848754166877135674e-02
4.138879995060751327e-02
7.287025155680026955e-03
4.228041262424575564e-02
2.734299006182716596e-02
-1.755436729358628156e-03
-6.015212427337601753e-03
-3.096374372101529104e-02
-1.787150727745423495e-02
5.451293357215725166e-03
1.333215366299889126e-02
6.957520534713879101e-03
-4.389874939897175921e-03
-1.914459988188710327e-02
-3.853937277625973934e-02
-3.286387333686757728e-02
-1.006124593636137377e-02
1.480880821364216615e-02
3.158086277020277777e-02
3.235566853780991181e-02
5.897447605217376321e-02
4.586709405953381946e-02
2.915391961382773900e-02
3.592241153876507553e-02
3.882530954175411608e-02
2.257725703496316072e-02
1.723852894793687085e-02
-3.640567559344276560e-04
-2.212726687308386175e-02
-2.297585513279276626e-02
-3.849725044999274814e-02
-3.813572604337700511e-02
-4.356002996909147384e-02
-4.954888191524542407e-02
-1.847335142165018596e-02
-8.557960738035497172e-03
-2.172416464031634575e-02
-4.311046378137639579e-02
-5.731534033639462677e-03
9.375378390113375815e-03
5.062740807507282170e-02
6.831777842189445948e-02
5.138757302979168884e-02
3.176214469540550311e-02
1.517706718987099634e-02
3.565229850438278447e-03
-2.285677562499088822e-03
1.263964146964724478e-04
-8.769803739982151569e-03
-2.643759370877507564e-02
3.962174267431173291e-03
1.483186333367658705e-02
-3.866222750538383934e-03
-3.862884240134256686e-02
-4.327729706932625930e-02
-5.256275724248382630e-02
-4.395446491133725431e-02
-2.781552776741236244e-02
-3.771632032063187978e-02
-2.719513881979906955e-02
-1.549570927023502520e-02
2.332454629676128377e-02
4.331969169385985197e-02
3.739821545862920260e-02
3.597793841189123043e-02
3.575251458315253927e-02
4.442089432452966946e-02
9.610493701941891231e-03
-3.007871660131034020e-02
-1.003779027672813129e-02
1.039093405626356770e-02
2.995773348866492825e-02
1.737628421178705196e-02
2.764274655116416568e-03
-1.253113347093393060e-02
5.184518767995527355e-04
3.306406306055098554e-02
5.761777994127381675e-02
1.963394537849083576e-02
1.350617993032710018e-02
9.832049873582882071e-03
3.946607750864661313e-02
3.163897832214868089e-02
1.253403802035446546e-02
6.946326432715643762e-03
-1.036503264319321715e-02
-7.470442448211045416e-03
2.039661193525432736e-02
1.369670452445337361e-02
-1.350088824570416790e-02
1.114939499217371122e-03
-1.142287571477496044e-03
1.897562470997815609e-02
-5.292153641692110000e-03
9.757376723520394535e-03
2.192037837292826197e-02
2.434343592548682267e-02
3.496589905790070674e-02
3.955785240313236528e-02
2.073112926983622373e-02
1.916098823168344012e-02
-3.288846078928209238e-03
-2.233869035786995028e-02
-5.425980206407832185e-02
-3.396474073209354572e-02
-7.806102049756624695e-03
1.183923829784649939e-02
-1.566206251798263338e-02
-1.426161154720517743e-02
-4.199454323302376224e-03
6.617373580108498743e-03
1.966630069500663325e-02
3.285884162376095929e-02
2.336211328680448673e-03
-6.028384187461099941e-03
3.234528028215422069e-02
3.910669253263776568e-02
1.356747170948580106e-04
-2.636148685457051499e-02
-1.567956208552878650e-02
1.775309261856961029e-02
2.120070517506178476e-02
-1.441500417783458943e-02
-3.412175602986255996e-02
-3.570909690974310990e-02
-4.656147181612446673e-03
2.065527381964393783e-02
2.896300300603815714e-02
3.954696242502198089e-02
-2.831989229795439655e-03
-1.575188073352151719e-02
-4.599281442586722335e-02
-2.615523416276577251e-02
-5.961766548344904493e-03
2.890919062940433548e-02
7.610778429508613385e-02
9.650781773099836869e-02
1.045793355407704794e-01
1.033869282176711479e-01
3.279700106823568717e-02
-3.570925530387825120e-02
-8.287106950708533759e-02
-9.832773898737290352e-02
-1.119695441825454552e-01
-7.956884798656727042e-02
-8.625317364084850169e-02
-8.694763257985727023e-02
-4.709965128107196364e-02
-1.153541591509110731e-02
2.599493778331218863e-02
6.016759959105844047e-02
5.770857212666502534e-02
-9.136255366975376546e-03
-4.454719881799995562e-02
5.700409566230213443e-02
4.106959949440103230e-02
5.263318957634766093e-03
-1.994717444981564114e-02
8.401681259961879533e-02
6.261000981233166840e-03
-1.121828513372324920e-02
-2.583063837818944108e-02
-2.006944947159627901e-02
-9.255453759192455720e-03
9.924424833315903527e-03
3.469026665157137757e-02
1.004470985899086344e-02
5.413063266845874466e-03
-8.855570769428311451e-02
-1.028660044167066800e-01
-3.425646280675653799e-02
1.674395038743714537e-02
3.595138633303474052e-02
6.609017238297099084e-03
6.333173473386466412e-03
2.190491632050495241e-02
8.675830538434681216e-03
5.102337294579761817e-03
2.197195712364852227e-02
2.659646033117901709e-02
-6.635218305989454279e-03
-6.962298136611622112e-02
-9.332846910180148114e-02
-9.047063428304902288e-02
-7.297280182787613256e-02
-4.252003320867370206e-02
-1.116126818408957888e-02
2.477679120831322024e-02
6.089789788000476989e-02
9.271870460256437241e-02
9.503286892702256239e-02
6.991640691305622823e-02
2.928487605039009622e-02
-4.564954460945180870e-03
2.218544403833089262e-02
5.188794113637573702e-02
4.806318251965802091e-02
1.982271929550716294e-02
-9.649738171044752733e-03
-2.385416744212864870e-02
-4.227738762825961061e-02
-7.588299737990844562e-02
-6.827627661135338144e-02
3.702350283569177947e-02
3.389122393766452745e-02
4.608477912358122097e-02
2.059426877479619833e-02
5.574948265689272375e-03
2.638783456228477320e-02
5.566469198734935730e-03
3.096802813534971222e-03
-1.008967104582758623e-02
-1.695966779928248513e-02
-7.373871546830557122e-03
1.273225794279220224e-02
9.819656087166173108e-03
3.772977312548775330e-03
-8.008777193477811807e-04
-8.327968891430614917e-04
-1.078511208527732634e-02
2.196578005953853108e-03
-1.285516038897327462e-02
-2.191257209265984329e-02
-3.743976158143613731e-02
-1.163252254548297060e-01
-1.118640096139955631e-02
2.388280563118883038e-02
4.528983547371545626e-02
5.714653273762682062e-02
5.225136551561426757e-02
7.750849159445927228e-02
-8.449620952824865583e-03
-5.033047049338801315e-02
-5.907869442069291210e-02
-4.848570055863898887e-02
-3.012841909996932799e-02
-2.264397221224090373e-02
-1.680240153751633159e-02
-1.379269679384886871e-02
-1.243693509609045122e-02
-1.059780927479270218e-02
-5.797653691711701640e-03
-4.649296190664564676e-03
-2.005273623576719899e-03
1.632030631384395747e-03
4.999614769852556151e-03
7.000521793105285440e-03
7.463725043455937680e-03
5.804756591377469022e-03
2.015156823820696275e-03
-2.514030189815663618e-03
-7.058155034028956720e-03
-1.093355028380926797e-02
-1.291317407387460037e-02
-9.290227207600310066e-03
-5.264555895657885287e-03
-1.345292933290664905e-03
2.062519120290318142e-03
4.435207129054319353e-03
5.031242616905906573e-03
3.201598294929830502e-03
2.564023127290759874e-03
1.544110720837821304e-03
4.617367397736771295e-04
-3.582725982891332706e-04
-7.653632537198973296e-04
-4.331406059536746511e-04
-1.913683963010726075e-04
3.140104324153014659e-04
1.009552835394167403e-03
1.720899687201793427e-03
2.313693656748050387e-03
2.545258597804078704e-03
2.263204483676339862e-03
1.711242674688584486e-03
1.177920630501816390e-03
7.497150543427366642e-04
5.721852616753508869e-04
6.956613232658170887e-04
1.315672329168293686e-03
1.648604808544895661e-03
1.720657426894867115e-03
1.623208355350236332e-03
1.446768100659134859e-03
1.320253879232069494e-03
3.265037071917831213e-04
7.636782346533976806e-04
2.370409008100260451e-03
4.971401830246691134e-03
8.521961529190491547e-03
1.289679409168975610e-02
8.220340875224607657e-04
-6.377521055342505463e-03
-1.041668135642837001e-02
-1.131480075370649985e-02
-8.694734128794401329e-03
-4.150068201389522926e-03
4.796644209298150940e-03
7.798438546607222577e-03
3.114580117226317668e-03
-3.460204200336214342e-03
-1.458745485565948741e-02
-2.572994526609395649e-02
-3.646387756574842598e-02
-2.610423527256777732e-02
-6.566446961719485387e-03
1.731647781490330829e-02
-1.907839574397396376e-02
2.137161716101232400e-02
5.762591526012084131e-02
7.053647465628376523e-02
3.004289633698853379e-02
-5.064829224217959336e-02
-4.251259920066452480e-02
1.386755367045378051e-02
3.534208023094720375e-02
-1.726007065148138508e-03
-2.293227659917462802e-03
1.223652214237347380e-02
6.063375891766753512e-03
-3.155160153901270803e-03
6.462402594219263108e-03
-1.835321402442069427e-02
1.269057953777519288e-03
1.576555244835908809e-03
-1.533108905761526586e-02
-4.171137730594409732e-03
1.208436903897425196e-02
2.823483896765743850e-02
2.541425030094668358e-02
2.550715759432797825e-02
2.779982275023584748e-02
2.758743187259682372e-02
1.092981124924463643e-02
7.657388844100054826e-03
1.545396493294592943e-02
6.506737433105591606e-03
-1.613826485542002587e-02
-2.795468961336755598e-02
-3.723027779617194000e-02
-2.415598568280863390e-02
-7.145657473355271350e-03
2.746938125471753978e-02
6.205656634404110861e-02
6.658043210012909441e-02
3.410393276960022035e-02
-3.375294154791497192e-02
-6.446317153488756446e-02
-7.105817245035517260e-02
-5.504126290432864721e-02
-3.170619235013205639e-02
-3.668678721191476200e-03
1.439296984652305156e-02
3.259593671336702414e-02
4.443197150766398096e-02
5.395110728519991738e-02
3.204835379080961388e-02
-6.772346264797057813e-03
2.203159140773447433e-02
9.528973195590317857e-03
1.666073223007469295e-02
2.663104105437241742e-02
8.736483847961551419e-03
-7.269183622593544669e-04
4.311178781817304184e-03
1.566271333640489871e-02
-4.276303052808572147e-03
1.215816198090902134e-02
-1.198040545604683871e-04
2.125197849566440311e-03
-4.408141579226310114e-05
-2.699112577753215447e-02
-3.863162436246714293e-02
7.855970792739697117e-03
1.682320848250018486e-02
3.435683433677017007e-02
3.072167683341309186e-02
-2.121065037016123256e-02
-1.669542414919700235e-02
-1.996691757447788262e-02
-1.721293357139508373e-02
-1.754180568968521925e-02
-7.186286249291740091e-03
8.996969387982112210e-03
-2.596202609697506603e-03
-4.850206271132506686e-02
-3.520126233167353291e-02
-1.666203997742154996e-02
7.068178508951028505e-03
3.183237107197189886e-02
5.129809292242537566e-02
4.852463116652039332e-02
2.731093079685997793e-03
-2.736487157002631676e-02
-5.730551834450814397e-03
-2.229259301050223741e-02
2.533019911528189283e-02
-2.004376934078511141e-02
-2.123928540237596252e-02
-2.526416060513536621e-02
-6.392630058133441651e-02
-5.168374223952465485e-02
-8.334397441124519190e-02
-8.638186517361390315e-02
-1.883400719999084316e-02
4.406200333416343540e-02
6.093578781588782078e-02
6.406170153839951809e-02
4.541945427404492364e-02
1.526774774947980973e-02
-1.687878803740971989e-02
-4.001500444400019063e-02
-1.184969765242804840e-02
2.074843308515195162e-02
1.451698032425152718e-02
-2.427621424036541242e-02
-4.540571680273508548e-02
-7.213574390440413708e-02
-7.672247744629157040e-02
-8.018510348013041522e-02
-7.751204613458817505e-02
-7.031945538170880639e-02
-6.472486540500632657e-02
3.518448914904936942e-02
7.483245702605501037e-02
1.200834515768853805e-01
1.006807920809977830e-01
4.510142572469799660e-02
4.987535727951808440e-02
1.559620112653092860e-02
-1.023401573158011502e-02
-2.066816105421676042e-02
-2.513819023874130920e-02
-4.041454497547736224e-02
-3.699368940194069921e-02
-4.266159846050765481e-02
-4.670225602223609940e-02
-5.082189750098287107e-02
-5.649607078879359534e-02
-6.706211375615644954e-02
1.373449937516291186e-02
6.468811221095638331e-02
5.472588150670620877e-02
8.031169232090196175e-02
9.182665916867360778e-02
7.723975709390273892e-02
5.227672632104329864e-02
2.310141940272725236e-02
-5.919918308697091902e-03
-3.144232810449842930e-02
-1.720360535555265358e-02
-4.721556386732217447e-03
3.422209066068049310e-03
5.512317872088168258e-03
-1.203320768514259953e-03
-1.772511155446920839e-02
-1.057724903341394906e-02
-4.523243553975042630e-03
2.371194045899471803e-03
1.065099392370960629e-02
1.966152365220885656e-02
3.307048438172088822e-03
-5.288097816529280237e-03
-5.686765804719051687e-03
-2.372845331690243142e-03
4.823102877777341035e-02
4.478581352905663948e-02
2.133804016504114998e-02
-7.936920146558001932e-03
-4.444746996873583100e-02
-3.386376285550785070e-02
-3.310525947909148670e-03
1.879742707550757785e-02
3.447638888561144199e-02
3.124547923298059970e-02
2.499256546385275612e-02
2.092092507686249547e-02
-5.446630069199542845e-03
-1.852311021734731611e-02
-3.628419686727646365e-02
-4.233271096388069310e-02
-3.300924740344957087e-02
-2.903874246801940728e-03
1.564716110781638747e-02
8.337343717714773561e-03
5.188688827149512406e-03
-1.299779001128875677e-02
-1.521854702260494463e-02
-2.885090117069033511e-02
-1.148504579198572628e-02
-4.185093120671723455e-03
-2.215957305733251559e-02
-1.405801044933685517e-02
2.967015900643410475e-03
-1.723782236254223221e-02
-2.182412474692796422e-02
-1.460628641800187921e-02
-2.447093958875523612e-02
-2.350052012615932995e-02
-1.473349199166484880e-02
-1.743356204232515694e-02
-8.148044433227141781e-03
-1.608054491188770641e-02
-1.127783898019352193e-02
-2.356193432690556477e-02
-7.765808273446417331e-03
3.747924013385972586e-02
6.805282057332817658e-02
1.054444398714045050e-01
9.629762069456759832e-02
6.003539130555246572e-02
1.179732245149800463e-02
-4.142910101136187961e-02
-9.285687423846500366e-02
-1.360644351135116281e-01
2.649645606879431625e-01
-8.225946544080819933e-02
-6.545094687313746107e-02
-5.063113768366456213e-02
-3.283643821246240435e-02
-8.842926154768004920e-02
-5.591135192177176805e-02
-2.338621043223199081e-02
-5.414696143779096360e-03
2.160667797910686971e-02
9.632508215791091288e-03
-3.307974872441832304e-03
8.343974670932396975e-03
5.305671997867911216e-03
-8.142291822884395458e-03
3.129724318847948439e-03
3.991090976720457206e-03
6.866863390337485384e-03
6.925154061711680242e-03
-1.593675110641257220e-02
-4.515841399062114903e-02
-3.367772382028988432e-02
-2.762101291830543204e-02
-1.615961106910290823e-02
2.155538373279330955e-02
6.579420638783428643e-02
7.544743838915834999e-02
7.176724883816110179e-02
5.201085194300780756e-02
2.099115393193695667e-02
-8.073109916194809443e-03
-3.487207758540122882e-02
-1.927603549983114561e-02
1.948190663985815974e-02
2.445721261366706756e-02
2.869111071048813244e-02
2.379540002808067101e-02
-4.535925065004775547e-03
-2.272262393307489248e-02
-2.147791747228477988e-02
-1.810448891124671889e-02
-1.403952538861918953e-02
2.317351208629858661e-02
7.754414441582646589e-03
-1.251783536549933018e-02
-9.028561964207426627e-03
-2.090638631826013949e-02
-1.899171148519407382e-02
-2.529406324531446870e-02
5.691372915206827088e-03
3.099429441171075439e-02
2.921499063763288717e-02
3.478184696959552014e-02
2.405018664159275232e-02
9.754234271008854762e-03
1.798575650773770462e-02
2.064912489062553647e-02
1.058376611455180694e-02
-5.323158491457924413e-03
-2.439665681811131748e-02
-1.464144293529479057e-03
1.550898006799794615e-02
5.305804241747757999e-03
-5.401828298783328819e-04
-2.765054449199055853e-03
-2.828511993955018511e-02
-2.369851886148133246e-02
-1.100060889839138412e-02
4.497600407158408586e-03
1.972092797140856391e-02
2.398009061792905072e-02
3.998217606673115654e-02
2.872682520997749123e-02
-1.242994594564450495e-03
-3.043310010475419602e-02
-5.533618907758874883e-02
-6.806563576088286993e-02
-2.657880974629112103e-02
-2.442427472529118404e-02
-1.793713758031945105e-02
-1.694796066818415881e-02
4.021496556108061782e-04
8.563198328939591875e-03
3.342059781109796290e-02
3.627176126699716008e-02
1.178182931568727554e-02
-4.738393230550030921e-04
-1.955753690270789491e-03
1.941545170712188906e-02
-2.421854149284641267e-03
-7.899992775517006294e-03
-2.066709648735898242e-02
-1.921726916219856918e-02
-2.019320833835802631e-02
-2.167837645357906240e-02
-1.145482705469547113e-02
-3.302912839789051702e-02
-3.880858332352143947e-02
-2.738124999659952152e-02
-1.633174964144057384e-02
-1.305905764600190366e-02
2.240103888138644805e-02
6.769076748938829269e-02
1.239404737570444226e-01
1.350484611009967750e-01
6.952504584272212185e-02
2.143880851381130270e-02
-2.321577210313652273e-02
-3.031540265546972535e-03
-4.304477858251765099e-02
-1.942131430996241193e-02
-2.162081696511997109e-03
6.553518753810827491e-03
9.092992806280619789e-03
7.989894843681177861e-03
5.078293193959027008e-03
1.595017777709983875e-03
-1.772180483536445195e-03
3.643257732948157468e-04
2.399309031702934192e-03
4.167913340461737448e-03
5.554882622747392418e-03
6.407172493039681171e-03
6.526321653868905059e-03
5.827195259598738630e-03
-2.419148553862271456e-02
-9.119491422802106229e-03
2.460574049640840144e-03
1.015615002102432385e-02
1.468537538315040081e-02
1.695723958019268451e-02
1.767748391885071158e-02
8.870994469106996405e-03
2.633669901643820310e-03
-1.600615980214215028e-03
-4.018356556528601686e-03
-5.123505947177697806e-03
3.383255177164201655e-03
3.002305873210708853e-03
-5.443998643087866185e-03
-1.752262831604411986e-02
-3.178764181975690661e-02
-4.552255587953801808e-02
-3.457943062894575093e-02
-1.567558976889760203e-02
7.295823105260446084e-03
3.140063072201026984e-02
5.269588908740630018e-02
6.857222968385023876e-02
4.334949327602100055e-02
1.796285435812539077e-02
-5.335703806160552176e-03
-2.556744069315808332e-02
-4.147778903673948747e-02
-1.154457517209461770e-02
-2.668077400453494619e-02
-2.930109132138447592e-02
-3.526046777006275335e-02
-4.236765472887871198e-02
-5.263467760885021107e-02
1.440518688485958876e-02
4.831250688499011403e-02
5.535665201058659335e-02
6.417399374587873240e-02
4.234536274801747879e-02
2.312830109487862273e-02
2.191547532698567835e-02
-8.664518340368410065e-03
-1.279440422851774173e-02
-2.315347502267250945e-03
1.331217280224450406e-02
2.934555920218073766e-02
-1.184150612691592386e-02
-4.540595433064087416e-02
-6.747174205070471942e-02
-7.557282764481776383e-02
-2.434569034746125737e-02
3.375529788856734825e-02
5.904656959620346868e-02
6.111113729038830655e-02
5.653921826258567762e-02
4.883291115828214402e-02
3.173687396831148533e-02
6.356626987414237817e-02
4.964603740877926441e-02
4.473790337541139195e-03
-1.771710449761609851e-02
-2.394940318583493877e-02
-2.354282177121547193e-02
-3.630015029380029290e-02
-1.019397024109665040e-01
-4.801847429300920567e-02
-4.713373649854712966e-02
1.034216943043730907e-03
3.918614930029207244e-02
6.823445189249532916e-02
1.827476653078807800e-02
-2.737089536559356162e-02
-4.966393474257912999e-02
-5.984377561676090806e-02
-6.119731824637941742e-02
-6.268239807250797213e-02
6.668373947267980384e-02
5.609721891032481977e-02
9.264557753550839436e-03
1.376365614829211381e-02
2.398076275481919595e-02
2.282545064495167253e-02
1.181741254911550243e-02
-2.173116128562746496e-02
-1.740988165596579762e-02
9.099696451661642982e-03
3.064850416333531058e-02
1.282562982588064671e-02
-2.785024286184878406e-03
-1.850153281957567231e-02
-3.704848523070403132e-03
-6.240158698362918699e-03
-1.377354010409170826e-02
2.811149797259560046e-02
3.312926485446077152e-02
4.514827516862052192e-02
1.534620760573979226e-02
4.131249497520528280e-03
7.285610366496442225e-04
1.469339217907794648e-02
1.175165082878315559e-02
-2.812617169650089011e-03
-2.932622637321813386e-02
-2.834292501625679250e-02
-8.978346928959268780e-03
1.255548802040529210e-02
5.018679368600587054e-02
6.375138281506220750e-02
7.453740135434028247e-02
2.739439932490306262e-02
-1.100973383755743384e-02
-3.554887059544320493e-02
-4.479659165418237166e-02
-5.176667513912480700e-02
-4.917836739895165010e-02
-4.855928987575097722e-02
-3.138095584715294706e-02
3.266931447497789520e-03
4.113943834709665737e-02
2.563639646718662846e-02
1.576295136045313683e-02
2.859093011386271144e-02
9.579784480957087567e-03
2.628656343902413539e-02
9.553643426718494425e-03
-1.137916995239862672e-02
-5.805536101233244040e-03
2.041933570102916207e-02
8.026629611017632726e-03
2.357421407017668002e-03
7.597130901746851350e-03
2.135040592492032374e-03
1.391644613147313692e-02
-2.954218319357160283e-03
6.053396611740424760e-04
-3.732066682939461089e-03
6.448400658268127472e-03
1.083212001404554314e-02
2.014517589966668965e-02
1.519766101378206002e-02
3.714049482855763529e-02
3.014491484840053914e-02
2.807829206137490985e-02
7.797665094706474065e-04
-2.553217450066824767e-02
-7.070959615800997966e-02
-8.452520980112332438e-02
-7.381510043332362159e-02
-5.534151982069879239e-02
-4.357481658731643392e-02
-2.412904669950499681e-02
-3.883833769559252858e-03
2.048604894971894907e-02
4.389448773810578075e-02
7.070105621419919828e-02
8.786490372532096416e-02
8.499585946284859972e-02
3.092518805069666143e-02
-2.667046917887816448e-02
1.552490322280508650e-02
1.001164381484898058e-02
1.767143507566171223e-02
3.301301892411956374e-03
-4.524339801209897871e-02
-2.955671897244815938e-02
1.312780482984976516e-02
-2.077839995257235728e-02
-4.383831621111244914e-02
-4.462515448974979648e-02
-3.952292192999173892e-02
-3.289077625988223730e-02
1.317984971480345990e-02
2.084192484585578597e-03
1.155976521911306065e-02
-2.209060625085701446e-02
-2.019559809883819668e-02
-1.695776354871281200e-02
-6.950951973226260350e-03
-8.235042540104764441e-02
-3.406497136775143986e-02
-3.189985687337415499e-02
-1.327874974065323954e-02
-3.657538939286553159e-03
3.597222988539439115e-02
5.166301457121136309e-02
3.710886567480287113e-02
2.354517415539891800e-02
-9.374413437437389973e-03
-2.667057814951601102e-02
-2.684897469139269077e-02
-1.624251347025840175e-02
4.949013297314230897e-03
3.045206507692199693e-02
-5.714658454943233323e-03
1.793755593049617403e-02
7.191721514500581947e-02
4.991233505888637012e-02
2.109542037764899902e-02
-6.712258048011676692e-03
-1.049935549925518075e-02
-1.052999568866841429e-02
-1.242563129115215048e-02
-6.033298274824794305e-03
-2.857014184857398220e-03
-4.475844792416694418e-03
3.986361186941955737e-03
1.862179025003385391e-02
-1.054642221091306453e-03
-4.367405665838042239e-02
-1.329879952129076059e-02
2.437613963229523506e-02
4.631428468109710650e-02
3.843895881041881069e-02
5.778880868767188872e-02
5.702704247217216249e-02
2.318072990369213215e-02
-2.371137744178586360e-02
-4.369162902071899168e-02
-3.424070216655383803e-02
-2.532044734296334809e-02
-1.672477965533314404e-02
7.683331311258534413e-03
4.311225453531708496e-02
-6.510009432395769124e-03
-3.392229651670675139e-02
1.296453912276707143e-02
2.732856463752320053e-03
4.206242922940983675e-02
1.092099207401808769e-02
-1.281371463301628211e-02
-1.998621690152813102e-02
-1.621671604843033521e-02
-4.734979976672271107e-03
7.910220501121223435e-03
2.103381934042403145e-02
2.361709232237529932e-02
1.807119659295519654e-02
3.037052450541732895e-02
3.320882092595933699e-02
-4.642906034755256428e-03
-6.361890043350992840e-02
-9.354212558069097128e-02
-9.959210222746239793e-02
-8.462064667153157416e-02
-6.189267191781855360e-02
-3.712019299248048299e-02
-1.549986841247896763e-02
-1.836531907724037183e-04
2.141889519141848552e-03
1.155485428505187429e-03
-9.976691750370747513e-04
-2.269818415220115071e-03
-1.107168797013002859e-03
4.110107093660886335e-03
7.528327114932231723e-03
1.164857204711111649e-02
1.573560124173667418e-02
1.913752002429269794e-02
2.108019018824958124e-02
2.143018714604671970e-02
1.536816948052432963e-02
1.014476784934892351e-02
-3.337480737515274853e-02
-2.265482666139906343e-02
-1.358944059920386138e-02
-7.042534864452498766e-03
-3.016526552257481342e-03
-3.384682234290892211e-04
6.347315760265814788e-03
6.941940359907583513e-03
3.175062501409087190e-03
-3.141696052224141056e-03
-1.075339474938896700e-02
-1.893030165497755490e-02
-2.678464313185546786e-02
-2.029545965898904569e-02
-8.156170286913067002e-03
7.482570047274705871e-03
2.445686930213319954e-02
3.924343804836194494e-02
4.832327696463512012e-02
3.309879699199935743e-02
1.383008591428058764e-02
-5.769213900723713095e-03
-2.138912667309433857e-02
-2.819999708733078592e-02
-1.709145254822619364e-02
-5.217454032834467625e-03
4.475334505004369134e-03
1.038687331445764528e-02
1.067907872163420535e-02
3.562067274212488144e-03
-2.997558493246010869e-03
-5.329562410909538528e-03
-4.646986143397313640e-03
-1.649445170633256907e-03
4.230135494108999694e-03
1.275513001589434481e-02
1.570750732945391803e-02
9.828012382794071300e-03
-9.272178234063233049e-04
-1.532740437395752053e-02
-3.052817941738439345e-02
-4.482460463912740778e-02
-4.710236464949169033e-02
-4.095615014248288333e-02
-2.757921022764975305e-02
-9.368604930634738537e-03
1.007442339384923002e-02
2.794488535753369973e-02
4.143560646719635088e-02
4.770022236001025817e-02
3.566104129496672215e-02
1.734904217754618116e-02
-3.926930835101316575e-03
-2.586072467230060568e-02
-4.484371008173404505e-02
-5.693341491092240858e-02
-4.416976779979098211e-02
-2.697965650177458485e-02
-8.262649666662014170e-03
9.466270418986511004e-03
2.253727204761535319e-02
3.045030263897974265e-02
2.740130474969060259e-02
7.648563212145909063e-03
-4.820299497390045929e-03
-1.092552854519368566e-02
2.932188525221857134e-02
6.043127952471305520e-02
5.534044926861358960e-02
2.675787273135288302e-02
-4.146257144642895298e-03
2.681256607265147807e-03
-5.354926085666456004e-03
1.058400264026015947e-02
-5.500176028969683273e-03
1.667098585990789417e-02
3.725582070965316461e-02
4.055508374209093603e-02
3.319546589697086603e-02
3.425697596226040531e-02
3.325371019712264342e-02
-1.297368650247765487e-02
3.081012339340105655e-03
-1.791875257303399138e-02
-3.272808729352050250e-02
8.842165069586904735e-03
-3.938425914587195820e-02
1.548158861603887715e-02
-2.610465589827626331e-02
-1.500951004001382927e-02
-4.349222644418215822e-02
-2.910954939529020180e-02
-5.131965249142211860e-02
-2.842870431515809315e-02
3.098012544528838674e-02
3.174610877879757709e-02
6.820531693825948594e-02
5.649155448955056613e-02
3.771886534162049998e-03
1.084951790430466190e-02
2.540556594005494162e-02
-7.810619433781695875e-03
-2.856632281847915067e-02
-3.466803320961098223e-02
-3.292256323742481783e-02
-2.682632893345004987e-02
-1.895058944179339733e-02
-1.096551455058314417e-02
-3.773496233975492942e-03
2.086460360539277303e-03
1.838315875473561789e-03
1.253165702772562895e-03
7.796587243795727318e-04
7.523909431350617183e-04
1.502628455670951269e-03
3.511001213652864550e-02
2.497746844919479514e-02
5.435100039212770184e-04
-1.552194864333600322e-02
-2.347011756634032054e-02
-2.490392400559660047e-02
-2.240585703792330463e-02
-1.747095156779554515e-02
-3.804537633753035664e-02
-2.197582001965248111e-02
-1.531751451777640938e-02
1.554838148293580247e-02
3.175936848868410323e-02
3.787298275972439399e-02
6.497419761795431015e-02
7.993412851332415414e-02
8.677645232932285069e-02
8.091925942073974198e-02
7.444950321932264359e-02
2.010064234657615856e-02
-3.432163139611876801e-02
-1.133295880205169581e-01
-9.959938660131939514e-02
-6.996088097162456165e-02
-3.944305989903718057e-02
-4.710372777471327765e-03
2.344693498913663632e-02
4.820743328555909812e-02
5.835802879448870328e-02
6.968935816097232561e-02
4.127066029436310401e-02
7.589961864195693408e-03
3.931919735757904988e-02
6.248749068522840844e-02
3.883058821219442791e-02
-2.937664082122370957e-02
-6.301073367205223263e-02
-5.841087148357004821e-02
-4.906818405953572437e-02
-5.376425961265240971e-02
-7.202319756401021067e-02
8.058585002769458328e-02
5.417957401340611767e-02
8.892963022434585696e-03
-2.861400013762427363e-02
-5.101172293163713789e-02
-3.946077690598404075e-02
1.917112520220420890e-03
3.676985815881828046e-03
1.460598284929748303e-02
2.755655430429992947e-02
2.788867044109277771e-02
5.138806108863747113e-03
1.823461840194351424e-02
-1.413801660062485865e-02
-2.237093049297467218e-02
-1.676260492889891651e-02
2.996203666410401922e-03
-9.230222600320914239e-03
-1.397558674628740505e-02
-7.920891350847725221e-03
-5.047809741670405970e-03
2.374808527708527350e-02
3.937156068986968904e-02
2.870842766074943597e-02
3.128192148353292623e-02
-4.577355066498434155e-02
-7.870356439975800811e-02
-4.955820609677541455e-02
-6.661850333614971476e-02
-2.948823233011754752e-02
5.024877396649252148e-03
4.026277297155544943e-04
4.096053513253039569e-03
1.495188242803013878e-02
3.150333125370430309e-02
4.063454546930778122e-02
4.547981905046327711e-02
4.479716785694076719e-02
4.398361786130422502e-02
2.026956642049704271e-02
3.982595477513228843e-03
1.975705476908284908e-02
3.358114016116875433e-02
7.029714550280630192e-02
5.547283175323336479e-02
-5.116740942998632136e-03
-2.518765448778914617e-02
-3.497655771889185417e-02
-4.227548671467129537e-02
-4.284578837322250422e-03
-4.935984025342676773e-03
-2.519879863596941050e-02
-2.174514203602306850e-02
-6.725190714031548112e-03
-5.887614091566462093e-03
-1.823095001786789737e-02
-4.075838016867727731e-03
-9.041670448244332192e-04
3.122430952999355469e-02
4.182985283048612501e-02
7.223708408363727074e-03
-2.681891319171025856e-02
-5.656263535862482428e-02
2.380039555500701454e-04
3.114291521745204960e-02
3.840387127103106479e-02
3.176859898184325459e-02
8.078734239407303619e-03
-2.358636164704552840e-02
-2.437647167502721146e-02
-6.162102405131442140e-02
-4.552078176487661665e-02
-3.334631023441847475e-02
-1.813404440093258074e-02
-1.094251336052742829e-02
-3.840107010398163823e-03
-2.408164010490487783e-03
2.252818982311666218e-02
3.407506204231580682e-02
4.509226290850953944e-02
4.177740058325074557e-02
4.752398146584368988e-02
5.418250800079338347e-02
5.683140087491178605e-02
6.622930064238552461e-02
-3.574720077269422092e-02
-6.408070292344270058e-02
-6.402172700283959017e-02
-6.321022909243545485e-02
-5.444162602574209586e-02
-4.282002833518205875e-02
-3.206286023575888322e-02
-2.247608374575982282e-02
-2.006074869428431384e-02
-2.271760584974025221e-02
-2.801010647618618066e-02
-3.400215846626153393e-02
-3.773429206203005037e-02
-2.846811116414560416e-02
-1.296164337920568954e-02
6.041870849994523951e-03
2.546012927792951075e-02
4.150024186196610287e-02
1.232850477644742426e-02
-1.458014560044507135e-02
-2.729392865856716810e-03
1.339676747938334245e-03
8.210193461470893794e-04
-1.871972918712216938e-04
2.834406442795867065e-03
2.019063016101441121e-02
3.300122982102671187e-02
1.594734518088003483e-03
-1.912520018713781411e-02
-7.039683211757097325e-02
-1.000733428349418475e-01
-1.119742565917833943e-01
-1.124582649505718734e-01
-7.896300198119909908e-02
1.888435045700909143e-03
5.877409644758291307e-02
9.541827105823852406e-02
1.174384707955082874e-01
1.023160686401816122e-01
7.606959241449917641e-02
4.396179077379525069e-02
1.129062910615097337e-02
-1.923982720590000639e-02
-4.544267089606268684e-02
-6.314572601473678048e-02
-5.366557087283219118e-02
-3.930562828332639924e-02
-2.289656532126116417e-02
-7.522430296184268173e-03
3.323431851800506820e-03
6.191460841847629126e-03
-7.321314100723341767e-04
-7.042500329362155753e-03
-7.846285082776738307e-03
-4.843207367644630779e-02
-3.871142258657478408e-03
