0.000000000000000000e+00
0.000000000000000000e+00
0.000000000000000000e+00
0.000000000000000000e+00
-2.730267174257384503e-05
4.614854992737446658e-04
-3.844698824747049826e-01
-4.412025495307856510e-02
2.636285006246663599e-04
-2.330018130079625075e-04
1.024713441452314161e-01
-5.625592812471169601e-02
-4.606800856709329542e-04
4.488638529869551320e-04
3.525073053766838299e-02
-5.527439419749050759e-02
1.759145663112670084e-05
1.498477384631177398e-03
-1.230397260527865341e-02
-4.359468461853125559e-02
-2.590798040804394428e-04
-2.523178722975764595e-04
3.907248720519965407e-04
-4.970652756799252836e-02
-3.913144244435106940e-04
-2.552883359750556642e-04
-1.384245761933809195e-02
-4.366999106872808400e-02
-1.449277145855813438e-04
2.490789171688749895e-04
2.888629233731118337e-02
-4.477587269571607631e-02
-1.367209662279303536e-03
-7.757938426759818269e-04
-2.427641610478178773e-03
-5.584022792926358891e-02
-7.481216480813873042e-04
5.900186642626049785e-04
3.141015772537331802e-02
-5.579962598908459748e-02
-1.333293298752705560e-04
2.288255478097201583e-04
-6.765893076585480226e-02
-4.213324567681545063e-02
2.108206275110615768e-04
-1.862463360136619277e-03
7.870026736146797097e-02
-4.388005413009422873e-02
-6.123568840144209000e-04
8.468928744112455814e-04
2.479170117783159599e-02
-4.664802660495328407e-02
-9.600374113043810267e-04
-1.120565926632851846e-03
-9.307488818475319337e-02
-4.642959072638286333e-02
-1.527777222872367608e-03
2.230389701996978106e-05
8.131319686599755570e-02
-6.510060642093640215e-02
8.523267228094464493e-05
3.183503006213906413e-04
-1.859297934313419373e-02
-4.665437794529809362e-02
-2.817569783164271952e-04
-7.158185122463955928e-04
-2.691333037541236359e-02
-4.924457105651142141e-02
8.910539053494598381e-05
-9.757998177188569413e-05
1.768536626475940288e-02
-4.149445473702634973e-02
1.688791675607991460e-04
-9.684972035294828934e-04
4.737555997537112006e-03
-3.756788077040184443e-02
-9.543495916564100155e-04
1.658911647999406359e-04
-8.522006715248003558e-03
-5.077923532878018259e-02
-6.211564209299094046e-04
2.196163095727910190e-05
-2.580611719764855719e-02
-4.666324392891506995e-02
-8.645279907108591871e-04
-6.326933847793308292e-04
3.109236917651870408e-02
-4.901205290075070359e-02
-6.608607314051654757e-04
1.922373176965713575e-03
-4.297975745432032479e-02
-5.106942933072528695e-02
-1.104280869726066575e-03
-7.124982127584829177e-04
4.272626317635862953e-02
-5.673675145983807233e-02
2.177471286049857246e-04
1.194747607025645154e-03
-5.166856370644771004e-03
-3.981381165449291576e-02
4.594879020477573585e-04
-5.665236832662311206e-04
-2.462290341484201645e-02
-3.905725730875747592e-02
-9.011128264554407871e-04
8.460003333344174323e-04
5.113923474640535982e-02
-4.742883784989457285e-02
-1.240107525665638897e-03
4.168315637202849640e-04
2.484902099961778729e-02
-4.204862848414411824e-02
2.936363904878819980e-04
4.049197437811212778e-04
-3.526434966558983364e-02
-5.331246475837457532e-02
-8.954985364355232775e-04
-1.285586453082472385e-03
4.961614701365500701e-02
-4.895156596982272457e-02
-8.520400989527713046e-04
4.783118375556441788e-04
-3.087495207009031961e-02
-5.381297339869953872e-02
-2.081838561588605452e-04
-9.264646548831523710e-04
1.078110126497623493e-02
-4.844848708672556264e-02
-2.376414905296528638e-04
5.333980804774448491e-05
-1.477170014906814023e-02
-4.557477742360587641e-02
5.308205967603921768e-04
-2.470797585737582894e-05
2.697506297454086224e-02
-3.592214214884236617e-02
-1.124603535727907626e-03
2.776281318943643324e-04
-1.004316333266448355e-02
-4.991730956388900492e-02
-8.238233049780163686e-04
2.179205651110813029e-04
1.637881479097460027e-02
-4.804122146271657540e-02
-9.267340591438408878e-04
8.968836182418400314e-05
-9.085713672169200977e-03
-5.658496472613596534e-02
-4.420324613209199670e-04
3.861896863325769242e-04
3.856780750766215099e-02
-4.759807390454739995e-02
-3.178217852847871534e-04
-5.147845936693166242e-04
7.739840913223826856e-03
-5.096656392827615678e-02
1.932705941815619690e-04
2.368846818814194629e-05
1.284477193044001632e-02
-4.183462304675288068e-02
-4.878462532816104790e-04
-3.344444516660901472e-04
-1.534871817250409165e-02
-4.352336234273329607e-02
-5.562750846277611343e-04
-9.564396409998823052e-04
1.024068316212168976e-02
-5.280890331643630503e-02
-1.030810714090255520e-03
1.012957898400278093e-03
2.328757481830816961e-02
-5.271062731854472827e-02
-2.775149642899218646e-04
-1.683757821872998613e-04
-2.026462138058433837e-02
-4.860706301281282615e-02
2.192069839220736735e-04
-6.873419338064279665e-04
1.147004141497803831e-02
-4.187423209607794156e-02
1.695658025297312754e-04
9.821806570149769610e-04
1.880478326912850967e-02
-3.929440972817536265e-02
-1.077611438075556536e-03
-2.927539606434711636e-04
-1.104476438465990841e-02
-4.806314988955286138e-02
-7.271269692929255768e-04
3.046772483395606096e-04
3.480825666562193527e-02
-5.015391599777992149e-02
-7.091092109901264966e-04
1.871836179171706442e-05
-8.125148038915536164e-03
-5.056415890739204139e-02
-6.234691738789372665e-04
-3.496830626276288784e-04
1.281102493743111609e-03
-5.181333314112702981e-02
4.040054818438749452e-04
1.272732332913029281e-04
2.076457198056974596e-02
-4.444025466881069281e-02
-1.776455490501355596e-03
-6.974060103701019368e-04
-1.750162976695039674e-02
-4.346912632577935864e-02
2.767522416358832518e-03
5.837152348352403285e-05
-2.520373196239052843e-02
-3.692356499889837274e-02
-3.106843778787434038e-03
5.933910591428388174e-04
3.393141132461838932e-02
-5.418246569952468034e-02
-3.309966629298620065e-04
7.035448248945698176e-05
-1.291245165696911813e-02
-4.833031462096618047e-02
-1.176038884704367618e-03
1.696457697592222984e-04
1.155652908492660509e-02
-5.635688371107291234e-02
4.940365105881956904e-05
4.020414349442857286e-04
3.196371227203866332e-03
-4.509560774363183255e-02
-5.354893036927262356e-04
-4.059275263263139037e-04
-1.994475338179129906e-02
-4.954281755398880910e-02
4.326377105950539748e-04
2.864416517427733743e-04
1.978450081435012206e-02
-3.823845447554918842e-02
-6.836966717821054427e-04
2.149143350311262914e-04
-1.825511256988488623e-02
-4.583865516525727907e-02
-1.392854690938403290e-03
-6.804377822440134242e-05
-8.405134104751842486e-03
-5.892333852048103893e-02
-6.756674831143856487e-04
3.789836870294673336e-04
4.520372551245664607e-04
-5.409620443030621617e-02
-4.456309142471469287e-04
4.486653025210010355e-04
-3.544721052062202449e-03
-5.436958287935555328e-02
-2.416184871224521602e-04
2.339116714600668594e-04
-5.509361905953069453e-03
-5.040820428456972702e-02
-9.987825915579913189e-04
4.251836098636820006e-04
1.308044524708394836e-02
-5.998297456248586484e-02
-4.670712340128565111e-04
1.797241755369934990e-04
-3.232189842611930125e-02
-5.366898147775112093e-02
-3.273141101252393216e-04
9.322664814316297522e-06
3.318061856573870788e-02
-5.436577087997725849e-02
-5.922772900919456851e-04
1.063579262214817394e-04
-5.419071181089357182e-03
-5.352638626774384317e-02
-2.308093291010588559e-04
7.316465219371513708e-05
-2.005327919704341655e-02
-5.137550430518536548e-02
-3.735011892372123673e-04
-1.119217542769787815e-04
1.393565238341470773e-02
-4.942231302013815747e-02
-1.485990490965816634e-04
1.368601780989495294e-04
-2.398304035938507439e-02
-4.682894088144152339e-02
-3.091689338525599158e-04
8.736841332864781872e-05
-9.948034500504748454e-03
-4.506536193675645535e-02
-1.418338219739455959e-04
6.550191905733271499e-04
1.421254891437982205e-02
-4.564766367489431209e-02
-2.499006559985612799e-03
5.933834011701951067e-04
-6.606637683388260750e-04
-5.522016838031244129e-02
3.847472587269973755e-03
5.503395128028207729e-04
1.216574463035768796e-03
-5.384191325916670712e-02
-5.333895027561829510e-03
5.618980753833097488e-04
3.615044111108442308e-03
-4.343272228534213880e-02
2.411546243160340476e-03
-1.574680365708557906e-04
1.577989103738352454e-03
-3.895038362362286677e-02
-3.087382328539370574e-04
1.201080135283117404e-04
1.130346612254746683e-02
-4.000158750029517152e-02
-1.030263992665231276e-03
2.190784477154831959e-04
-6.277034737653308140e-03
-5.040199211384754907e-02
-6.152742158263920956e-04
3.800871077651635276e-04
1.535137551061941177e-02
-4.512310051788329113e-02
-8.251511446757858791e-04
-1.472488846604116280e-04
2.560111689291696101e-03
-5.330782501064896400e-02
-8.512347477912414473e-04
3.012130942109454050e-04
9.771527298365710948e-03
-5.339398938227059299e-02
9.485784945462661050e-05
2.185556523524539269e-04
4.766163880984343390e-06
-4.380482268345146230e-02
-3.498205294699177604e-04
4.921383413335554246e-04
3.130231579162078698e-02
-4.519414850101200615e-02
-3.792209297795334126e-04
-1.553592517169894707e-04
-2.331649074127432311e-04
-4.674753438210126066e-02
-1.203723748656069289e-03
-6.120536545112934598e-04
2.486294222597416892e-02
-6.120996381384636448e-02
-4.242767146111919049e-04
3.335772373511451346e-04
-3.721183668275632878e-02
-4.896668986048785532e-02
-1.137423192556417896e-04
-1.018479370307065696e-03
5.828957938349865059e-02
-4.992138115792370268e-02
4.927206940901529732e-05
4.267327240924934095e-04
-1.738015102700245229e-02
-4.169473753523412346e-02
-5.929668938964885146e-04
-3.651185117770542167e-04
4.494195310101298572e-04
-4.937319427670228827e-02
-3.480861991106555357e-04
7.076356753493815819e-06
1.453361331463459694e-02
-4.485876204197904171e-02
-1.445237554700445990e-03
-1.409426521453642880e-04
7.933032531044485747e-03
-6.253455108611410962e-02
-2.693368616849818966e-04
1.045153678700367039e-04
4.995864792594132721e-03
-5.048496082562501514e-02
2.516771320222258436e-04
3.956818302389998181e-05
-8.145751727797573630e-03
-4.429929240194523804e-02
-3.351351704475702517e-04
-2.210909422314212352e-04
2.777504734175499645e-02
-4.505100522531158697e-02
-3.290427344514639863e-04
-5.099299668148842305e-04
1.898719197266741238e-02
-4.585266108879812452e-02
-1.067458041700969145e-03
-3.974227653284031136e-04
-1.789457208046652328e-02
-5.404609197706911755e-02
-5.888963586625850857e-04
-3.335429246142276156e-04
-4.287673476419031487e-03
-5.508545617780409576e-02
-2.702860265056550998e-04
-2.937384674812303065e-04
1.464558611754480065e-02
-4.534801568805828936e-02
-3.957198079020753144e-04
1.234438631230857977e-04
1.380306736071185494e-02
-5.447130664495693914e-02
-7.792575317630805057e-04
-1.956346107908770544e-04
-2.083709322456782365e-02
-4.723553713173799656e-02
4.377177809379642626e-04
2.807248367221638766e-04
1.246547764631627218e-02
-3.803356278067399759e-02
-6.166869058568822054e-04
2.510408568373669633e-04
-3.650612153120637391e-03
-4.940992268276347271e-02
-7.222671583154557581e-04
3.945569395164745009e-04
1.176739383137464894e-02
-4.712019285927195739e-02
-1.132974795187032240e-03
-4.483347279613511728e-05
-3.754649856757340080e-03
-5.420269162284607756e-02
-3.105340622400307345e-04
2.063840120788201435e-04
4.010579135065692365e-03
-5.098218170531854804e-02
-5.428980204958547880e-04
1.442966451877162161e-04
1.506611484176326621e-04
-4.893670449685350032e-02
6.959833837762186568e-04
1.677755104982690630e-04
2.459925946573667064e-03
-3.467304640580617936e-02
-5.553735640718626340e-04
1.907755369762545743e-04
1.755985831492229941e-03
-4.595847281755786884e-02
-1.024362463083024416e-03
2.502587104041797657e-04
4.735010895502545056e-04
-5.155033967839211390e-02
-8.616659875043924510e-04
2.572681429642782237e-04
8.296719455406499980e-03
-5.103068348475085780e-02
-7.331900647618036591e-04
6.122638902919555438e-04
3.231634292245302159e-02
-5.515706416362119169e-02
2.110166472774676954e-04
6.620771179721066391e-06
-3.343597660221084983e-02
-4.008220940827917494e-02
5.370950980720076750e-04
-2.782757269966434151e-04
4.089094330752593431e-02
-3.833372108925876820e-02
-3.637784906349326238e-04
-5.493052710533450657e-04
-2.818377690261992044e-02
-4.276659926587018934e-02
-1.001684477253935454e-03
1.475959962117018482e-04
9.307970310424861643e-03
-4.989360812040308929e-02
-5.474530224941269408e-04
1.085557078145797140e-04
1.113142996336824453e-02
-4.554743707861884372e-02
-9.399701067194845281e-04
-1.058651971882056277e-04
1.371618302105051188e-02
-5.271884934328398969e-02
-7.249579834878360158e-04
3.705223285597241604e-04
-1.612326786638157775e-02
-5.323026552800114858e-02
3.945169230469144445e-05
-6.480776838596817146e-04
1.443904560707339434e-02
-4.418960402336111898e-02
-1.091707711725298192e-04
1.502296585970738698e-03
2.517219155537038164e-02
-4.159829034744030873e-02
-4.763510300913309097e-05
-9.414258270785608781e-04
-8.759816571308535332e-03
-4.320998323496362536e-02
-1.709398620430365497e-03
6.264257956667545492e-05
2.574794661821859162e-02
-5.149265240277981631e-02
1.197171917038908915e-03
-4.130418905226903702e-04
-2.269107878986059354e-02
-4.848191691328570391e-02
-3.399692631898539302e-03
-1.011903927178067285e-05
2.680114920359687528e-02
-5.631456174383295266e-02
1.270320883696882943e-03
1.580865377517501021e-04
-1.193007229189055676e-02
-4.518558608171997087e-02
-1.213803946081821425e-04
-3.282475624873278097e-04
2.462720419426246352e-02
-4.365691216029198712e-02
6.282812659560060896e-04
1.811005853287856251e-03
2.267553985204243117e-02
-3.312730045629956599e-02
-1.643831552428129828e-03
-1.205201251966005714e-03
-5.469654211260020771e-02
-5.405552696989864708e-02
-1.073506856706139356e-04
-4.831557837099706497e-04
7.618953584992674277e-02
-3.968192876522832341e-02
-8.316627217158524933e-04
5.988619514169325536e-04
-4.099703451320308584e-02
-5.192862891781091506e-02
-8.330881593612823660e-04
3.243772507586768859e-04
4.234339788432641381e-03
-4.887834640761154481e-02
-2.523853064921025209e-04
-1.856433530505806166e-04
1.518073898661565294e-03
-4.618992275698838995e-02
-1.278806827928989642e-03
8.050149998167118988e-04
3.955432357872744505e-03
-6.045777042671431761e-02
3.320986480844894664e-04
-9.096872724399904415e-05
-8.008420616476812776e-03
-4.119398936955401963e-02
2.872390568196226887e-04
-2.907361559816224643e-04
3.750044422056869609e-02
-3.887469890423162627e-02
-5.663604859731818540e-04
2.477977493461866226e-04
-1.649524136030239979e-02
-4.413436750825586175e-02
7.670965337192207716e-05
-1.361220444465175610e-04
-1.879676893536852411e-02
-4.508604000865877592e-02
-1.471947944858587346e-03
-2.824185989477521997e-05
-6.560788959330659739e-03
-5.169987412941597082e-02
-3.609850087463804379e-04
-3.849029171000432144e-04
2.815532312666074732e-02
-4.437239806917848972e-02
-1.026095294197471811e-03
9.231100924971786343e-04
-8.330277043887293620e-03
-5.432739897361368864e-02
-7.969834457876350193e-04
-7.418639008485475544e-05
1.341446542509813159e-03
-5.340084329220535359e-02
8.918220981817820002e-05
4.714113686259640938e-04
5.342847720187471686e-03
-4.467111177246988613e-02
1.385291948789229774e-04
-4.340310707680578961e-04
-6.994719113286918845e-03
-4.046515479233635249e-02
1.007707062086356638e-04
3.941593052799748477e-04
-2.184187463858588019e-03
-4.024967248324486796e-02
-9.715709376173286638e-04
-6.049388549748815425e-04
-3.092462240539319701e-02
-4.608532944344374827e-02
-1.187589882612469618e-03
1.076139105317203788e-03
4.288014748191253112e-02
-5.763190519091761915e-02
-4.100358282124476794e-04
-4.091536185147550287e-04
-5.213917462812894116e-02
-5.068524169308907118e-02
-4.669637392616461831e-04
2.356596400493494732e-04
1.143693349267307056e-02
-5.043170242330891062e-02
2.707635604615938382e-04
8.324348217846448423e-04
-6.182776110495496504e-03
-4.239763347020438639e-02
-2.404073514976975295e-04
-1.020617572674959540e-04
7.037046376466145510e-03
-4.527922746664133496e-02
-5.375792776726115587e-05
-1.547969374736012029e-04
-1.306106443004955917e-02
-3.931284676604764050e-02
-1.215309817266668540e-03
8.226665163107002490e-04
3.362855014104012760e-03
-5.514315300325971225e-02
-1.080419462641790760e-03
-1.147036149643557677e-04
-5.938100253690678683e-03
-5.649220502931660837e-02
-9.127745406895298368e-05
4.207527642832559721e-04
-3.041950799490935123e-03
-4.821353106168962954e-02
1.259823821221464159e-05
-3.639479551104996317e-04
-8.604676379406109299e-03
-4.502843096065510531e-02
4.585643714756255313e-06
5.136541111528859392e-04
2.711941424130526190e-02
-4.266508045083470396e-02
-3.309055491041651767e-04
-5.527337261237399340e-04
-7.192924668419888035e-02
-4.102018917904368817e-02
-9.090406408760797006e-04
9.972768549580306521e-04
3.948315513325328929e-02
-5.250186258657376509e-02
-1.132640544578511922e-03
2.780119919746387616e-04
-3.150219719589911899e-02
-5.724698746221436318e-02
-4.910176106258615659e-04
8.198861227605480683e-04
2.186163150771610122e-02
-4.995280134470923838e-02
3.383195373774643934e-06
8.493030967971229800e-04
3.142649359287854206e-03
-4.882755709572270814e-02
-6.657577778347172114e-05
-5.494537472449103569e-04
2.620003353174855335e-03
-4.392756975666132352e-02
-3.861705076101929987e-04
5.870395871904053771e-04
6.183515536607218184e-04
-4.440316362079636120e-02
-7.643063660402829064e-04
-2.552535466812915345e-04
2.139571265694533916e-03
-5.383087578431882542e-02
-1.091267012713362195e-03
2.502585816476830902e-04
-2.159457347834130899e-03
-5.609935895072443862e-02
-4.572329443580324900e-05
-4.169022851725190360e-04
-5.116194382234227032e-03
-4.487993594612321030e-02
4.451976739071051821e-04
-4.275848359527504401e-04
-1.720634921314994313e-03
-4.084281913853710089e-02
-5.025304700095074980e-04
3.758884265093329004e-04
1.612474771532422177e-02
-4.385669970762121755e-02
-9.035736693532345860e-04
4.896395126338854743e-04
-4.288035936730129338e-02
-5.075771646737452236e-02
-1.170066362107189924e-03
-2.188917577312087263e-04
2.582076806765678037e-02
-5.549754100714416466e-02
-6.206815885751997431e-04
8.486025085562423154e-04
1.421757162059926818e-02
-5.314655341681868983e-02
-8.600051515898518941e-05
-2.257218001333045725e-04
-3.744747547278254318e-02
-4.952082205854453634e-02
-3.853903849143368895e-04
1.465648638617269911e-03
3.862994925135997820e-02
-3.868076236422099412e-02
1.258288067511215136e-03
3.874547481507237398e-04
3.015625967766746851e-02
-4.724683467987343677e-02
-4.097476119052560414e-03
3.938435888493987697e-04
-4.560725570979648827e-03
-5.234251616802982482e-02
1.691474824613782959e-03
6.724392353700414811e-05
7.162143855979492520e-04
-5.562975489198855594e-02
-7.833998105598353415e-04
8.004148146040900448e-05
2.272881858208597875e-06
-4.795546287410642344e-02
7.320634985505222977e-06
-4.130692864587109849e-04
7.756529285761995518e-03
-4.513350773393939169e-02
-2.960032151110043993e-04
5.330233187219961515e-04
7.490318413683221509e-03
-4.334529532825286136e-02
-2.974057521965897807e-04
-1.825879458297064177e-04
-6.152915209289178990e-03
-4.690080856360703820e-02
-1.026910905776980132e-03
3.880636112930722741e-04
2.522196814468143436e-02
-5.083088375703802286e-02
-6.019725061331659662e-04
3.931344162418232428e-04
-2.123785925669262678e-02
-5.349026032004108866e-02
-4.279824900332380912e-04
-2.274468034001859951e-04
4.954908511053410930e-02
-4.627728162528652739e-02
3.001246743704662906e-04
8.297474414920272181e-04
-1.470146828809816043e-02
-4.039686303806293982e-02
-4.644438998689589550e-04
-1.995641605845781079e-04
1.836021638595026345e-02
-4.542674988947833364e-02
-6.239902816618710666e-04
-4.692277850183593571e-04
8.072057971536549664e-03
-4.677812756259992072e-02
-7.259584987743029644e-04
6.154224613433376817e-04
2.974259013926519590e-03
-5.406154339042192059e-02
-1.183313950441410543e-03
-1.181053627575625199e-03
1.334704388531537597e-02
-5.634957173897783833e-02
2.987692981776222403e-04
1.471777444899340093e-03
-8.788403842913345212e-04
-4.426061378297605625e-02
-4.406281868053618390e-05
-6.685510861462951515e-04
2.510457373324486569e-02
-4.445737748939113804e-02
-2.753619945731963781e-04
-1.566539802801235467e-04
-1.614137541048136712e-02
-4.400599714868476398e-02
-6.891170461802799191e-04
9.024272807464399826e-05
1.672402112754081682e-02
-4.899903155701494650e-02
-9.319029854309283413e-04
-2.104199781548450100e-04
-2.879707390106274120e-03
-5.429425326573528165e-02
-5.709530549073062611e-04
-3.884074187860598769e-04
2.627636995495633010e-02
-5.172948853424463173e-02
-2.692309928668457281e-04
8.773480078413414167e-04
-1.603720588650170973e-04
-4.648130120339338811e-02
8.431527800136950261e-04
-1.344602913740686710e-03
8.765639194079447374e-03
-3.519748999583446891e-02
-1.257361548284494437e-03
1.134284343830843785e-04
1.057913040437481918e-02
-4.863832522892865690e-02
1.495212115776591813e-04
-8.402984000721767325e-04
-1.005768365748277438e-02
-4.910548992125343681e-02
-2.158984037861716009e-03
-6.499349283700947902e-04
-9.235987531899933142e-03
-5.901200524305872525e-02
-1.374688167869703268e-04
3.062726157019485295e-04
3.779651822421931096e-02
-5.158834917645178236e-02
1.433429640623991362e-04
-5.469012875671112103e-04
-1.082983767082514384e-02
-4.741889682770005637e-02
8.579506524112954623e-04
4.082330306952331182e-04
1.436430758804831641e-02
-3.411140864864251054e-02
-1.006703689466246750e-03
-6.206589766143831739e-04
-1.936678070096425897e-02
-4.641231680264789466e-02
-8.389100165832494250e-04
-1.137761533468718519e-04
1.341174186228256786e-02
-5.006655645988333098e-02
-8.864221171766549804e-04
6.526327337769830721e-04
-4.479212039873801086e-03
-5.086105522404681806e-02
-8.726870247761968563e-04
-9.915926027555292070e-04
5.619121868666158461e-03
-5.616599647468752121e-02
-3.550869128257890320e-04
8.599117007164097963e-04
1.119393871908134358e-02
-4.957207144040673419e-02
3.938990718494618363e-04
-1.208412775039089185e-03
-2.588915929116057668e-02
-3.876422366242803647e-02
-2.477455311666956501e-04
4.444341722428706899e-04
3.277124417099146203e-02
-4.369969132679104445e-02
-4.237435407824113897e-04
3.884680132235053475e-04
-1.675912119678629394e-02
-4.576911602505116805e-02
-1.354378195297244788e-03
-1.259723375687194381e-03
-1.463533934550511131e-03
-5.334941761765130130e-02
-2.974956978244438967e-04
5.124794309597675845e-04
2.204595926348782223e-02
-4.860620052270459707e-02
-9.408928268001876980e-04
7.640648347266499241e-05
-3.510382208377028218e-02
-5.492972749117374515e-02
-2.747402997729900568e-04
-9.086875132999582385e-04
3.796563343810583496e-02
-4.743552881807651389e-02
-3.542345402944811761e-04
1.364245078381211285e-03
-3.106120196316573823e-02
-4.822387618766980910e-02
5.120311136686746560e-04
-1.182465002569901271e-03
5.904050753247344803e-03
-3.661483417113439720e-02
-3.471420233324566717e-04
5.991130930304719654e-04
4.383299777786677648e-02
-4.027183522256722742e-02
-1.136467604894652542e-03
-7.115678268883568035e-04
-1.618263354037824397e-02
-5.509626825151046903e-02
-3.203687871073788605e-04
-4.934105327298162142e-04
1.278713297243503494e-02
-4.323183253653837405e-02
-6.003705751906641139e-04
-1.861515797273848992e-04
-1.013493532592587079e-02
-4.742240152881060933e-02
-3.655537472937182408e-04
-2.819572492311812092e-04
4.814190936737936660e-03
-4.734698773314420517e-02
-1.064361081247848289e-03
-2.473485865400206450e-04
-4.061603333967511199e-03
-5.271902053504790714e-02
-8.554094741157169100e-05
-4.757786034312517414e-06
-8.253750065952645057e-03
-4.453208181294308898e-02
-8.194179419103978955e-04
1.086318260861968951e-04
-1.295230641611439188e-03
-5.524971071590164401e-02
-1.057257368387775828e-03
8.873714616468675960e-05
-8.977940870873334827e-04
-4.862392502658335891e-02
3.043211414637642456e-03
1.317852266047999602e-03
3.710670698774382742e-02
-3.927963500292794979e-02
-5.894736016013108620e-03
-5.241866285150052036e-05
1.094222745283002056e-02
-4.720573343581375286e-02
2.483843053148165891e-03
4.898477554904933674e-04
-1.857707520276539320e-02
-6.093622668226229833e-02
-2.199284550376434666e-03
-1.031103586289567903e-03
1.933970166151491657e-02
-6.015774954243870848e-02
1.786646417325050897e-04
-5.811943288733802625e-05
-1.529680798090482692e-02
-4.745718371393497365e-02
7.265468825900260532e-05
-1.314530935892585658e-05
8.808190848784876181e-03
-4.754950818789856204e-02
-3.014554008578525061e-04
1.074197932054183767e-04
2.674210103117593672e-03
-4.560075651823020104e-02
5.286134278470576572e-05
-6.065164730868524939e-05
7.870052320867033241e-03
-4.240141688189072444e-02
-6.997992113154407039e-04
7.375771053010998736e-04
1.865247892696018017e-03
-4.510404093073529935e-02
-7.895168275605997810e-04
-1.279037061083115087e-04
7.194180477984359230e-03
-5.068143433162099198e-02
-1.244882168110136812e-03
1.742544647155625426e-04
3.356859199253769965e-02
-6.018731377328936233e-02
-2.123738184946092300e-06
-7.120730241492330935e-04
-1.118760362685636972e-02
-4.763090638151629835e-02
-4.985664746217795783e-04
-3.263579058228741124e-04
1.184847888214036853e-02
-5.409045958391608261e-02
2.980976055370803735e-04
-3.296582395286810631e-05
-2.693450049662593146e-02
-4.255613499729365978e-02
-7.728430136671802890e-04
-1.704016276956496321e-05
4.996375698766902795e-02
-4.553711641874434030e-02
-1.986359904082115636e-04
-1.834030469366714064e-04
1.863981617113373438e-03
-4.971050069324509102e-02
-2.110126328705147231e-03
3.519636058852048185e-05
8.216977697312652373e-03
-5.835802770342189694e-02
1.428238195877621708e-04
-1.013794622469595770e-03
-4.132033485198469309e-03
-4.964489602877631552e-02
4.556196642940842480e-04
5.689784338017004391e-04
1.962290277879405118e-02
-4.036549581826565786e-02
-5.628247473436291106e-04
1.028407363467166366e-03
-2.414819770332148063e-02
-4.590258419970153630e-02
-6.102974079348323861e-04
-2.553176308589637233e-03
2.903756444661464986e-02
-4.656564415802171009e-02
-8.363754781847319245e-04
1.205881420828410107e-03
-8.073803276156735556e-03
-5.065391829933853229e-02
-8.960951418767644245e-04
-1.475876276689540734e-03
-2.345701755680750303e-02
-5.279997916119649054e-02
-7.250727423976421676e-04
6.663558843215237632e-04
4.036977758383108322e-02
-5.329581936218379112e-02
-1.305883495338647194e-04
3.612603541403046673e-04
-2.029360741563284234e-02
-4.724248659900329855e-02
1.518776571878513080e-04
-1.470661941715389756e-03
-2.397176475818667621e-02
-3.931465987790579153e-02
-8.559395272065417745e-04
3.297155513034008903e-04
1.248673817261517979e-02
-5.442412021027288188e-02
7.270409437937803022e-04
-3.564254401733706404e-03
5.994502245456260342e-02
-2.143465213136571193e-02
0.000000000000000000e+00
0.000000000000000000e+00
0.000000000000000000e+00
0.000000000000000000e+00
0.000000000000000000e+00
0.000000000000000000e+00
0.000000000000000000e+00
0.000000000000000000e+00
0.000000000000000000e+00
0.000000000000000000e+00
0.000000000000000000e+00
0.000000000000000000e+00
0.000000000000000000e+00
0.000000000000000000e+00
0.000000000000000000e+00
0.000000000000000000e+00
