0.000000000000000000e+00
2.521011709999930461e-05
1.066711611972838425e-04
7.391123208464779604e-05
1.707429165731175202e-05
-3.883889961173170313e-05
6.358907839515079430e-05
4.063843246506770868e-04
1.240990853607331496e-04
-3.302520840912752387e-05
-8.296459688331148108e-05
-7.764620158419964502e-05
-1.671573424711150779e-05
-2.268360621453247017e-05
8.052729215681855846e-04
1.873296316518993296e-03
1.008539535674264631e-03
8.228062985797101464e-04
8.536034257569415085e-04
1.331393170426187211e-03
1.249732092323450894e-03
8.303110692482011668e-04
2.016162448344842317e-04
4.093386754075514777e-04
4.934162934511591991e-04
4.601650844437525645e-04
2.760304962524315342e-04
-5.228760017860628606e-05
-5.495122934033730422e-04
-3.985509294175126893e-04
-1.425610995492328226e-04
2.452260944044853952e-04
-1.669915386885295616e-04
-1.013627334159494797e-03
-1.289711126139223007e-03
-1.134562113064896405e-03
-8.963681922654204159e-04
-5.819900820599466229e-04
-2.407749110339557630e-04
1.208212887746501485e-04
5.049028854351954310e-04
-5.794460086931615961e-04
-1.136194006406875123e-03
-1.233307141417731151e-03
-1.000914990699349263e-03
-5.672114478182058855e-04
-4.800169764376284454e-05
4.547888584630101205e-04
2.322203397062301555e-04
9.496818841830956259e-05
2.187478432268477602e-06
-8.960532109406407764e-05
-1.720191477904003952e-04
-2.379931332736201499e-04
-2.516678875552052358e-04
2.757667300243831637e-04
6.090456490414619672e-04
7.987727014689780664e-04
9.935768265482026323e-04
1.274271651888623375e-03
-9.167605052286219303e-04
-3.195518881577702822e-03
-3.286652347972887633e-03
-2.671744749023405134e-03
-1.721775831885944720e-03
-7.102304463183178700e-04
1.301315237898954813e-04
6.268906842422624151e-05
6.800009779868790294e-05
8.319140181544358581e-05
1.194348939458763845e-04
1.288566078816531096e-04
2.002572072183125135e-04
3.060760675555442359e-04
6.191951831532151521e-04
1.186713390335041030e-03
2.028739522838100828e-04
-9.821702929635109641e-04
-1.374436159522390019e-03
-1.941226033270541376e-03
-1.992034860638895385e-03
-1.756222142871875780e-03
-1.354228493088680419e-03
-9.650724290971414779e-04
-5.644442869941704993e-04
-2.382669528227395438e-04
1.322872155129803211e-04
5.098941213338256846e-04
5.152769532857331795e-04
4.970566586713891927e-04
4.310047470581250192e-04
3.180030418734711324e-04
1.718046847691365869e-04
-1.192330485288994879e-05
-2.764642833402476685e-04
-3.519285191200868107e-05
2.788190155972023777e-04
6.860255992455210894e-04
2.402323800085115826e-04
-7.449022176730648800e-04
-1.280751917398288524e-03
-1.438478758767093406e-03
-9.900769286873651806e-04
-4.858637537395538511e-04
3.823151778978815807e-05
-3.859597860949954759e-04
-4.296098766656793536e-04
-1.093141655482922012e-03
-1.216645213141329812e-03
-9.572747842393845158e-04
-4.854179471738117452e-04
4.484561607815372442e-05
4.786479655227941082e-04
1.773813941541718675e-04
6.464498169333338096e-06
-2.545753324316966937e-05
3.963334701790124925e-05
2.701598872705043147e-04
4.149953096672116121e-04
4.133303228293673526e-04
3.255513283462897062e-04
2.079145177376062747e-04
1.129305513101544478e-04
5.720234144706605461e-05
-2.963912738118048423e-04
-4.051703224526703034e-04
-3.476182481302395044e-04
-2.426347172966684951e-04
-2.067522186390922251e-04
5.437442821605541210e-04
1.817001089520262243e-03
3.024502262234310315e-03
3.220169146720472733e-03
2.352556954973312239e-03
1.456612142930089997e-03
6.417369814131683534e-04
-3.362507882644750297e-04
-3.827611294839564516e-04
-4.312626160538407180e-04
-5.353854145261819188e-04
1.144403485675376218e-05
8.699948264158708679e-04
1.215836959746305953e-03
1.079785456587904410e-03
7.334405700917369722e-04
6.617055593903572314e-04
1.173277965965995040e-03
1.132253800033924257e-03
8.985150444204715453e-04
5.928123235135300539e-04
4.110669715831991727e-04
2.208256718452521888e-04
2.167504983924088691e-05
-1.863108989106042335e-04
2.764852196302149817e-04
6.143289963151180033e-04
1.357214595512568761e-03
6.421954609068230430e-04
6.998176577626118861e-04
8.443935841397597064e-04
7.612026585959580371e-04
8.529132674284026217e-04
9.954527075540786640e-04
9.109170793910013886e-04
6.417370206509218078e-04
4.551417447305784736e-04
5.544740186827837314e-05
1.519551032503549393e-04
1.393502100311208580e-04
1.498891245187081167e-04
-6.908009605845234768e-04
-2.098728890613070497e-04
-1.381833796722277408e-03
-2.002130638928897172e-03
-1.900480771546352379e-03
-2.066086912643991594e-03
-1.046222931594358377e-03
-6.999301947492563014e-04
-3.070234852101446504e-04
-8.719260140656326374e-05
2.123205409091909190e-04
7.111406418544019559e-04
-4.853632389181742474e-04
-9.927624657835197250e-04
-9.227209936998543097e-04
-5.842862124961255635e-04
-7.323323743436286129e-04
-1.155378242862995647e-03
-1.505097258261210106e-03
-1.016578746815280810e-03
-5.558555330754831256e-04
-3.729164483722876948e-04
-4.955956919792383827e-04
-7.272179911618415664e-04
-5.318319222205354765e-04
-3.051769844710794117e-04
-5.406077452432620899e-04
-4.171057097584230126e-04
7.015953898609770048e-05
1.553532661408962151e-05
-1.867510020575205779e-04
-1.043086019927095924e-04
4.966996633825490571e-04
6.890187967052599331e-04
4.360078382953016390e-04
3.843186962928948989e-05
5.282413445254841369e-04
4.156122210358221235e-04
1.194065760435195946e-04
1.054253869531131347e-04
7.318320332621508148e-04
1.202328763626455375e-03
1.052058815307100725e-03
5.761793124010299721e-04
8.173028362767837188e-04
4.365048989757461598e-04
4.285287244967430492e-04
6.185130218527038967e-04
6.462025858217845461e-04
1.101449415569877993e-03
1.021409392692306656e-03
1.119311667345483999e-03
4.522787493794980934e-04
-2.703597684228370435e-04
-4.297671940384894390e-04
-2.751916539971525910e-04
7.517172597030011283e-05
5.284477460858819087e-04
1.018698745801285485e-03
1.365351553560448239e-03
1.126861938741003169e-03
7.917263151183441539e-04
4.135521292101054791e-04
4.649655566770737047e-04
7.616866883216472095e-06
4.845495093543095155e-04
8.477206655356714360e-04
8.410936384357602102e-04
4.897985388005836327e-04
4.152659406331318803e-04
4.882449425075326144e-04
-2.568218511867295661e-05
2.095640089499889447e-04
2.266466716422839422e-04
4.612543306876833171e-04
4.718789327618523599e-04
1.170394971973520715e-05
-3.470700961806065521e-04
-5.080152717008186436e-04
-3.851176025593504304e-04
2.334037550336710842e-04
-6.241551142468527991e-04
-1.712511678167775303e-03
-1.782424273537265222e-03
-1.487395105419545352e-03
-9.678771801036878397e-04
-1.961930868020697605e-04
5.539100640036889733e-04
6.848564006382978908e-04
9.687676061566185409e-04
1.170598180926520418e-03
5.537087952326297247e-04
2.366157336893860708e-04
-3.489252772513953826e-04
-3.352496614502133154e-04
5.482384992264860424e-06
3.222093322489752443e-04
3.977164896045923270e-04
-2.471190883164414709e-04
-3.537607052717089279e-04
-1.875467585097968792e-04
-7.517088250076579131e-04
-7.626075642876203181e-04
-1.203283311193405550e-03
-1.474879254137813345e-03
-1.422492315169133006e-03
-7.373204074572290573e-04
2.843091448952519973e-04
4.854585479559074546e-04
2.670737305026441022e-04
-3.975692682956812052e-05
-4.755577205627428694e-06
1.238722582631770347e-04
-2.244114315100298462e-05
-3.454322738268289505e-04
-4.628697625494639784e-04
-6.233564869711112622e-04
-6.776853364750690806e-04
-1.619841698074359071e-05
-5.303578380058786290e-04
-5.020791698387948310e-04
-4.740719562426288711e-04
-3.851089227003218554e-04
-3.295199583694882750e-04
9.579369357243586180e-06
5.539290196937534522e-04
3.283539797994108542e-04
3.220969068608867461e-04
2.385634039594056524e-04
4.318127159666212272e-04
2.730517501555547108e-04
-4.581853748178103120e-04
-5.288856918784761579e-04
-6.268289261542239060e-04
-4.603624501452090526e-04
-3.729083626662519843e-04
-3.816608163987348853e-04
-5.902816537674887218e-04
-2.470577434593185934e-04
-1.471789430453982611e-04
1.379844190095491294e-04
7.072289180950954574e-05
9.494151941912519488e-05
3.202635511767148307e-04
5.780692391241697495e-04
8.077170878483782082e-04
-5.673406792056894660e-04
-7.478022710943619047e-04
6.405605889200421607e-04
5.998150892648542593e-04
4.975436596602643771e-04
3.969794906757270411e-04
5.354637690823480650e-04
1.139657757422692791e-03
1.650945347946346231e-03
1.157610354071584441e-03
1.062471718610387070e-03
3.548853269355976142e-04
-5.668726806855907407e-04
5.466413132183545187e-04
1.258322374361039650e-03
1.384761466774431585e-03
8.482069638381974086e-04
2.876759039091777992e-04
-5.139837784689481326e-04
-8.142906540661680459e-04
-1.039122290890127920e-04
8.625784862409287268e-04
1.056776190255140357e-03
3.483337452069822093e-04
-3.422463506217859885e-04
-3.098443868705010040e-04
-6.099605069041676153e-04
2.270727856203517969e-04
5.305817708461738058e-04
1.877714100377951556e-04
-3.862903468537515206e-04
-2.961168863245267069e-04
6.055564541653651878e-04
-3.118482825523495594e-04
-4.395663290533771694e-04
-4.956509973634420918e-04
-1.582825991549609290e-04
-4.969836377085451451e-04
-7.921364344189996132e-04
-1.248718823588903029e-03
-8.458107242296630107e-04
-6.368182572805049929e-04
-4.070445536983498258e-04
-4.847512692343798613e-04
-7.046145458694183517e-04
-7.908214955158685000e-04
-6.020870923392502433e-04
-4.945974892502907200e-04
-4.819146106166266597e-04
-4.015900550899224875e-04
-1.550393557635254549e-04
-9.039226753966350322e-04
-8.325076829219270336e-04
-8.937172835101290375e-04
-1.052130712286307272e-03
-1.004937888844693612e-03
-1.135843818418598179e-03
-1.150345969110577694e-03
-3.703615719108321012e-04
1.577641910041130413e-04
-1.815719526998437654e-04
-8.301816372801359284e-04
-8.242448697659031983e-04
-5.811426120738503575e-04
-1.195244984016180425e-03
-8.186388689735393971e-04
-7.067380164845187690e-05
2.338562260984912260e-04
4.625252786797165450e-04
7.272712777154841102e-05
1.163177839466548839e-04
1.590596472955847773e-04
-4.416472630850961159e-05
-2.191911012212068542e-04
-2.710862354331146536e-04
-2.072014425669784637e-05
3.154470911580211853e-04
-2.558470908518985058e-04
1.257072263848840049e-04
1.696682169497788772e-04
2.195465786494193300e-04
-2.506285822849721109e-04
-2.748894012392704908e-04
-4.355724948935674884e-04
-4.040491878903222991e-04
-1.841973350808611548e-04
1.378061109782481586e-04
2.651338519545735906e-04
4.241744199450421006e-04
-1.152520967190569581e-04
-1.192846695104200772e-04
-6.974716237617131429e-05
-5.053868212063689948e-04
-1.171219769131237251e-04
6.985586424461884270e-04
9.743617435122482739e-04
1.012173116675191969e-03
7.147375045424030938e-04
3.608392583881688855e-04
1.530773102314331516e-04
-5.422138686997073770e-04
-8.496396538801589092e-04
-7.060220531186871262e-04
-2.284238306782676586e-04
7.367321354951380380e-05
3.461465178288599537e-05
-6.200469607385615881e-04
-2.921631554631057281e-04
8.047102900067201747e-05
2.062393950354487852e-04
6.538715383242509407e-04
4.928467690148243853e-04
2.343445987348464696e-04
-5.327294983233435421e-06
-4.922051905584473933e-05
3.923645451402602707e-05
1.349586730607418156e-04
4.499969949808856930e-04
2.728102697820244775e-04
3.061567564644349570e-04
4.697801380682996774e-04
8.236142468383163533e-04
7.237269280997041341e-04
1.222887851135258603e-04
4.324874840129105697e-06
-1.962944891888233076e-04
-4.008485812282899796e-04
-1.096984135093985761e-04
-4.347690512122606666e-04
-3.263202636533734454e-04
2.868759440284145970e-05
1.844988434287488880e-04
4.466347827946020948e-04
3.710455377319724166e-04
-1.701397783417256848e-05
-2.569309980254224452e-04
-5.297943445583333522e-04
-4.388920423075406887e-04
2.118890171770190203e-04
7.045910032457449986e-04
5.503927542971722743e-04
1.160655905365429999e-04
2.147308283524760209e-04
-6.547267267137575359e-05
4.446641376154738092e-05
2.603229957678929521e-04
3.495617147163869540e-05
1.830693619703895395e-04
-4.645448556548281357e-05
3.925172859998971552e-05
5.885924523550611562e-04
6.568760305321491057e-04
2.409929800952109215e-04
4.263261018195314139e-04
2.501210253340944815e-04
-8.867967226522475294e-05
-1.242654824314599372e-04
4.750645339759301811e-05
5.424014955942814062e-04
6.662554523269572856e-04
2.573092724916471383e-04
-5.540195152365645637e-04
-6.524826510226075862e-04
-5.576731092203838884e-04
-2.885475430490259952e-04
-5.258792008523247193e-04
-4.686053449182950737e-04
-4.676296491909997903e-04
-6.329597640391918271e-04
-7.388984236751971243e-04
-6.379393523266431399e-04
-7.045459462750290353e-04
-4.860574989412615957e-04
-1.009698712946015438e-03
-8.100896828297384465e-04
-2.960875386504913977e-04
1.034345306304812993e-04
-3.402704280997936176e-04
-1.417262467761307848e-04
-1.942744492307501777e-04
3.033139688632478098e-05
5.836102091143851277e-04
5.731566694041879094e-04
1.995370101920950628e-04
4.933281440223833379e-04
3.836693107640244335e-04
2.931343312055673285e-04
1.134926284731439458e-04
3.841479944129606600e-04
6.474023445493590342e-04
5.991263568145622272e-04
5.262953166296725424e-04
9.642127145752557279e-04
2.899815466235785687e-04
4.612807068201229405e-04
6.137095270699289770e-04
5.875843945695913458e-04
3.288074565038858789e-04
4.863903116107347845e-04
6.534375863743433800e-04
6.540743524362339911e-04
5.524696125103426697e-04
4.145289820046745705e-04
1.915325447700878814e-04
5.282908166044115311e-04
7.744289746088742557e-04
4.167033210103164576e-04
7.661783616614726428e-04
5.500525291567796848e-04
8.641570828754677192e-04
9.836346988543430425e-04
7.936353290926307508e-04
2.967767216841953742e-04
1.892810820367987062e-04
6.118134555367794186e-04
1.098140542406681255e-03
1.598031485658355302e-03
7.672553302368479572e-04
6.127437461698401200e-04
7.470707832583599328e-04
6.873563979928748457e-04
2.860522102851661974e-04
2.882238754446687923e-04
6.871340931190288159e-04
8.272398876936967738e-04
7.644830809167973973e-04
3.647536012271052064e-05
-5.910290182324848263e-04
-5.504244494136563415e-04
-4.424391363651997144e-05
6.904082369356967508e-04
4.075351298323329208e-05
-1.182062720864289485e-04
-4.895432980712953464e-04
-1.868902249251638836e-04
2.355239814636027329e-04
1.948108512220859956e-04
-5.442733852824982455e-05
1.989571295048231381e-04
1.760917873688608304e-04
5.225018674078693581e-04
5.475432303962378400e-04
4.759571070387796921e-04
-1.624243087572866534e-03
-2.555006067519667232e-03
-2.501157728340237460e-03
-1.967250351499978678e-03
-1.434034797087523419e-03
-2.381211376819430958e-05
2.630164063722410100e-04
7.592673573441795221e-04
1.142847877901987871e-03
1.396959742031939067e-03
8.988099950745440103e-04
2.908484643846555306e-04
-3.008718291589405902e-04
-2.699360508991721641e-04
-1.864771098920234293e-04
-3.698899658374325827e-04
-2.483964289481145615e-04
-4.263134538388408529e-04
-4.598994248239812732e-04
2.349150489676724018e-06
-1.028275818283994753e-03
-7.118438464951415412e-04
-6.794270306011186700e-04
-4.350174046281185536e-04
-5.607648485247748033e-04
-3.855192086098038762e-04
3.317440193099565476e-04
2.585319729881668110e-04
3.091053151799694199e-04
-2.582095674496590054e-04
-1.066644753859532363e-03
-7.999344181841248902e-04
-3.551360440273172020e-04
7.674030494298801630e-05
4.429911658068597796e-04
2.470562592258862544e-04
6.338903907061356480e-05
-2.029498252714145856e-04
-1.222673047329859292e-04
-1.288246007732397891e-04
-2.501431330020151972e-04
-6.733040504054450121e-04
-5.929432715124308834e-04
-1.044503580829719835e-04
4.051079802833042198e-04
7.507557926584688957e-04
1.047983441374900765e-03
6.110468645857177611e-04
-1.745435192071157632e-04
-5.354428938024249907e-04
-1.083551772712091667e-03
-7.434738577464343467e-04
-1.678371778385708002e-04
1.986212300013343382e-04
4.866770216817497413e-04
-1.837235379245835687e-04
-8.697050474124282810e-04
-9.138065494780894110e-04
-5.451589860770589963e-04
-1.320528808485856020e-05
-2.065293597670481845e-04
2.843247441065722275e-04
3.212452252504705702e-04
1.017149642207467938e-04
1.071674559095436505e-04
3.297877350003372912e-04
2.610970289219803273e-04
-1.932806758274136644e-05
-1.895774195962048048e-04
-4.744293758768064126e-04
-6.048923299691840241e-04
-1.968962517927873648e-04
-2.704719823389918273e-04
-1.280490452825137210e-04
-1.231788322043590733e-04
-6.890139523244888375e-05
3.006347474849152546e-04
4.857286891061284376e-04
6.058559193507177115e-04
3.129299880438585202e-04
1.944278830421442353e-04
2.017811654169412647e-04
7.900315455740269943e-05
9.838544839368551509e-04
7.814533923325272385e-04
1.721563435059681596e-03
9.275602954514124837e-04
6.301962995328529160e-04
3.313064573016027969e-04
1.794338038481248926e-04
1.762827880583978796e-04
-4.229978918853655179e-07
-4.051938848232006923e-04
-5.819168923635043011e-04
-5.323770146584434065e-04
-3.163923913076498867e-04
-7.353938741063922868e-06
2.991152578882098900e-05
5.586959941531605134e-05
8.490299105581161632e-05
1.028278892857229648e-04
1.500190081520618585e-04
2.442940848060293213e-04
1.726367075527666939e-04
1.039730745474934381e-04
6.130435333942529930e-05
2.640272615579523918e-05
1.990255487805021872e-05
2.821210217545527810e-05
8.584053422723905702e-05
6.239172110340980570e-05
-2.678099730575589366e-05
-1.597160605618253709e-04
6.103446912056418455e-04
1.746206254785564321e-04
1.449037311135499551e-05
-7.435043751472664164e-05
-9.437392721913830107e-05
-6.189045904055230640e-05
-6.653394356409200738e-06
3.751584023981187344e-05
4.597333890576059401e-05
3.534747568390179950e-05
3.086468968016217729e-05
1.835812059872848900e-05
2.018908979263371595e-05
4.447297031810563961e-05
6.818399246416931292e-05
6.690424012995369041e-05
6.501909416301021594e-05
6.113960855368139047e-05
7.075689883008322301e-05
7.534020832326328299e-05
6.981775595055889072e-05
6.748882833781597035e-05
5.476641111716931687e-05
6.359595299803080803e-05
5.983685742314698297e-05
7.269211701133038162e-05
8.695116845952241547e-05
5.519456633400893208e-05
3.247448968812967351e-05
3.553354615492589075e-05
3.751004268371001260e-05
6.334964522437119827e-05
1.020831365172673172e-04
6.854778986709053612e-05
3.227752990172041980e-05
2.302332378577125194e-05
3.336270779245517626e-05
7.261984387478895298e-05
1.675860205196336855e-04
1.081733608302784533e-04
5.426514033456640573e-05
1.131151854646093857e-05
-3.502116054109744026e-05
-2.926943879044338614e-05
5.002789848530808658e-08
1.770249354287808941e-05
6.857277855823983026e-05
7.315565312175989487e-05
4.378617265484753551e-05
-5.646564651238909771e-05
-1.882317853297843513e-04
-3.591892141706493069e-04
-1.155820269946143675e-05
3.568443174995442752e-04
7.849955563821522930e-04
-5.889388146627753950e-04
-1.222395298014157874e-03
-1.335492812699361556e-03
-1.397764317748630483e-03
-1.387700909175100181e-03
-9.386074180969886105e-04
-8.050050351440215038e-04
-3.050886034415651801e-04
-1.817523941641599472e-05
-8.742602839594540085e-04
-1.233641017037052923e-03
-8.389740112330376469e-04
-6.317313733789874097e-04
-5.815389525724767774e-04
-7.082370092951787918e-04
-7.945115967590605935e-04
-1.839729133823434122e-04
2.106438797080478851e-05
-4.451107667608778526e-04
-7.944969373716594639e-04
4.946201555584795947e-05
1.986106300825933569e-04
1.051088669502006721e-04
-8.842877940228087517e-05
4.325324962970551680e-04
7.836255056826806585e-05
-3.721058151358212708e-04
-5.222183774166732923e-04
-2.211404223961599197e-04
4.468972080224101976e-05
2.914687725586356305e-04
5.105671717654070929e-04
2.672581131753901562e-04
3.072459569370665240e-04
3.980924425930449598e-04
2.739168440667557507e-04
3.244621103671676329e-04
3.836688311654301966e-04
8.173143539042730492e-05
-4.988282884691664027e-04
-7.528598608042228607e-04
-7.914976143286901874e-04
-5.314337069850274793e-04
3.109517184472025122e-04
1.049931093427308683e-03
1.128886012231228786e-03
1.151122669086845907e-03
1.534014082132240456e-03
1.841344283178577776e-03
1.218367570250026601e-03
-1.701948518211303732e-04
5.491192669067942317e-05
-8.056247827141829743e-06
1.710501410526607188e-04
5.426124829456405521e-04
4.499742330326969922e-04
2.621420420046358113e-04
1.244488494852088317e-04
2.476577278403419013e-04
-3.139523347326332592e-05
2.149895818201290332e-04
4.506388917189449450e-04
8.727776429878000841e-04
8.433330753830885901e-04
4.558277914876382453e-04
6.913483039697188026e-05
1.031399085968456864e-04
-1.028669102432003268e-04
3.040797550104175351e-04
9.140594390590825458e-04
8.162452027736417925e-04
7.478223015532498019e-04
6.401716209390086870e-04
1.852746228446187915e-04
3.422881167954236470e-04
7.172272177117626490e-04
8.579247746122731222e-04
6.228797685993367472e-04
1.071091635338763948e-03
9.293145732430715955e-04
6.747567084574752905e-04
3.884306542855341104e-04
2.805548871793669963e-04
2.195550992178801897e-04
-1.274592010863662139e-05
-3.120766206483674421e-04
-6.341060120268818268e-05
1.407628843918158623e-04
3.127281868399826859e-04
7.759925198599949836e-04
5.641066446787981747e-04
8.277018520018789016e-04
6.718459343235394510e-04
4.120614520097577727e-04
-1.255564689415754331e-04
2.037082522868757795e-04
-9.270493497890754109e-04
-8.192939446343208698e-04
-3.971225245665670200e-04
-1.596691424819933480e-03
-1.961618127820845964e-03
-1.741039141646371496e-03
-1.198740495829193897e-03
-4.244044679098252226e-04
4.676728375615502031e-04
1.866484017863413725e-04
1.610377174592232674e-04
-2.836476066069570923e-04
-7.372491236260110548e-04
-9.097965156668070402e-04
-7.597995010082906481e-04
-3.146086688106067980e-04
-2.344307914141016691e-04
-1.957701083260404706e-04
-1.759011216135655808e-04
-2.726714938865049814e-04
-1.392682490966214853e-04
-1.044694825510894542e-03
-4.174067371281002525e-04
-6.589117928008265956e-04
-1.103436898822227757e-03
-7.660016686516207124e-04
-8.375227016874566693e-04
-4.751658710869894817e-04
-4.732264915632711927e-04
-4.664726165659934670e-04
-4.912378355215966247e-04
-4.414721749457653846e-04
-3.179906473984861481e-04
-1.974018161696898185e-04
-2.684258791264080429e-04
-4.045344884239894176e-04
-1.406796919147584521e-04
7.015321550894364558e-04
4.479222985711572846e-04
4.297219822757833776e-04
-4.899501064877065208e-04
-1.157322347372517161e-03
-1.105368145869293659e-03
-8.082568321437287422e-04
-4.224677247694041526e-04
-3.335559234883414895e-05
2.558186232313834890e-04
1.548131960150188422e-04
1.003430262012917039e-04
1.027338436994486640e-04
1.339176062308991381e-04
1.802021308315434819e-04
2.289918700546082243e-04
1.834511042082013696e-04
1.423089106829555396e-04
8.121934420252845468e-05
1.264784881922081938e-05
-4.837271322837575008e-05
1.493170510687559342e-04
1.793432808270939947e-04
9.965810309478951440e-05
1.088836969981299418e-05
5.887929457507640359e-04
3.185852639092530934e-04
-8.199418153104513426e-05
-3.694306484769570471e-04
-6.615759867587122506e-04
-2.578037003167265098e-04
7.613936946929073316e-04
1.482256363367157048e-03
1.037090546589725798e-03
5.648710571571485817e-04
2.022694723931364735e-04
4.850117059309391743e-04
7.356529628523220121e-04
7.580961718556995799e-04
5.265805737142744553e-04
1.206169723369111130e-04
-1.342766945287773850e-04
-2.828990333121617073e-05
3.279722296412913851e-04
3.129769190730862655e-04
3.680806239569605481e-04
1.880585603709645365e-04
-9.282937015294215333e-05
-5.836394685297899981e-04
-1.672105908812060449e-04
3.627810234278321111e-04
3.531266740206540078e-04
-3.625558458632046482e-04
-3.604964664878900632e-04
-4.776411717902703802e-04
-4.999190223763105845e-04
-3.920214020221076540e-04
-7.761005048624852048e-04
-7.377187804222199580e-04
-4.395252111423549740e-04
-4.739837721962486539e-04
-3.488567102921738550e-04
-3.095780749372790616e-04
-5.410473636264234720e-04
-8.482837482567547570e-04
-3.831379417504818252e-04
-5.259080722004642015e-04
-6.385965545842021930e-04
-5.716394637789707191e-04
-8.661466300554062150e-04
-6.997093151708813283e-04
-4.108201925344132175e-04
-7.601630391159553812e-04
-1.415414954473370387e-03
-1.488560482782201036e-03
7.126258824795375126e-03
-1.573776631062151574e-03
-1.854351834203403580e-03
-1.704678758793346568e-03
-1.323890916692272964e-03
-7.078504645697748961e-04
2.138846505759604139e-04
5.397051879689339533e-04
5.781299250974900744e-04
1.726693224654899349e-04
-3.484600109538811205e-04
-8.740280977428843169e-04
-1.025293636513397583e-03
-4.806761604639444088e-04
3.303149923955840672e-04
3.662540999781827358e-04
4.666706532956074738e-04
-6.667090433161784735e-05
-2.582129109464561395e-04
-1.403423180596817879e-04
-2.693019863476741119e-04
8.644251128037648557e-05
2.136074719485585652e-04
3.074510851034314984e-04
4.712895425763039339e-04
-9.929777195617425778e-05
-6.598577537851270033e-04
-1.836048262321031063e-04
2.310133335449594122e-04
-8.495058985700035259e-05
-2.804044379424172964e-04
-3.697488182976714152e-04
-5.400196135594420577e-05
3.668630609825040273e-04
6.611161040394773411e-04
7.381003531898825028e-04
4.788031248400617668e-04
4.668747538107598412e-04
2.497342775182233993e-04
-5.126759816905632379e-04
-3.572719747470067854e-04
-3.305402013293336737e-04
5.682042555556071628e-04
4.334064963440382480e-04
2.523390476622368664e-05
3.462434723506668116e-05
-6.218323188587936493e-05
-2.314817592163074048e-05
3.175284576873640009e-04
6.099018546734736364e-04
5.987705450778645598e-04
-2.652018508658747845e-05
1.538966856131096256e-04
2.264356232881624929e-05
-3.332368990006174311e-04
-4.553725798960089281e-04
-3.329341398200637379e-04
4.911242754036793633e-05
4.487598022511959939e-05
-1.400526981477135703e-04
-1.590008933620061862e-04
1.241197081627730056e-04
-1.950115558653430468e-04
3.301190353817494254e-05
5.776694926737582910e-04
8.033178609421951465e-04
2.566687744302554273e-04
-1.802088695976269321e-04
-4.001194860972915376e-04
-3.459006225259213339e-04
-7.325777558809106957e-04
-4.420060588257918900e-04
-5.603706720294456857e-04
-7.723731878503522705e-05
3.831086567057068008e-04
1.339975290747218162e-04
-1.657741126854491223e-04
6.471032834078414668e-04
5.140502951870786104e-04
5.971133700186813040e-04
1.573698555296081797e-04
1.037743087345496980e-04
-7.909696761172649131e-05
3.558178999776066788e-04
5.240560490702361133e-04
-1.610765598207325369e-04
-2.202996244268400679e-04
2.474125299489028174e-04
7.366561609559637560e-04
2.960656036028943704e-04
4.521318403029817501e-04
-3.121949922396384481e-04
-5.370341763014338824e-04
-1.277260269199232030e-05
4.098740771947698494e-04
2.977028815353019529e-04
1.229714102868539015e-04
-5.370770381523383387e-04
-9.105171982231056917e-04
-4.694501274659836228e-04
2.445734147698367940e-04
2.125730030658720725e-04
1.599719337471406603e-04
-8.309179986918206751e-04
-1.033676796119399003e-03
-5.067363152388613089e-04
-3.157060606191119598e-04
1.400904972322786213e-05
-2.002762330426698968e-04
2.413594648021928461e-04
3.838256204683051717e-05
-7.499764580159388322e-06
1.168463554863637469e-05
6.901045713447392926e-05
1.257568559358225244e-04
1.529926750562823727e-04
1.458825793617755245e-04
5.239673572857671269e-05
9.208571467543905098e-05
7.899403067262045913e-05
4.895724046887232547e-05
1.150866348778936676e-05
-1.380401349477264686e-05
-2.536449591547073994e-05
1.224071331688944726e-05
-1.175038920862173184e-03
-2.601539278781601038e-04
-2.479754004343277286e-04
-2.571452481339728605e-04
-6.354661718511967969e-05
1.751843963195337181e-04
-5.700522226239302867e-04
-7.199110232716451896e-05
-4.661671750069845688e-04
-6.106360716244688472e-04
2.601199984238198107e-04
2.215323993435044242e-04
2.883482861830528529e-04
4.190254348925550806e-04
4.929774716991752910e-04
-4.961451925839291920e-04
4.463089833025369116e-04
1.077247611880074530e-03
1.148345434041371255e-03
9.810267151601937286e-04
6.907448686303370097e-04
3.595190615053031678e-04
6.536140855895180646e-05
-1.393204081488801050e-04
-1.059135175011742785e-04
-1.137199946329404358e-04
-1.723178808549695419e-04
-3.183427005724649987e-04
-5.446221061990713782e-04
-3.721847161176016459e-05
1.131655024301104389e-03
1.634748857395399357e-03
1.717549893558988593e-03
6.413705130384143166e-04
3.333847912374001896e-04
9.148301884526277919e-04
9.320526171010682162e-04
1.147814708708259218e-03
9.385309108278800522e-04
7.119804289848832846e-04
3.870440257713637922e-04
2.728275090092269206e-04
7.346642450560200710e-05
-3.033117148790002993e-05
-7.694096864706290173e-05
-1.298779906613346802e-04
9.153055727490234939e-04
1.266504443379921213e-03
1.056878163517601180e-03
4.729415381484920744e-04
5.701070203436627709e-04
1.031648235953286016e-03
1.302731729037328451e-03
1.341594468024200765e-03
1.002899117794227302e-03
6.466677197299042223e-04
9.313590377250241525e-05
2.058219435904437566e-05
-2.144374017668294885e-04
-3.442030774136149718e-04
-3.690729831326705623e-04
-3.038203550356569083e-04
-1.536437152018232943e-04
3.028032976928538011e-05
-1.255134159848202147e-04
-1.075656484451598116e-03
-8.449830648613425310e-04
-4.030165432634159883e-04
4.715292214575554641e-05
-2.610695052216779194e-04
-3.180086371325566152e-04
-5.691389392792935153e-04
-4.758965658471052407e-04
-6.923739388837411857e-04
-1.089187065300603607e-03
-7.920877648257083209e-04
-5.228440579855796189e-04
3.153635344335867230e-04
-2.662799728736717220e-04
-7.621859412011988688e-04
-7.212361732500515571e-04
-5.721275588395115241e-04
-2.798686405835072027e-04
-6.643243217594862332e-04
-1.286399230040913971e-04
2.329256341239869729e-04
1.501087679420236992e-04
-2.246491295503343782e-04
-4.395406849000936533e-05
1.998819220854815976e-04
1.559795434546307896e-04
2.342456772919769559e-04
-6.349171481999284911e-05
-3.089705258389916984e-04
4.355931550003360950e-04
2.225869570513291235e-04
1.073015530176401125e-04
-7.305431352838068909e-05
-2.420232397863809198e-04
-8.185191414336254190e-05
2.910042086920489740e-04
2.377668163691722819e-04
7.649936476960203513e-04
5.696900564278149781e-04
7.750987674745822564e-04
4.742773704440334664e-04
2.428028211064175296e-04
6.456374515647882867e-04
8.216466696259958069e-04
9.410417145839199138e-04
-1.159541352455991520e-04
-7.251993169540057321e-04
-5.726711833333036905e-04
-2.171015107824535856e-04
-1.159600309635043514e-05
3.150233856910097247e-04
6.241750463929409548e-04
1.271578558922622365e-03
1.668292214601872769e-03
2.065001132237388043e-03
1.324579761517282600e-03
8.905002736089261128e-04
1.578126574382325564e-04
-3.140222625919036892e-04
1.658961705451218738e-04
4.984677545394680664e-04
3.154655660769292713e-04
2.495164249919808175e-04
2.091294099487300828e-04
-4.224460120732242974e-04
-2.950424290784764425e-04
-1.291729472235360332e-04
-2.937494066193729880e-04
-4.684847745538948949e-04
-2.683592584625110744e-04
-1.633671743445086477e-05
1.711722827676918912e-04
3.370948140835570983e-04
-5.424638359074335225e-06
2.308024854174445251e-05
1.346349472685984261e-04
2.835068056879982978e-04
7.194558680165275000e-05
-1.459217838108914367e-04
-8.207744316171584897e-04
-8.310853810725403468e-04
-1.386281257682756701e-03
-1.449178885831799157e-03
-1.087058322443126140e-03
-5.352776472410721714e-04
8.474197631180326040e-05
8.929102928764403452e-04
1.081854908661993020e-03
1.222983553386496752e-03
1.178481579787192535e-03
1.224835072385799251e-03
1.934173892384618426e-03
8.567222246886815884e-05
-1.219005763675645726e-03
-1.338966747687516529e-03
-1.151117968721322021e-03
-5.710455574489091413e-04
1.313534519198113204e-04
4.755842100419259422e-04
-4.130889502345982955e-04
-3.782428602821345798e-04
-2.845323905991230251e-04
-8.013602591325497126e-04
-1.108473498830373286e-03
-7.791770558866709800e-04
-6.089121510450077462e-04
9.573404013660073708e-05
-3.046916690812827289e-04
-9.187300667892715766e-04
-2.899460052969739243e-04
-4.446388218026682548e-04
-2.691620581981215427e-04
-3.211469811034341898e-04
-3.799812341321491538e-04
-6.587910946225013914e-04
-1.792732047596820588e-04
-4.235374407040356365e-04
-4.221337564854696356e-04
-5.472518075435549301e-04
-2.113957941017475389e-04
-1.256023753847153313e-04
-7.661759369061681146e-05
1.727327984388654647e-04
-6.605827359203453319e-04
-7.159465792123788710e-04
-3.268384635855409170e-04
3.053750018869585622e-04
7.288225599992549306e-04
1.077633659209726452e-03
8.501376196775895649e-04
7.849928930735231014e-04
9.811708283186445362e-04
-3.787431622119877273e-05
-1.071907596832231621e-03
-8.110375197943105879e-04
-4.314542047028080418e-04
-7.564897324040470786e-04
-3.371818662897142077e-04
-1.818720239765677163e-04
-6.853591983095423668e-05
2.995910522386015587e-04
2.932860480224360952e-04
3.095207844488571947e-04
-1.315834759604726442e-04
-6.732390483675191467e-04
-5.586417131872275024e-04
4.144108843372341228e-04
3.860611471783077786e-04
1.145633666838280842e-04
6.182886890212287850e-05
-2.482382233620619369e-04
-2.305085029002448133e-04
-7.759341683543589246e-05
-1.185595766787601521e-04
1.340728492448513623e-04
2.133659213429213095e-04
-7.479951722236515693e-05
9.044763209506163221e-05
4.728595700102845856e-04
-7.925636790398126949e-04
-1.285142204823456341e-04
5.507145438559584230e-04
7.207753253830433138e-04
1.149994681919924711e-03
8.711173175025722221e-04
3.993774963211519508e-04
2.829012372989013480e-04
1.070930451239748143e-04
1.692948730839458071e-04
2.299049767300730823e-04
3.521953128353752516e-04
2.386472016928497392e-04
1.433369059036272708e-04
-1.272751971552119055e-04
-5.072898445256969480e-04
-4.269028207282300064e-04
-1.394717519039891107e-04
7.362541765256781778e-05
3.209467629532013894e-04
8.342708739950705638e-04
-4.134433040948216898e-04
-1.206927517329895935e-03
-8.189445922124234667e-04
5.534129100965134301e-04
4.855271306037564627e-04
-2.542012063382770998e-04
-6.451853563339739889e-04
-7.261367374670549268e-04
-5.508434324696439427e-04
-1.439439430520345758e-04
1.067388193809835212e-04
2.138000951775586439e-04
2.254283263697035716e-04
1.960455217745876721e-04
1.859045709503882871e-04
-7.431415452361419399e-04
-3.157058321775520204e-05
-9.590888806328299807e-04
-7.582721093751364910e-04
-9.021652922531772992e-04
-7.856967175080553645e-04
-5.340665066640168726e-04
-2.287540540871135439e-04
4.181032558549756251e-05
2.224711504563020581e-04
2.364356074520349710e-04
1.472531838001807716e-04
1.571353263126861605e-05
-9.940224239885636637e-05
-1.637582300958711351e-04
-4.129335851192454665e-05
-3.519093245766139258e-04
-1.713888784223615083e-04
-6.396958950505996291e-04
-6.917905528211994778e-04
-5.030052543827433307e-04
-2.893937947701933277e-04
-4.109124816840557456e-04
-4.187785095175551760e-04
-3.570472918454608690e-04
-1.885051502943859304e-04
1.840762454253617054e-04
5.458688254151285255e-04
-1.208178728578637381e-04
8.775756254425070430e-05
1.928928418824201775e-04
2.039153278706449558e-04
1.274053355179779069e-04
-7.953167652399967084e-04
-1.187154113496860508e-03
-1.155140553315538166e-03
-8.194634967435697644e-04
-3.376810229730239227e-04
1.761214185876849164e-04
7.730628489525243063e-07
-1.033945158886327362e-04
-1.679059221051629365e-04
-1.901774997475234527e-04
-1.208331912030888300e-04
2.431588420363436920e-07
3.044807609913916316e-04
4.699215188720205338e-04
5.269613049721584737e-04
5.139371408213872210e-04
4.873576067201651051e-04
-4.762576227539160392e-04
-2.571783069387041046e-04
-5.636064791196223646e-05
-4.945318351104203633e-04
-5.680822999178818979e-04
-1.233629816082833230e-03
-1.539028140538667520e-03
-6.705884056432591736e-04
8.888224665618495342e-04
1.438734166394604365e-03
1.469173682930373977e-03
1.190296523323150415e-03
7.332540479599651247e-04
3.050240849499156852e-04
-1.072017912154895215e-05
-8.631062593136948520e-04
-8.602987837874574717e-04
2.747997308293363347e-04
-5.427657391679011067e-04
-4.743093625919365258e-04
-5.931557084523065258e-04
2.224873741435689362e-04
5.254104098948754464e-04
7.239111008684830963e-04
5.085520382524104680e-04
2.810255990966977206e-04
3.568004955173957778e-04
4.778252656598748222e-04
4.195863234810367744e-04
4.614042725113121838e-04
2.856698566469611632e-04
-9.124975018702925723e-05
-2.368367033902132423e-04
-4.157392926302723207e-04
-3.487949163377084385e-04
-2.247999091254393998e-04
4.976528100064420319e-05
2.427025249772420384e-04
1.832411619218726685e-04
2.372487334139912300e-05
-9.586262841348780267e-05
-1.256878088918450846e-04
2.872399097402845210e-05
1.123741875530073504e-04
2.516774077476211045e-04
2.477853288475660807e-04
2.220408464883718647e-04
2.669691382296149676e-04
1.438329760890728372e-04
6.492507476411999053e-06
-1.665816419264353572e-04
-2.057927219121695808e-04
-2.636705657465687616e-04
-1.150094794722766704e-04
6.529725790743311654e-05
2.720462064292686073e-04
1.568084529216110575e-04
6.557023440990775512e-05
1.102559511027443803e-05
-1.711544893200794316e-05
1.489535239320642461e-05
9.486195380287881264e-05
2.253564733003590986e-04
1.520179424710091723e-04
6.951729193309581258e-05
-7.071905893811123930e-06
-8.563963484403734963e-05
-1.414594461948716613e-04
5.466686664182998211e-04
3.479993990823325965e-04
6.901449865632245176e-04
-5.733850424800802578e-05
2.743606303157899821e-04
-4.135703230101549048e-04
-1.215298120189950079e-04
1.048441179013407179e-03
1.366200987597630985e-03
1.342877766823284691e-03
1.237823001870554801e-03
1.237113753636347527e-03
9.970075057462671891e-04
4.688671636646265378e-04
5.035787963077395513e-04
5.515013317400983134e-04
7.469179979190370550e-04
5.276255367864818996e-04
1.743649630046861798e-04
-3.343277682905741038e-04
-1.242584949618288220e-04
-8.352626272097180005e-04
-5.358919419025508918e-04
-2.013099986327773760e-04
7.263884963390823679e-05
-4.125909413125669611e-04
1.473045748845332181e-04
-1.880957334195101222e-04
-3.504065313965753353e-04
-1.755156637910531593e-03
-2.094105059045380315e-03
-2.110192203965203551e-03
-1.709547621166361900e-03
-7.352079341248060271e-04
-1.171104835999822388e-04
-1.523360502533118062e-04
-1.323474129346555433e-04
-1.462399869709969484e-05
-2.151885974821118007e-04
-2.974567517200559733e-04
-4.509832632592024847e-04
-2.645102766653349832e-04
-1.228450409782077320e-04
-2.266270360892060022e-04
-3.240230493767883545e-04
-3.537080567707774192e-04
-3.212274227358028443e-04
3.197940409161575959e-05
-4.029112032733752832e-04
-3.549346433574750419e-04
8.338242268099123680e-06
5.129106284083419579e-04
1.287042388779433520e-04
-3.235924881273160615e-04
-4.876229226623185649e-04
-1.193918760360329363e-04
6.516993474741937823e-04
5.844991046164866319e-04
3.429528172828098884e-04
4.428136864808760679e-04
2.939595672107278177e-04
-2.901494718012673961e-04
2.475577093229168382e-04
7.756151165322196445e-04
5.352891061074416170e-04
2.876462047713529945e-05
2.719647577516513294e-04
3.647749927308120525e-04
2.245040932486105922e-04
3.789449912781836516e-04
6.241298302161230223e-04
7.731587181195524565e-04
1.177155225464584110e-03
7.813584722335190080e-04
-1.392962937393354972e-04
-4.071021693691622562e-04
1.503873996279532152e-04
7.259658575587387211e-04
1.143633034042628761e-03
9.510839086241231269e-04
2.472551050846051243e-04
3.114275619763139796e-04
5.462452948871102804e-04
1.010312069969897253e-03
-1.292645469445231204e-04
-3.299580091523177799e-04
-9.607961139017455465e-04
-2.124051509208007421e-04
1.249191121755303946e-04
6.638021434318391173e-04
1.252862325194451648e-04
-1.085931894243344353e-04
5.316463474018887081e-04
3.206884639677144710e-04
9.700434877761045238e-05
-9.993686382197067286e-05
1.357608038631552549e-04
3.749001208653637840e-04
5.540075170957173972e-04
4.429965149569531357e-04
6.455738779172822545e-04
6.840117439985363840e-04
5.459741692879025582e-04
1.115733579777761220e-04
5.126062667765041853e-04
4.720189571360278169e-04
6.461096179825737140e-04
6.765270748928364081e-04
7.777552547042036746e-04
6.644820835572870510e-04
1.876396237774323461e-04
1.190800985024911135e-03
1.040796679584170270e-03
5.317718895059275752e-04
3.880135034052510645e-04
2.204205355736434113e-04
-1.055527770873476712e-04
-2.046935287034548634e-04
-1.864691631481979472e-04
1.524683711414849541e-04
3.728895060816847518e-05
-2.132561509934557953e-05
-1.195109705264887912e-04
7.331634189142177682e-05
1.982564460846283905e-04
4.604686397750405724e-04
-1.555023039545591623e-03
-1.992835923737144160e-03
-1.545962021885467080e-03
-1.228108188636712478e-03
-6.499360704456218218e-04
8.490571918307217303e-05
8.432615755998764534e-04
3.763735246754829067e-04
5.724736001171300270e-05
-1.288961187445349099e-04
-2.023690257605195719e-04
-1.491378112831592828e-04
1.154423456447353780e-04
6.618525805215085683e-04
7.941270400157011966e-04
6.464955520668960731e-04
3.165468432136456234e-04
-2.131348409806568811e-05
-1.314540528899375144e-03
-2.001496539391470902e-03
-2.549795477244846606e-03
-2.286773897066123398e-03
-1.565787772633863914e-03
-7.157641967378072789e-04
-2.787920135370516167e-05
-3.177531727074391077e-05
4.252406335877000065e-06
-5.357629612935425542e-04
-7.066125770955802160e-04
-1.086355077111135839e-03
-7.372701091507552137e-04
-3.546289546857549907e-04
4.307947942612773765e-04
-4.322332869735592484e-04
-8.965985140050956176e-04
-9.282043372265658641e-04
-6.416992236355260285e-04
-3.067322458073630065e-04
-3.097375033592772529e-04
-2.734445858491606532e-04
-2.235618817794028548e-04
-1.975785414858377065e-04
-1.756004448572361305e-04
-1.474482193378145957e-04
1.293696329579031596e-05
3.225822359553088626e-04
4.729321110787832881e-04
5.106392707030480999e-04
4.431448860391880079e-04
2.919769064360509987e-04
6.833841375654447006e-05
-1.186178324202058617e-03
-7.990727318885348669e-04
-9.845068478345178793e-04
-6.081357686433365786e-04
-1.674241882943263132e-03
