0.000000000000000000e+00
3.718381264700004740e-03
4.366343809729701653e-03
3.292787343315450865e-03
4.409711591301934686e-03
3.590788689995752514e-03
4.745453678933905795e-03
3.791065573620772122e-03
3.651870207151144965e-03
3.492190511314913204e-03
5.177736465938484467e-03
4.660476330349272445e-03
5.148402643361027486e-03
4.518776713569719328e-03
3.932998728565464952e-03
3.735520145212417598e-03
4.952579031526946340e-03
4.859577223832053927e-03
5.303817236656099832e-03
6.058061844630618920e-03
5.258183277327826977e-03
5.995150831541673497e-03
4.364811902212273331e-03
4.556816975886446297e-03
6.032019128247911866e-03
5.807804839538910358e-03
5.899639542224471844e-03
5.502581829741309827e-03
5.451117419592116375e-03
5.813595345012106952e-03
5.600460724320077688e-03
4.708307391485921922e-03
4.346794029620765221e-03
6.065569127239600622e-03
6.800919319749298975e-03
6.844650078767944290e-03
6.181602704971339568e-03
6.709631400435733806e-03
6.254740554913207351e-03
6.082290849060173477e-03
4.269668857031116982e-03
4.810614760668713297e-03
5.093793498651411067e-03
4.970208564058331557e-03
4.739992839588980100e-03
4.228120129870227561e-03
4.522226077556479318e-03
5.411402220718786182e-03
5.457172261054188400e-03
4.426778358979588379e-03
4.322257891997915991e-03
4.269821895461101136e-03
4.107500328182689397e-03
4.951573631630568073e-03
4.730595201209275569e-03
5.339597894501557640e-03
5.511815788211527067e-03
5.093455482491404673e-03
6.087768874315946377e-03
4.586568745827301896e-03
4.819607553954219359e-03
6.392645548943642897e-03
6.930750714418842939e-03
6.383194232863431683e-03
6.051638778845513933e-03
5.924980711873917283e-03
4.909987019127370900e-03
5.923915661026679658e-03
6.144712618934067283e-03
5.495471926700246090e-03
6.037187927259102249e-03
5.818341070899957224e-03
4.731282724552698937e-03
5.066625895401688506e-03
5.893940539022757275e-03
6.003926844831475318e-03
5.988363474802305131e-03
5.209094666361713255e-03
4.311285381287111029e-03
5.066215132667195586e-03
5.247815775713315922e-03
3.560394313461945348e-03
4.112003701527255917e-03
2.864166494438158406e-03
3.903887966960783995e-03
3.165100549387123152e-03
4.641687116473114383e-03
4.233873764414530783e-03
4.780201669534078768e-03
5.122776081051549912e-03
5.055542214628394593e-03
3.943513861410674615e-03
3.773501485981212156e-03
5.302037745997134621e-03
5.582547875269461279e-03
6.030350380151983103e-03
5.127999334333055437e-03
4.866030073213178930e-03
6.040006442068146519e-03
5.647733977431457220e-03
5.664394657978188974e-03
5.251855984058195759e-03
5.997480250970133042e-03
5.718502240797729286e-03
6.494480832546667415e-03
6.397615157991864976e-03
5.407805488205408295e-03
5.928245564992495886e-03
7.168050565641181926e-03
7.182098117617385924e-03
5.953983345881153078e-03
6.616815512509477415e-03
6.832142741215130322e-03
6.888084872420985327e-03
6.033647144142118002e-03
6.370400457376468317e-03
5.961207271041435440e-03
5.621890172358923188e-03
5.672375946872643127e-03
5.982786916190363513e-03
5.566670087190250804e-03
5.456160151895983468e-03
5.731981309805345148e-03
5.401614798866249956e-03
5.455974418607123511e-03
5.136892217230903945e-03
5.287329352274161565e-03
5.790837244947666385e-03
4.879199051551319499e-03
4.558652503263260769e-03
5.786880504345059961e-03
5.540435644814434291e-03
5.828293890077662631e-03
4.948349128854334644e-03
4.782725312530988759e-03
5.310404433230830890e-03
5.324437928595826541e-03
4.971521910381970777e-03
3.584706922918234895e-03
3.370194806808890498e-03
3.982847923700072457e-03
4.501289137975095223e-03
4.904991308772532754e-03
5.197159954676955351e-03
5.851144548456699290e-03
6.496276570106540582e-03
6.581644241890005631e-03
6.471814086734917204e-03
6.690665189069688878e-03
7.124312071616789588e-03
6.653074737702380226e-03
7.067263335732154594e-03
7.292130616742831251e-03
7.306333207165338628e-03
7.133759381415250012e-03
6.537845746719894713e-03
6.977561488050398886e-03
6.595711264665404805e-03
7.267847545727734726e-03
7.492801114615921243e-03
6.659227116294741400e-03
6.307609257765411925e-03
6.127319851982226950e-03
7.024646189492500525e-03
7.307327803569796387e-03
7.821332379800538526e-03
7.996105329376335114e-03
7.982872949749308944e-03
7.163661424946843326e-03
5.853912649455228490e-03
4.331489366039442679e-03
3.604850285167882085e-03
4.573464602165455695e-03
4.461595479119062624e-03
4.853264720195316073e-03
4.310413144386182616e-03
3.835476182130426182e-03
4.870754880503258555e-03
4.353234782055515062e-03
4.538897749152948080e-03
3.633017467290500235e-03
3.618659163640458587e-03
4.405219776387303554e-03
4.381558100873039763e-03
4.155715905340029437e-03
4.482304112549462261e-03
5.833888373987239362e-03
5.322262411224798484e-03
5.351612651318005121e-03
4.724923423696347768e-03
5.385961561426011457e-03
6.040782882534623255e-03
5.578252843229103419e-03
5.623013861861370088e-03
4.626673900977706921e-03
5.159392326058664935e-03
5.969586019716199843e-03
5.878835121543746212e-03
5.734689162051331834e-03
6.378965981812756425e-03
7.650736695694826395e-03
7.344594569741680345e-03
6.831271704175412296e-03
5.973751792212933509e-03
6.099626424452164741e-03
7.000305211303681219e-03
6.688847224196159402e-03
6.305449775827254300e-03
4.997751297457941888e-03
5.379944801722436054e-03
5.388150723563800426e-03
4.990122833337551356e-03
5.117230401749051083e-03
5.163587484808163097e-03
4.799387962807433183e-03
5.124977646104200701e-03
4.986785678589011894e-03
4.609079060532206285e-03
5.468375856873874952e-03
4.632736548315197211e-03
4.593585243821474151e-03
4.405728062202074469e-03
4.199256812694063257e-03
5.268556539560043106e-03
4.158891674548970130e-03
3.855013119621553130e-03
4.135173344335107970e-03
4.877555645357967151e-03
5.974926857723161788e-03
4.788967022072654345e-03
4.356651911497255725e-03
3.727068531686583697e-03
4.466288048891930984e-03
5.515026658199362330e-03
5.631944077934880610e-03
4.115312751282518278e-03
4.790749603986732552e-03
5.840775302003553549e-03
6.199996519237416237e-03
4.390975373923966529e-03
4.424987924077639079e-03
5.824293797709101383e-03
6.323080420377991118e-03
6.295232109716275559e-03
4.410559980043471384e-03
4.431830183898588515e-03
5.607412774750963891e-03
6.198091329692401175e-03
4.669023664390925532e-03
4.636560351438667738e-03
4.939133255811523071e-03
7.092289764724535317e-03
6.907576882015709074e-03
5.602298592795040832e-03
5.481340801005485375e-03
4.867532734415647155e-03
5.786965847372149696e-03
4.329046678842818352e-03
3.407357862331927834e-03
3.733241125895014889e-03
3.739846442877503563e-03
4.701005345248088219e-03
4.361871554117824346e-03
4.258495168521392316e-03
5.335262653663574994e-03
5.386328451921107430e-03
5.291503273454845058e-03
5.073844456285003801e-03
3.252458533523405748e-03
4.100446807808522109e-03
5.356599289816132980e-03
6.343298985490131159e-03
6.196686858287003830e-03
5.596987472090697580e-03
5.633889700354499652e-03
5.968673014670633492e-03
5.723413993139025990e-03
5.170504294835787107e-03
6.608901728922367269e-03
7.367959347379660073e-03
7.962318042691318709e-03
6.604797868472012112e-03
5.641912642172508541e-03
5.074312383563261974e-03
5.784227798599550496e-03
5.056458729729262913e-03
5.374421964101649962e-03
5.691019618131454294e-03
5.878194413722948042e-03
5.498663816606796928e-03
5.382246588567562995e-03
4.857953681005167113e-03
5.419720924394466621e-03
5.521951695444338171e-03
5.225936212391424363e-03
4.762088703138767087e-03
4.751766076198649102e-03
5.383314393143656673e-03
5.513737765428405879e-03
4.752485143818541147e-03
4.667086772712991660e-03
4.770133613166027686e-03
5.688195820485963949e-03
5.306703931972522881e-03
4.130190024417945693e-03
3.863350349710081844e-03
4.839677138984255222e-03
4.845026925966555709e-03
5.514481685355177021e-03
4.491431599063844260e-03
5.001226967780381116e-03
5.530316725839368175e-03
5.452173893803369253e-03
6.096866309026616193e-03
4.904401956626003312e-03
5.729250645433392464e-03
6.334840805768182648e-03
6.712846044367060117e-03
6.582509931065017028e-03
7.066648087524107780e-03
9.655159627656173527e-03
1.043575162302201598e-02
8.700149798305023552e-03
6.291874604676950256e-03
5.261206501975479455e-03
4.316183004356544117e-03
3.289219566019463414e-03
3.823882444865756014e-03
4.133712351614526881e-03
4.360196295142060308e-03
5.873538113654541704e-03
5.877541083302739722e-03
4.848882302750601170e-03
5.215048042201075873e-03
6.027856290007571616e-03
5.797881847813046718e-03
5.213678873474014708e-03
4.703203489498486434e-03
6.268841340356878788e-03
5.737942794452610684e-03
5.268598630549625739e-03
4.635681749826536802e-03
3.541300679627656933e-03
5.782751949059417029e-03
6.236034334091478115e-03
5.545541361042127804e-03
4.960487442572381056e-03
4.764188681896763811e-03
6.538561497890782448e-03
6.080881788473435634e-03
5.750861998016221222e-03
4.509410369945454633e-03
6.505119569883976993e-03
6.450554965395927098e-03
5.607021861715022482e-03
5.463634977356912614e-03
5.945566552379766279e-03
6.507408843035245027e-03
6.607668892323559362e-03
6.127845443191892727e-03
6.470018533140553529e-03
6.314950695805121583e-03
5.887152788289995442e-03
5.623246470301657141e-03
6.152685841091631858e-03
5.498842488737665235e-03
5.549576329658467699e-03
5.545858238949818997e-03
5.945437847612033977e-03
5.432738058972930162e-03
5.558666662992983731e-03
4.907565950186043580e-03
5.009095468055946299e-03
4.592035731478816274e-03
3.843277900255070989e-03
3.983388146068467250e-03
4.354184462358912100e-03
4.168792010939004200e-03
3.633795330197919782e-03
3.489472177909291872e-03
3.322796784968939932e-03
3.543096593217942569e-03
3.783519421040715258e-03
4.344362136030177624e-03
4.526869677664802083e-03
4.807642854342208949e-03
4.746455219089451560e-03
4.550347626978812343e-03
4.160419851772623190e-03
4.490574394302448979e-03
3.878923698094283168e-03
3.841231529365440878e-03
3.619102787558059475e-03
3.780802234986779808e-03
5.192480198880300435e-03
5.203327337695462518e-03
4.796773076917837386e-03
4.125328070242240130e-03
4.228746224879564863e-03
4.114734417471677119e-03
4.055371256977302608e-03
4.288916214483684541e-03
3.174077166513189496e-03
3.584146843928603943e-03
3.014984870713277587e-03
4.169041970282894027e-03
3.585566498859993345e-03
3.591994352191374418e-03
3.529214345137976494e-03
4.217006766773501170e-03
4.262583797666863461e-03
3.570373707415530617e-03
4.001071336712680448e-03
3.627866096746146241e-03
4.328962324511298476e-03
3.249363721083753376e-03
3.231974589823938260e-03
3.654245780926768106e-03
4.933954085529101974e-03
4.453732225882411910e-03
4.057059584543942776e-03
3.890168320882736452e-03
4.873060143588681115e-03
4.567167692620888175e-03
3.776338592809125316e-03
3.947690024558081490e-03
4.039242120013941673e-03
4.689624944912651472e-03
3.701570691579281203e-03
3.967420915197639175e-03
3.211448290502350034e-03
4.079915306742343262e-03
4.456019104415620546e-03
4.183124649476788193e-03
4.459051841643635328e-03
4.810480857008414546e-03
5.099160889331599833e-03
5.264862362683864205e-03
5.131039610349663604e-03
4.606645453617108643e-03
4.427463322814961799e-03
4.630343758378341334e-03
4.863195221705751692e-03
4.619001369539077473e-03
4.775477393732519005e-03
5.398237530270133533e-03
5.117470066597906708e-03
5.148452921977852981e-03
5.043850392398407934e-03
4.796644926640780682e-03
5.911207328140211104e-03
5.928148358037343968e-03
6.013552318918424788e-03
4.865813716719014081e-03
5.811244763267886526e-03
5.442451556831873205e-03
5.341637954714872905e-03
5.405518851174573314e-03
4.670482509766316070e-03
5.353513493405070989e-03
5.495154751995023901e-03
5.344318850155627132e-03
5.970265153770526467e-03
7.106823931868788691e-03
7.246936522928848490e-03
6.413795649327092008e-03
6.245651035886812252e-03
5.158277667672184208e-03
4.424417080714171391e-03
4.747804052601445335e-03
4.580260169690930638e-03
4.656422119566183682e-03
5.788930114241086500e-03
6.838788154106989481e-03
6.781245527555768149e-03
5.807037652769242442e-03
3.686769439077863808e-03
1.446039005466026595e-03
-1.249155478558527932e-03
-4.097553441674950392e-03
-6.054416795565398246e-03
-6.500692042326061681e-03
-4.103468736944115847e-03
-7.096170796034861894e-04
3.218647786635830954e-03
6.215374423668151849e-03
8.881597844738742253e-03
1.064576556046148426e-02
9.233095043705397131e-03
7.281724965114921844e-03
6.327212751808808378e-03
6.358925420864025568e-03
6.489622052339605318e-03
7.731036213843633931e-03
7.090542514927467010e-03
7.317736496056603812e-03
6.884582944262973569e-03
6.079290907505807695e-03
6.100698995781250744e-03
5.866069709172805346e-03
5.929924264889141483e-03
6.683225356095778835e-03
6.265041623057854281e-03
5.153914571656148524e-03
4.765770892269038939e-03
5.686193407705264491e-03
5.995120740779569246e-03
5.816549713749452621e-03
5.339295672387223135e-03
5.395212960408013458e-03
5.669579487826759134e-03
5.679172931387643786e-03
4.793704908279572408e-03
4.433250628023355233e-03
5.288436717536537657e-03
5.407365324307189525e-03
5.316006936656680892e-03
4.584740150510580037e-03
4.601720762497762962e-03
3.975227298411265764e-03
3.975615033037893653e-03
4.009739623199504166e-03
4.613476851209163954e-03
5.645361009480875936e-03
5.784347346950102775e-03
4.988075759387644581e-03
4.634503797784628176e-03
4.352558897990910225e-03
5.704462328286030726e-03
5.229859029403538528e-03
5.508232937444734745e-03
5.891558495762616587e-03
6.334784131363235815e-03
7.028609854051293127e-03
4.840831552153979089e-03
4.323484816640466022e-03
4.150374360316178013e-03
5.683863077267314878e-03
4.826681748644645609e-03
5.984816397269110411e-03
5.322262765119045724e-03
4.832946858282394231e-03
5.663740981809439745e-03
3.778908837648753405e-03
3.807331305101691044e-03
4.323563346460890244e-03
4.504746250769908755e-03
4.801889752678700773e-03
4.920798629288292148e-03
3.047712859808981989e-03
3.418244907388068299e-03
4.009193585411630067e-03
4.024577942318252610e-03
4.302479580373219648e-03
4.008859183724400310e-03
4.112854232045215497e-03
2.529716030821305139e-03
3.695750548022402882e-03
3.983732278999507770e-03
5.608522764845691455e-03
6.009391846911071866e-03
4.490229310945448304e-03
5.933218994357059017e-03
4.888402171181471800e-03
5.279252386420463239e-03
5.645342285617083178e-03
4.070547920145273224e-03
5.343005571297965162e-03
4.978833825664441548e-03
5.086238074545335053e-03
4.854422835082861098e-03
5.829825330222249136e-03
5.648492212933398093e-03
5.135985714796120760e-03
5.777957100786768052e-03
5.180717942182777591e-03
4.786901684478817032e-03
5.021621153219690825e-03
4.991338623259178320e-03
5.665517167895650630e-03
5.934860632211602649e-03
5.642624349136315942e-03
5.869020898966681443e-03
6.190460120368612706e-03
4.969930333141636680e-03
4.584159090431860761e-03
3.755760338004954235e-03
4.003855443251325141e-03
4.486167883774427878e-03
4.509935877266890714e-03
3.573882645045323159e-03
3.106435065884038949e-03
3.572378455865443669e-03
4.089171661127100066e-03
5.077217395144106860e-03
4.703739593356903725e-03
3.216685712716937928e-03
3.735327575241864650e-03
3.768515649077208707e-03
4.164268844546459292e-03
4.080344769086252654e-03
3.974542640275746663e-03
5.182116898569955055e-03
6.147072224670591112e-03
5.840312558755389460e-03
5.848100793325983204e-03
4.972090798569084313e-03
4.994779212860844808e-03
5.390959482627355470e-03
5.437764353778629101e-03
5.299990260797304842e-03
5.379154084430126659e-03
5.649360188567875696e-03
5.776064885110177016e-03
5.609517258483354141e-03
4.329297987511360191e-03
5.621627171052523408e-03
6.523307014659973646e-03
6.683731162723027808e-03
6.287299342878416297e-03
5.030972110447784473e-03
4.619334093721505496e-03
4.970175020583500469e-03
4.750328392601144145e-03
4.207973145583299157e-03
4.475987308802498177e-03
4.995392866238734797e-03
5.692323633182727605e-03
5.059289946796052817e-03
4.559540764012659508e-03
3.912277030055477667e-03
3.678293491424788897e-03
3.541175591528666899e-03
3.347454546315020707e-03
4.051529891983207676e-03
4.041719255864606453e-03
4.529024355453881157e-03
3.985605773286327036e-03
4.156937403919869212e-03
5.119201331414746647e-03
5.130065084397728015e-03
4.987804690722796863e-03
4.405134224757745187e-03
4.387679439189717812e-03
4.390807908073224297e-03
4.566721280201413435e-03
3.757038994453676395e-03
3.145299147852220756e-03
4.130556899958559569e-03
3.872824764390880858e-03
3.885230066779765679e-03
4.546611798286193107e-03
4.677955253280963177e-03
5.234029559337383120e-03
6.195799365490195498e-03
5.542554201917404555e-03
5.857689248836894791e-03
5.453497214225944134e-03
6.106842630701603269e-03
5.635517718119764652e-03
6.172877943936061484e-03
5.856966086978498964e-03
7.078012861108984310e-03
7.144620249880162532e-03
7.311178234662651931e-03
5.665026927658800560e-03
5.331499758538083000e-03
6.022278458267749102e-03
5.638051997256088299e-03
5.579677956127238048e-03
5.081144985045416007e-03
5.947262663661412319e-03
5.944736007439388459e-03
5.488226620566027947e-03
4.640585918468609350e-03
3.833568703010659107e-03
3.858998454800754985e-03
4.531390574007865268e-03
4.966239788493975738e-03
4.976954132614341830e-03
5.678775058275853382e-03
5.470268980720227603e-03
5.782353191402744841e-03
4.844589682840183542e-03
4.682394179878812679e-03
6.103024285116998016e-03
5.194543336128010225e-03
5.365076804739299376e-03
5.159425217091673233e-03
4.473690141596264880e-03
5.292647818540441307e-03
5.586244718368771345e-03
5.233331582900735413e-03
6.242687199827123834e-03
6.013007979304152428e-03
7.461769792309169702e-03
6.561949065354344413e-03
6.583302292848980386e-03
5.722470431690052095e-03
6.775175001896283078e-03
6.656447863720771352e-03
7.439919346573731218e-03
6.240920778976200012e-03
6.081158619470006244e-03
5.711265641770602031e-03
5.535354648373402853e-03
4.740187330933398613e-03
5.388941837528804513e-03
5.497720405363448748e-03
4.958636896522872206e-03
5.796780479760954563e-03
4.169768422095376792e-03
4.360146569091671864e-03
5.987026597584765852e-03
5.132013246749167479e-03
5.966525531456490228e-03
4.561041523510223072e-03
4.403023530007210695e-03
5.754344347126405523e-03
4.729859438399319771e-03
5.495712549182130147e-03
4.096794151176919030e-03
4.674471360064824665e-03
5.967048297948807090e-03
5.714887066829543727e-03
5.759406341995454426e-03
5.298254646739497531e-03
5.512107973518087789e-03
5.549062585711972417e-03
6.784853255627609769e-03
6.937340504647782069e-03
7.598276866984665645e-03
7.486652896527612455e-03
7.637268850699818756e-03
6.012791823028607041e-03
5.476357014799759781e-03
6.240223254653010088e-03
7.304701463822116381e-03
6.940316405076973894e-03
6.132399595171644791e-03
5.299022169321876419e-03
6.038401966087736383e-03
6.423177049299511054e-03
6.228417657591744927e-03
5.603915031516137901e-03
5.512224430846313084e-03
6.180563244442716098e-03
5.820765923763904226e-03
5.950772392504077857e-03
5.282971430690341919e-03
5.978190504895675161e-03
5.609786793143722861e-03
5.209544456195480677e-03
4.756129953473742233e-03
4.725070321117907923e-03
5.427826086647158377e-03
5.746875732528522462e-03
4.987716986541101960e-03
4.815532364632169049e-03
4.720730802966421891e-03
5.018996882792947645e-03
5.477128362725736110e-03
5.128170545409815873e-03
4.530000396629318971e-03
5.025488060081073627e-03
5.492155628545880575e-03
5.158997090069838976e-03
5.129841668574997016e-03
4.729340685006633294e-03
5.805372542942777159e-03
6.194826989770696457e-03
6.100445946096932914e-03
5.320981412610947814e-03
5.976572025501170060e-03
6.008092263211750605e-03
6.171827892447190322e-03
5.776792865737512273e-03
5.559814729191536742e-03
6.192574340894374529e-03
7.120820896054702587e-03
7.102260523589087882e-03
6.412164722027213770e-03
5.693064019190785530e-03
5.808199273899639081e-03
5.332413571593974666e-03
5.334887850781733221e-03
4.366602008079922825e-03
5.012739600651627825e-03
5.863894954417858685e-03
6.212611570297177366e-03
6.525593397513240745e-03
5.278449849106969793e-03
4.585878721909963929e-03
4.149237744116796023e-03
2.964741402489146083e-03
2.628695797088909103e-03
1.456271176755841168e-03
2.337453142262191363e-03
3.868548032282426163e-03
5.052006243788653705e-03
6.373501391284008832e-03
7.751422054984580257e-03
9.438584866639843085e-03
9.086863438555248251e-03
8.258771831186173529e-03
6.438758314289749762e-03
5.896857804721378216e-03
5.739925145172186660e-03
5.257325703494686309e-03
4.712730648358309793e-03
6.146029144129983024e-03
6.726938465963172575e-03
5.620939303480732008e-03
5.518831923664535566e-03
5.519237013357880528e-03
6.313328498681158862e-03
6.684284120643368965e-03
6.685682545232829455e-03
6.308550555018221928e-03
6.458764511745762604e-03
7.299392308014240882e-03
5.793177242802372007e-03
6.477057718766943140e-03
5.500989307888559665e-03
5.774503395398866701e-03
6.078904943065843725e-03
6.366876136458365920e-03
5.604351319894895767e-03
5.932288916805639190e-03
6.160572648791884376e-03
6.471526736553379067e-03
5.993935307971653970e-03
5.855725647812448642e-03
6.066020530317572934e-03
6.383572650969782103e-03
6.102727268713081799e-03
6.053808866951726486e-03
4.703419430884814290e-03
4.884297191718900422e-03
5.587996749378376649e-03
4.741621400014217613e-03
4.581606418018857596e-03
4.186339362048485668e-03
5.786208022869665513e-03
5.969355330175396546e-03
5.540874450025157216e-03
5.385607713010998054e-03
5.804040156800027717e-03
5.708879347070094923e-03
5.808942121508842149e-03
4.840841294175390885e-03
4.541831698031018050e-03
5.052697108174797336e-03
4.502188303358245491e-03
4.803770945572161111e-03
4.165532242607739022e-03
4.000742821276936922e-03
4.621915383876462613e-03
5.510169504652218109e-03
6.108733186880321853e-03
4.993789021183303589e-03
5.386117837293369348e-03
6.098482541455396699e-03
5.247859403425536584e-03
6.036624673119383999e-03
5.917515937264639092e-03
6.741550604926871415e-03
6.312884871311652546e-03
6.721287953943999582e-03
6.078412727823057082e-03
6.858437682721429951e-03
6.525789883399468749e-03
7.174429691830574995e-03
6.858601066658032153e-03
5.515165136736221996e-03
6.168789665151663826e-03
6.929879009810235857e-03
7.434544932500841696e-03
5.860962470400465918e-03
4.663134729201878770e-03
4.705158349731064504e-03
4.613216085456173232e-03
4.896618328481316951e-03
3.785452818213741466e-03
5.181284940537267403e-03
5.802865339377127896e-03
5.587312384000675536e-03
4.634869879862613118e-03
4.265157030685529094e-03
5.226058490513274535e-03
5.350322560291331797e-03
5.685306043631044304e-03
5.234880539408237610e-03
4.982634682997755249e-03
5.642845021466946775e-03
4.882381778722688637e-03
4.810068190634453345e-03
4.710310292423969258e-03
5.476646992086386945e-03
5.744217776883608906e-03
5.365477619204028770e-03
4.063373576650874952e-03
4.773570081036737633e-03
5.026890074696588329e-03
4.897755474537746068e-03
5.204052020259197775e-03
5.087678145834217958e-03
5.409305963220312208e-03
6.217917907454406645e-03
5.933062307054370876e-03
5.396529880600908768e-03
5.931245605412804878e-03
6.500038582161415945e-03
6.560763531041402530e-03
6.280407725177461487e-03
6.643745747340723540e-03
5.953362368127379511e-03
6.603672293827855810e-03
7.188157558800867264e-03
7.400759575610038610e-03
6.277375044946964522e-03
6.136977965319090345e-03
6.129457109762981304e-03
6.489211665854810462e-03
6.432794490447868441e-03
5.793662233742224998e-03
6.514345303449964319e-03
6.349312258373096540e-03
4.869243526785638210e-03
4.150481583035769972e-03
4.816984121245759809e-03
5.162858774653500404e-03
5.334103487437680258e-03
5.384992921174891478e-03
4.878032148591948669e-03
3.403946441788541222e-03
5.038497623065296693e-03
4.992518390310785037e-03
4.462164781087629706e-03
4.686654600978279461e-03
5.001992584693581989e-03
4.941068085696720402e-03
5.457653402790363373e-03
4.036625110658498272e-03
4.582314342287396869e-03
4.787565215421452081e-03
4.868921564865402729e-03
4.473174797954726500e-03
4.656168721814957223e-03
6.042630367589119089e-03
6.488856111767304924e-03
5.779298898583640209e-03
5.324443466648176582e-03
5.180725185883083839e-03
6.397816836899217208e-03
6.258056295384228918e-03
6.347588509504120680e-03
5.933041198558086649e-03
5.602802848295951321e-03
5.986738889401266306e-03
6.526761157227944921e-03
6.169909635445947060e-03
5.454133944251537969e-03
5.415492981089897739e-03
6.616422479256200972e-03
6.721180980251872938e-03
5.736387476381388240e-03
5.315186524113890698e-03
4.443725219402061555e-03
5.356681775862348616e-03
5.160853244496443892e-03
5.755520327898722144e-03
5.294775887015212845e-03
4.693029258880265786e-03
4.721778885346417098e-03
4.055983376527017015e-03
3.893963602538796920e-03
3.649330630099534289e-03
4.360026004345485262e-03
4.443315348656717845e-03
4.023894713598430428e-03
4.858600188740958004e-03
5.329599739938295500e-03
5.009828386488557328e-03
4.434795233717814256e-03
4.321735158317352443e-03
5.427937380637182230e-03
5.505999796773686228e-03
5.446574593563013877e-03
5.346404233680601692e-03
4.874644414476492216e-03
5.578100757074544447e-03
6.011267579661527805e-03
5.787682258800330715e-03
5.047777928848695694e-03
6.367390505665149192e-03
6.684360600774930106e-03
6.630621279744453034e-03
6.101193599591603345e-03
5.582313520219095437e-03
6.243897396746689310e-03
6.544211039228642335e-03
6.661522903910643834e-03
6.588221832744878270e-03
5.776070604880167991e-03
5.251567962174519266e-03
5.437015510212361846e-03
5.087515296068545467e-03
4.830328889072532661e-03
5.263657862217385741e-03
5.637770747717318898e-03
5.484900232585410151e-03
5.161381918230567578e-03
4.553400950525698931e-03
4.575695563915793684e-03
4.750415967953891538e-03
4.174257833742700541e-03
4.081464165529347099e-03
4.740512026314647187e-03
5.072447165341387176e-03
4.772733951120322615e-03
3.961261643423696910e-03
3.652322343184799536e-03
3.990118208188953020e-03
4.776972885111696598e-03
4.567556861561961057e-03
5.217060903505377212e-03
6.030384464651206144e-03
6.204285958269828427e-03
6.910746102227527388e-03
6.082793169218447815e-03
6.226599000587640376e-03
6.609463217023936465e-03
6.415140156552645578e-03
6.500847532876719015e-03
5.204137614579273929e-03
5.270884152284160962e-03
6.572742852351431964e-03
5.912267207708765682e-03
5.879457396058995755e-03
5.332770209682813345e-03
6.335385009887950503e-03
6.389699168819262809e-03
6.593622296665380134e-03
5.162957675835855298e-03
4.991867712222486375e-03
6.625528524706325584e-03
6.606925401935193065e-03
6.151764259867853468e-03
5.416931931845780923e-03
4.512275297030576837e-03
5.298527523215135204e-03
4.629998833396875568e-03
4.779850476549718508e-03
3.808250629997012027e-03
3.918099752792336687e-03
3.956450486739981898e-03
4.787224956987579105e-03
4.550066773447269952e-03
5.170786461821563762e-03
5.473246366394235451e-03
5.238264646068024888e-03
5.448593523469824618e-03
4.324946304634202932e-03
4.846784186016250828e-03
5.687972447884881433e-03
6.947511609677547995e-03
6.810430014117407893e-03
6.637876270731091211e-03
7.363366782922042830e-03
6.129348774849496806e-03
5.112079205178865493e-03
6.119788770013734336e-03
5.341875419687447391e-03
5.753495347682324734e-03
6.114031197995473121e-03
6.413138277276075883e-03
5.650686873989840819e-03
5.060820470569105112e-03
5.869052433509658329e-03
5.980073298585963926e-03
5.536630080395177345e-03
4.686847005035410518e-03
5.336540707679304774e-03
5.561505233456109920e-03
4.557583182957181123e-03
4.567199665631349603e-03
4.470282447093687495e-03
5.155216583408339659e-03
4.781472033353217910e-03
5.249467976820021420e-03
4.052247031819611323e-03
3.842153027506789442e-03
4.524089790070462413e-03
4.004105101889976481e-03
4.188228967042739725e-03
3.625963119595176920e-03
4.913777598016366710e-03
5.069844931350431239e-03
5.408624199502831686e-03
4.470887422456826243e-03
4.195110794426248901e-03
5.435573086717049307e-03
5.177465643884993085e-03
5.467422613293138056e-03
5.480528745048118822e-03
5.408172790891008219e-03
5.641408971076344869e-03
6.163920256184063362e-03
5.897171059853434372e-03
5.777204016138348663e-03
6.582262472580424628e-03
6.901871663653302846e-03
5.978629913625077563e-03
4.791867487526246805e-03
3.882654668087681671e-03
2.301782928741502587e-03
2.921136474402175054e-03
3.651746898633234650e-03
5.602554698028505697e-03
8.262910861486005842e-03
9.385946213635421032e-03
1.095199829598492158e-02
1.083148385605348096e-02
9.365960932933070637e-03
7.001711773036767283e-03
6.225895299178496600e-03
4.477051144535337812e-03
3.845714434786096092e-03
3.573839769310360737e-03
3.597687140417527019e-03
5.009874951150017353e-03
4.754502594606968557e-03
5.081723785161251783e-03
5.141464361417824591e-03
5.631931130216649706e-03
5.057410926110783578e-03
5.137194493184615851e-03
5.046975184420432470e-03
5.249533783445059498e-03
5.563754719968727613e-03
5.290199997369349205e-03
4.806840817265012333e-03
5.607987687331394966e-03
5.543634696618227053e-03
5.608877357644814765e-03
5.614384799297766904e-03
5.389304301347763726e-03
5.191791245045429548e-03
5.940903589740642587e-03
5.960479744189228768e-03
6.281270088394741435e-03
6.166366751739538188e-03
6.508269144415379515e-03
6.248552278358410206e-03
5.589357720468868251e-03
4.657211710122233228e-03
4.412903944343682383e-03
5.153475435208498823e-03
5.155900242400868194e-03
4.807002385432745939e-03
4.391628729749186277e-03
5.095034907789397494e-03
5.143602042809725106e-03
4.935904307107108480e-03
4.974020049155036816e-03
4.787847088885577307e-03
4.688847357630976376e-03
4.803429373305689865e-03
4.747574433047851983e-03
4.948102347605676243e-03
5.078345508321646662e-03
4.442812407317475731e-03
5.224060954357234721e-03
4.923127845020580651e-03
5.724399595738560720e-03
4.654564840258501590e-03
5.183663427634321863e-03
5.435370674595318974e-03
5.619493944703179977e-03
6.712444093941449808e-03
5.380793516666315668e-03
5.917408258080847361e-03
5.599628434509007491e-03
5.954350067020719450e-03
5.492060237135554246e-03
5.978166506634963184e-03
6.479533025525618939e-03
5.968905245844702279e-03
3.980492998792328763e-03
4.721700533130146482e-03
5.541873638232885924e-03
5.524008077710362841e-03
5.717572116552105399e-03
4.771204193810163474e-03
4.711363679126279180e-03
5.276532462303862303e-03
5.310051054411957239e-03
6.003533527222160160e-03
4.752642474518786742e-03
4.827579913491142349e-03
5.078271351868224315e-03
4.764889681256434528e-03
4.318289212069892358e-03
3.947074560422869638e-03
2.692206252357109975e-03
1.595290463845877582e-03
1.800651204387548887e-03
3.886365601104557754e-03
5.604442116275087926e-03
4.502548760566327246e-03
4.782193740355822342e-03
4.894062998907600104e-03
5.554420927329495328e-03
5.566856943509890243e-03
6.128193725931652125e-03
4.158882537588226569e-03
5.252996831181633297e-03
6.001837722660496866e-03
6.276025332223156283e-03
4.122165051270165748e-03
4.310039405291732351e-03
5.029641412936491918e-03
6.493590130852489040e-03
5.879643164999670546e-03
4.984133472826002276e-03
5.509934335346855505e-03
6.090412308653370133e-03
6.539564048528845319e-03
4.921714075563521362e-03
5.063810018395287216e-03
5.853430005592130669e-03
6.635506636132326719e-03
5.396324063687174544e-03
4.990621557805496877e-03
4.737161445573789820e-03
5.425770060464962796e-03
5.891428045700308758e-03
4.729797638454158459e-03
4.125777193660695730e-03
4.321154010089145459e-03
4.842323800963832525e-03
5.178282821399982083e-03
4.827113782545744414e-03
4.202475569115016185e-03
4.732162378698667737e-03
4.945554266325480341e-03
5.038212914895368044e-03
4.460878322785966077e-03
3.978538244469476126e-03
4.734211334499249801e-03
5.926499552011854632e-03
5.218346276578245124e-03
4.970642218366627674e-03
5.021110500249115205e-03
5.439546571980535816e-03
5.353312153600242596e-03
5.305507039599532959e-03
4.957860672192282436e-03
6.755495403826472511e-03
7.435293906258522156e-03
7.641876006028169854e-03
5.935440395155033855e-03
5.351020238435033605e-03
5.494771761413552724e-03
5.670514804132054110e-03
5.612705099290238309e-03
5.409158695400151373e-03
6.058998753574407203e-03
6.533407094162946294e-03
5.485060411326792007e-03
4.945749557714762545e-03
4.489658237276650254e-03
4.099888206777535515e-03
4.355115782514573652e-03
2.627151124950266592e-03
3.070354326905722075e-03
4.094557220780004059e-03
4.872716153563771968e-03
4.997662437638439314e-03
5.569606294208995223e-03
4.819544001204434380e-03
5.857681338852671615e-03
6.685266099848874433e-03
6.226337486578081837e-03
5.397186506794326988e-03
4.735786196431668316e-03
5.011938255850445501e-03
4.396531962176375430e-03
4.721881499479607669e-03
4.335072162066744283e-03
5.812542670741827067e-03
6.436200969394789695e-03
6.511743590110086188e-03
5.913148986775418336e-03
5.173154306875815678e-03
5.117000763219081705e-03
6.099753541835006843e-03
6.449188371583147728e-03
5.794680668217644381e-03
6.607749347087299441e-03
7.113086663117940134e-03
6.397339253633838041e-03
4.602193827025757855e-03
5.227509804017316242e-03
6.720328026526445342e-03
7.077611593683030833e-03
6.159107540132602310e-03
6.047390115736739347e-03
5.784758092433506249e-03
5.794885649868852795e-03
6.035382727819005311e-03
5.641484404594443447e-03
4.802276203593081050e-03
4.631419765869893013e-03
5.799124907944097629e-03
5.363668372922347771e-03
5.593435480832020801e-03
4.475718003824624702e-03
5.088568876156607246e-03
5.278510964931371063e-03
4.878662373744901970e-03
4.368416715030853936e-03
4.718449770555466216e-03
5.746666216825957463e-03
4.631085683671543052e-03
4.645201459021919277e-03
3.682435864922339874e-03
4.727811365762057960e-03
5.641164144093657740e-03
5.101978890389879950e-03
4.507674802834316097e-03
3.691551419482408392e-03
4.614041605836227689e-03
6.043645213082982082e-03
5.974112468685177646e-03
5.823057855822710849e-03
5.932334930455418487e-03
6.096009677737157517e-03
6.246566616666449079e-03
6.495599695971243648e-03
5.914764862410493151e-03
5.763994976456743302e-03
6.579917105447030679e-03
7.246511119906706710e-03
5.807948907747828571e-03
5.428728557637541030e-03
6.799216367287641560e-03
7.037029797215765825e-03
6.336966248695397042e-03
5.924053950381313882e-03
5.767958071777101736e-03
5.702988603086822650e-03
5.528825958120542339e-03
4.064700546814847826e-03
4.376964944614591957e-03
5.250765617041963651e-03
4.614773885413647747e-03
5.491669962989220721e-03
5.470264951520142915e-03
5.937708109047257210e-03
6.697396240932462774e-03
5.078368470067928797e-03
5.292291480482269606e-03
4.375857356382795160e-03
4.144861993093051922e-03
4.721328711148942148e-03
4.985695682774071713e-03
5.001911642564138560e-03
4.826735868053155798e-03
5.349429712942388448e-03
4.696257578435947266e-03
4.802663929249995078e-03
4.532055956752323311e-03
3.913955178161288018e-03
4.914514201558084494e-03
5.472097468475212168e-03
5.453973163394465473e-03
6.070195421185253792e-03
5.608747190169793839e-03
5.561884445011600064e-03
5.930405589194442939e-03
4.722002772894029476e-03
5.041384020986861003e-03
6.523650904465938538e-03
7.177306134765970569e-03
6.399154279255192534e-03
6.533633304347752357e-03
6.562628372306811286e-03
7.240492054569891422e-03
5.910956530815525412e-03
6.350223754997941228e-03
5.873877525310433612e-03
6.956935767346905664e-03
6.686103874524285118e-03
6.125661397833326305e-03
6.008024228211006346e-03
6.459195761885361264e-03
6.149657316654177919e-03
6.227884509417691561e-03
5.046484166117082282e-03
5.075057771230184755e-03
6.051286212764850347e-03
6.238714578767456942e-03
5.710984759849324632e-03
5.609254756507198181e-03
4.809471936392029079e-03
5.645228862680262694e-03
6.263230203860103984e-03
6.375134640111745910e-03
5.613774108489621995e-03
4.637931739097211903e-03
5.789235131004488721e-03
6.174015876278637904e-03
5.944643328364307422e-03
5.978788568721249419e-03
6.327004638006172854e-03
6.682967093594172070e-03
5.646946851380008070e-03
5.020919669385115469e-03
4.292408448420381717e-03
4.388692167039742742e-03
5.007573932138242867e-03
5.138256913113536939e-03
4.884226115262180201e-03
5.275560207593343875e-03
5.764428839318824771e-03
5.615812743591241940e-03
5.918816099472756775e-03
4.687489596478577880e-03
5.047689846554348492e-03
5.828139789607611476e-03
5.097935229084527009e-03
5.363483423431958386e-03
5.251574197238539909e-03
5.688548139501037326e-03
4.876473967453165415e-03
4.788044390701351460e-03
5.274268910871349192e-03
4.445992083549121787e-03
4.398133672874671163e-03
5.077436880113417317e-03
4.475279526067410529e-03
4.813066429082191178e-03
4.864144241119916501e-03
5.505917573789709252e-03
6.810779559174306996e-03
6.251540619486739558e-03
5.932496622021332655e-03
5.039461897538011215e-03
3.123978523711379296e-03
8.059116250498377099e-04
2.070737795181187835e-03
5.001543045486833705e-03
8.266781811629542176e-03
1.110570521554432588e-02
1.285164279355832662e-02
1.327730730684706373e-02
1.206280271759752054e-02
9.821513008906102016e-03
7.077749587510062668e-03
5.501580952054219154e-03
3.356478230038817401e-03
2.800302166608759080e-03
1.997414149238707637e-03
2.282144706965638647e-03
1.745075199875323335e-03
2.783566377700275041e-03
3.885512976817828701e-03
4.067385683225843707e-03
3.814840401737740194e-03
3.577473699653666017e-03
4.702272116665184853e-03
4.217909191384094925e-03
3.800738436860129354e-03
3.221699263305843886e-03
3.192368716269378126e-03
3.192801401942446660e-03
3.902264641834740644e-03
4.203640379345507938e-03
3.857586834348225580e-03
4.627230165720419564e-03
6.102833355763337408e-03
5.577282984155829126e-03
5.833439733454959253e-03
5.658140939378775158e-03
5.847302848334123837e-03
6.435345700815275904e-03
5.746016829414557492e-03
4.789128417821864048e-03
5.082947707121476810e-03
6.132711684441183309e-03
5.632483141869926158e-03
5.545859178452516858e-03
5.005597159811969732e-03
5.738950153420852018e-03
6.859990347710898106e-03
7.127702752998565927e-03
6.552271105862317313e-03
5.906493150067859688e-03
6.062273051176347849e-03
6.254716567415385953e-03
6.143923151588737142e-03
5.476014227792092015e-03
5.927781454937885997e-03
6.384555937080094168e-03
5.643795907332105344e-03
4.756254188079012124e-03
4.795417308121940891e-03
4.892446493071744840e-03
5.096133054406593033e-03
5.123682030900411633e-03
5.020091647708113669e-03
4.840649447231726299e-03
4.736558449684125094e-03
4.609106237150939478e-03
3.959120443846941839e-03
3.799811060375191119e-03
4.010337822618836867e-03
3.716941943743279353e-03
3.584026910624871221e-03
3.653390087540842046e-03
4.064535090412491058e-03
4.918345823025305208e-03
6.475288434723225350e-03
5.837848182473237557e-03
3.467687737531477410e-03
4.127215062036171389e-03
4.490044183855346205e-03
5.025680024461465223e-03
3.703288056087217228e-03
4.095968519376214090e-03
4.483661193438237547e-03
4.503934139661325275e-03
4.555324743639843632e-03
3.565125395377677364e-03
3.853848499657530624e-03
4.755809918114195511e-03
5.266757217018636084e-03
5.624604157443258146e-03
4.131631954646053373e-03
5.219021817687519160e-03
5.151971937083388298e-03
4.829574938456815403e-03
4.686464588182559510e-03
5.264249524215003362e-03
5.815192182584638658e-03
6.607688289889779298e-03
6.056163137989400980e-03
4.445716055785808862e-03
4.882125867240461048e-03
4.660238556674300980e-03
3.937150555824331377e-03
3.774335699747055628e-03
2.923144101540486872e-03
3.279731293924115221e-03
2.453779273647427317e-03
2.538982321260263575e-03
1.957238117890724993e-03
2.602485790594855075e-03
3.401025827123760337e-03
3.847856136248495318e-03
4.515668402296668660e-03
5.487445001049806592e-03
8.546326462864684004e-03
8.530717419459321604e-03
6.040799997654389131e-03
4.745573739050712447e-03
4.508664074815982303e-03
5.098053878430874875e-03
5.626288868445072922e-03
5.969763591352261756e-03
5.562696685158741161e-03
5.349596610829010501e-03
6.187266183230732963e-03
6.102898802055278793e-03
5.072410428136109317e-03
5.242526252919432750e-03
6.486316248720314093e-03
6.700990143331253535e-03
6.860674691774093503e-03
6.195641264225670852e-03
5.585549711669912654e-03
5.851840740909608485e-03
6.355644279357974824e-03
6.081938010250809157e-03
6.038894722177445828e-03
5.463665843031151326e-03
5.234145335501594332e-03
5.381130340440520854e-03
4.261088134652979420e-03
3.915501487455230745e-03
5.078139808434301017e-03
5.705647409254055447e-03
5.779976153103660863e-03
5.563819377474743533e-03
5.624649447566909544e-03
6.062244493694635139e-03
4.164464519130106623e-03
4.156600155667433683e-03
3.074630536117339830e-03
2.941859038413596750e-03
4.148799773567191096e-03
4.235764122960006262e-03
4.510546545478888447e-03
4.684776570714532795e-03
6.639747057946010500e-03
8.223769337288189263e-03
9.138983780273335356e-03
7.308405199033529698e-03
6.345676726107640775e-03
6.096700215545425294e-03
5.766462011754569517e-03
5.224156195705376149e-03
5.651595288380661941e-03
6.882687745873639074e-03
-3.923295216821998110e-03
-1.109984525404961175e-02
-1.743429665464013567e-02
-2.084351036492115838e-02
