0.000000000000000000e+00
1.285543365299998686e-02
1.634165481135085862e-02
-3.640498281580195616e-04
1.339399172023469919e-02
1.847503822598378642e-03
1.681053447391486766e-02
4.178993854806134500e-03
-1.444749861991612150e-03
-6.268952092395280173e-03
1.273107812234439140e-02
2.546910797702972573e-03
8.825400569684310748e-03
8.588968266468044455e-04
-1.649132071505104991e-03
1.251643823895004504e-03
1.149502086633635844e-02
5.854882296358304705e-03
8.218063517757667746e-03
1.628110133808555182e-02
3.372098389252536910e-03
1.107936658859043355e-02
-9.733806054907451211e-03
-7.402273952170135285e-03
1.034546924873525064e-02
5.755366533865935441e-03
6.119811141913622521e-03
2.869754271115354527e-03
3.767411432133382920e-03
3.927436992062549592e-03
-1.269887055095508810e-03
-1.460869057302605079e-02
-1.702271819720679868e-02
5.975572539805906747e-03
1.410306096799252007e-02
1.026982634011641693e-02
1.336933583543531423e-03
8.790129150706205152e-03
1.519729270309577718e-03
-1.033269766823052827e-04
-2.166764168248802580e-02
-8.079674458404462190e-03
-8.587755070404989866e-05
-1.752450161256358108e-03
-3.726175147086008277e-03
-1.075783736106747379e-02
-6.365752491917314737e-03
4.524280631853616619e-03
4.038204872473416529e-03
-7.664050696267243890e-03
-6.343978630047458767e-03
-3.340642168685986624e-03
-4.530091107561778907e-03
6.392357657169167595e-03
3.701141479574843185e-04
4.515225803120553882e-03
3.665685741653212926e-03
-5.782817959032904298e-03
3.743802909365268050e-03
-1.786611321202424829e-02
-1.195886600176992998e-02
1.131929442202611602e-02
1.751433337785041067e-02
8.461733680452276918e-03
4.842740013743851435e-03
5.182611376557844096e-03
-6.726247670629792452e-03
1.496988847187297189e-03
1.289165499181454955e-03
-9.443941333171945729e-03
-2.428401967707438658e-03
-3.492654121933280731e-03
-1.500519904052899367e-02
-7.748965920154671227e-03
2.667277833038605994e-03
-5.038665307901535328e-04
-3.552238886735892276e-03
-1.468742182991594758e-02
-2.355807432385237377e-02
-1.111616725150976759e-02
-2.203555474196317032e-03
-1.804920788744443505e-02
-5.637138203817504412e-03
-1.770031613382691549e-02
-1.908147413167055051e-03
-1.173053654508832144e-02
4.467993765705641218e-03
-6.614690817949769874e-03
8.193648602830005956e-04
5.681222342401537340e-03
3.042642212469276464e-03
-1.012261543921461060e-02
-9.619199105412479245e-03
1.076855573939208832e-02
1.250707929704028554e-02
1.219044834144539236e-02
-2.074044273716046938e-03
-5.314332848199793125e-03
9.805395232414193529e-03
5.179398844402771651e-03
6.280901289419937861e-03
3.842242415120100674e-03
9.952897212755162926e-03
1.760260268124647087e-03
8.823595836283892879e-03
7.471878269639686820e-03
-4.856701066419721879e-03
6.343485994240727344e-04
1.313419047484987168e-02
1.002132899003554956e-02
-7.845827649137881998e-03
2.221791256960592431e-03
4.636630583400025429e-03
5.158226644446539666e-03
-6.203204633164038917e-03
-5.835617112544544405e-04
-3.441721258530927585e-03
-5.793588867955057342e-03
-4.415440642413670513e-03
2.599095335286127906e-04
-4.860342999704225786e-03
-6.084940528372995150e-03
-1.823313004743309929e-03
-5.875542986726267625e-03
-4.174351711830504019e-03
-6.390135169528410319e-03
-4.114070499623534438e-03
3.169522427781124030e-04
-1.259008179313558795e-02
-1.644945891138055449e-02
4.772582241608480658e-03
6.443981211084859329e-03
1.157125212490911492e-02
-1.831835198173314971e-04
-2.651996344000318029e-03
3.438483360305721881e-03
5.241883569874206117e-04
-4.050591968724925884e-03
-2.039150854606755492e-02
-1.844792690480506758e-02
-6.290772855481407966e-03
7.256283618438386096e-04
5.270622831216348336e-03
5.836182571902520655e-03
9.822706174478890162e-03
1.307400377471606978e-02
9.942619534337449050e-03
5.265896469812791914e-03
6.601084753579677944e-03
9.549882963136080427e-03
-5.749488881682252028e-04
3.541814696722378475e-03
6.435636854162152254e-03
7.954365864750845283e-03
7.117468083272571189e-03
1.433684973038917843e-03
1.739936527528018750e-03
-6.585310029231628004e-03
1.866564088319810910e-03
4.240276126750819330e-03
-4.078807185164179394e-03
-5.517918791469011985e-03
-8.473839234263313980e-03
-1.619120477447666406e-03
-4.127592000179924892e-03
-3.970059501674394475e-03
-7.968968170605217338e-03
4.509754432916179834e-03
5.206473571040315385e-03
-1.126778607465683812e-03
-1.109603729868102739e-02
-1.361062745180441347e-02
2.744435562476166268e-04
-2.195994783120103211e-03
2.467811817222775872e-04
-1.029011323794071231e-03
-9.436121769408556403e-03
3.438726352312460044e-03
-2.750853290983346078e-03
-1.136353451279437099e-03
-1.236516158902045692e-02
-1.191946105617627816e-02
-9.302275794996761604e-04
-3.867482335939975702e-03
-2.682759708680648725e-04
-8.546468511024252201e-04
9.473396773620912370e-03
1.099263154568069778e-03
1.779012859409789815e-03
-3.063704118291904477e-03
5.934351299073603592e-03
1.267262919198552940e-02
4.909641623316529646e-03
2.622387729343034213e-03
-1.078514004521641256e-02
-2.858933638932525945e-03
7.344405008066656748e-03
3.865719762341623955e-03
2.620677016940298198e-03
8.029623546196962280e-03
1.991864354227679268e-02
9.669695773093900382e-03
3.652600973782227367e-03
-5.070896329867125019e-03
3.769002098844009829e-04
8.087012265100446129e-03
2.539650574881480161e-03
-3.219061147141710766e-03
-1.902584460211520501e-02
-8.244635928749244336e-03
-2.887003112358788037e-03
-5.439567931852518079e-03
-3.829571215919980176e-03
-3.388629300120071797e-03
-4.353016019695732375e-03
-4.535242976792253078e-03
-1.003454465312858535e-02
-9.933260585274050758e-03
3.184376108489483936e-03
3.511914788442982438e-03
1.548757699355973738e-03
-2.240351108214078124e-03
-7.036055052887763006e-03
2.895011832917127048e-03
-2.267561219651575977e-03
-8.207234820649528251e-03
-5.933590097895485860e-03
1.033443140473516708e-03
1.037430586309864844e-02
8.215816636546247054e-03
-3.148256701208884678e-03
-1.362240216325413811e-02
-5.893129730659807386e-03
4.765469287671131315e-03
2.274923122422334298e-03
3.281247909153184317e-04
6.224182802701705430e-03
1.383374339437376532e-02
7.172264291136654091e-03
-4.865226574832237638e-04
-5.352414944785222062e-03
6.669581575958760666e-03
7.300895428452747193e-03
1.948489531796160357e-03
1.169258783191351458e-03
-5.844972924073266185e-03
1.793675528592497681e-03
4.239469380357130390e-04
-2.374390355197375513e-03
-9.150347961424942778e-03
-9.534032384671653482e-03
1.320499851153467130e-02
7.118125571944688978e-03
7.133773517679908860e-03
4.314322083429522614e-03
-5.506133096176979436e-03
4.029743209112757185e-03
-1.760985648273699633e-02
-1.081251016076001381e-02
-6.605779281976198458e-03
-9.472392512919536323e-03
-1.158596518853749480e-03
-1.073166586997464922e-02
3.408399898961023133e-03
1.093442169531166908e-02
4.969025806065008322e-03
2.153533696861997804e-04
-6.063826216405610037e-03
-1.148829595103129098e-02
-2.752469172768112760e-03
8.376775492576260529e-03
1.292295132657078627e-02
2.953460725552359278e-03
7.209358953988165286e-03
2.975858645663798097e-03
3.877322472882083204e-03
-1.251710404126138432e-03
4.350365221757079848e-03
1.493775563710869614e-02
1.545618521776809251e-02
1.575442566926510413e-02
6.587840403640132791e-03
-6.059698672740920777e-03
-1.136734192545990618e-02
-5.106930396587050502e-03
-6.020079101225594975e-03
-5.991449866906028987e-03
-5.468902848535850403e-03
-5.917559968313335084e-03
2.308792124187108996e-04
-1.993900306356266583e-03
-9.057496337683601517e-03
-1.579412542299485356e-03
-2.594078338676641948e-03
-3.752970560241819520e-04
-8.917769997514923830e-03
-7.305635054135450890e-03
1.240130520088422728e-03
8.905137887169622957e-04
-1.481650457377026164e-03
-4.882352481658081000e-03
-4.931575085876771514e-03
4.077947509697477102e-03
-1.172486151410079280e-04
-5.965162106927462959e-03
-8.005256225929485714e-03
4.630301581702966907e-03
2.105443120680949853e-03
7.947458181473743277e-03
-2.071502840231886911e-03
-1.158453915443391491e-03
1.372200023442515793e-03
-1.722942952338546441e-03
6.668932135555805107e-03
1.388953454919406028e-04
1.247170767873728714e-02
1.445529912997783883e-02
8.114718587991287535e-03
1.320496819076755202e-03
-5.967783222124267706e-03
1.329210607233582975e-02
1.031090982279231349e-02
2.268826435162241140e-03
-1.261267065862048398e-02
-4.977154895558055792e-03
5.030159438300652042e-04
3.995967527502419792e-03
4.735539648313136230e-03
-5.119736359925353142e-04
-3.262347312683711031e-03
-6.182414275999026376e-03
-6.085705561873766545e-03
-1.272905015028885645e-02
2.553314088609759391e-03
-4.218190850810987769e-04
3.028355128939730356e-03
-1.109485285117894904e-03
-6.097727380036999101e-03
-1.033618991361806572e-02
-7.721825794209824512e-03
-5.627932416338687904e-03
-7.150047819509647296e-03
-1.364177466431429342e-02
-6.390756860806257045e-04
8.380012318575685848e-03
1.833661466568436982e-03
-3.157141897742743453e-04
2.451740841887622979e-03
6.209133267580269067e-03
5.556325197932532323e-03
5.371499206271890259e-03
-5.831938001153169626e-03
4.366357663984021809e-03
7.154097718109819759e-03
3.758883487126052358e-04
4.341668849472457570e-03
-1.215530382186136293e-03
9.443686875164447603e-03
9.258786854042688752e-03
3.952693232887605213e-03
-7.589251326037271816e-04
1.868187594916692618e-03
6.621537521284692751e-04
-1.265468454673457366e-03
-3.598549704048548126e-03
-9.897391705217251090e-03
-7.601927665017049751e-03
-4.447272536993895908e-03
-4.890570929173942982e-03
-4.288327814490788814e-03
2.865995571030510725e-03
-3.094673821461779717e-03
3.130720658629515540e-04
-3.401096679191473182e-03
-1.564423938062120545e-02
-1.449829859072992999e-02
-3.793177857104701456e-03
-1.387598676937606967e-03
-7.178129030689789358e-03
-7.663561614971392544e-03
-4.053598271580111101e-03
-3.796061406196649113e-03
-3.698064693411884374e-03
5.297074172126436942e-04
2.639642269472469716e-03
9.338787265448650343e-03
5.882026684532165595e-03
2.611245673365486519e-03
-2.489097044593185926e-03
1.839255541488338253e-03
-5.586877545637830567e-03
-1.566546025081383409e-03
-5.193756463520521338e-03
-2.795619461028464592e-03
1.306037604066712099e-02
8.870107449172159875e-03
1.188449021348125800e-03
-2.561003859238464297e-03
-6.039466517728797612e-04
-2.525671227873532709e-03
-1.997763915772415855e-03
4.567999810391465410e-04
-1.342152230042553684e-02
-1.557539758999887392e-03
-8.744521289885870408e-03
5.890295464950345838e-03
-3.860197414437882557e-03
-3.094501162105384173e-03
-4.750775752909136562e-03
6.933021420752250030e-03
4.550780662543635335e-03
-4.842038056767111742e-03
2.403211019013917760e-04
-4.723695041797093541e-03
3.114251489344910251e-03
-1.185826033881565156e-02
-6.209926977469304443e-03
-7.151848225355750266e-04
1.206348048131955508e-02
2.031667513422930060e-03
-2.438480938735998471e-03
-3.746408267722434182e-03
1.407950347074346520e-02
6.337103115091086147e-03
-4.214838563237871538e-03
-1.192844132724080186e-03
7.726222690493667056e-04
6.706172275065064303e-03
-5.503646187410671242e-03
-2.228685430420596081e-03
-1.229990705830391606e-02
-4.095410906529428630e-05
3.046799846014108804e-03
-1.315152748343900724e-03
3.668283927120791210e-03
6.062776490895316339e-03
7.515988952772861831e-03
7.644958068205670587e-03
5.320630890720573491e-03
-7.807260400383153609e-04
-1.358816254155098546e-03
2.626115931622818866e-03
3.138302721169577980e-03
-1.255643038644643772e-03
1.322640977894445902e-03
7.885167186986286048e-03
1.809474839023689219e-03
1.908353077707619638e-03
1.633876198465444851e-03
-3.184444186221824236e-03
9.403781819693035615e-03
7.801122808817229082e-03
8.152987277985745962e-03
-6.437270281031415298e-03
7.500053700114750477e-03
2.539048591904957686e-03
-4.270638355506339856e-04
-5.092738346224034984e-04
-9.735558111757136590e-03
1.522444901941311102e-05
1.766074052939770045e-03
6.446867759748453608e-04
2.320846978497215218e-03
1.169941979258426468e-02
1.008276666947538480e-02
-1.563960289420407435e-03
-4.270364415161542748e-03
-1.441711654939337173e-02
-6.460854196058962717e-03
4.400766330337646526e-03
-4.686957275855108129e-04
-9.849702597738013710e-03
-2.681985542796250233e-03
1.612151910358128326e-03
-3.614231858715205581e-03
-3.125610390892458179e-03
-9.923102240833814314e-03
-3.851558933810617091e-03
-2.161137988716838043e-03
-3.707813086344019515e-03
3.978235552950515341e-04
1.161686080515683672e-02
5.901018782135059038e-03
4.323209400113436907e-03
8.217312768436457748e-03
3.943159824453590367e-03
6.559437390593891859e-03
1.300019848746131190e-02
6.203784113285093493e-03
-1.555802062339795011e-03
-1.594370209389961435e-03
7.990944195820970375e-03
6.561241066060263805e-03
1.183337625167557583e-02
-7.809008405397777075e-04
3.958670104754202779e-03
2.528307255629913541e-03
-2.919932491945054220e-03
-9.374138073529048043e-04
-2.758151238299477725e-03
-6.712746479652920151e-04
5.290215668293629658e-03
-1.389474806845647503e-03
-1.576733289781601099e-02
-1.443950092049883782e-02
-6.558552314329668675e-04
2.497472192885707987e-03
-1.156583832894186870e-03
-7.836376291654179038e-03
-7.027672116505401245e-03
5.444430303613856381e-05
1.548212591185982312e-03
-7.425159723083718522e-03
-9.975696681275458833e-03
6.513081258641306714e-03
4.770574208381450632e-03
-6.534914170073236050e-04
-9.225676561618240124e-03
-6.310812331872389658e-03
-5.929100453374719359e-03
-5.275183629980195743e-03
-5.080637860094577851e-03
3.590146412352224203e-06
9.977622971780453209e-03
5.602157088738485280e-03
3.463256931788172288e-03
-3.637256163975921552e-03
-8.214689381025153114e-03
5.693030107272567530e-03
1.042029734340960134e-02
7.433827909896106867e-03
6.994262499236070241e-03
7.868409084740179971e-03
8.861332736475546756e-03
-4.801246749841558970e-03
-1.282880785748530261e-02
-1.530322534052452887e-02
1.807816042901255749e-03
9.206956870772442514e-03
1.612251785845542074e-02
1.731160941231268957e-04
-1.082868573624229391e-02
-5.117227038310800946e-03
-8.336107373629331185e-03
-8.670598634469783850e-03
-1.820534993345057639e-03
-2.353948714632903005e-04
-3.750531112208521645e-04
-1.363184274212919656e-03
-3.821879186605620093e-03
-2.728460331993087795e-03
3.065554228852129803e-04
-4.207420453741977928e-03
-4.615661083099437123e-03
-1.271149293153170379e-02
-1.409384306285693667e-02
-1.147616212008600867e-02
-2.455055207008116636e-03
-5.170317913548772015e-03
8.925196024018783314e-03
9.670516680451823888e-03
3.736822322673166719e-03
1.663408663096130335e-02
-1.923785937182176387e-03
8.304883326615275507e-04
4.695299500693084216e-03
8.182070948825614920e-06
9.254452634575083270e-03
-1.952405239647458934e-03
-6.296621901573706825e-03
5.663097221092983080e-03
1.166086546613487318e-02
3.079516052154784855e-03
-8.412107324036244282e-03
-3.959755052551583443e-03
2.586119660504149209e-03
-6.666100546238673541e-03
-6.245296960767032779e-03
-8.331893585529992485e-03
-1.427212755241324960e-03
1.338892903346672325e-02
3.269830083791891440e-03
1.207387152690253540e-03
1.678953824067130896e-03
-3.857634057866765609e-03
-1.065303813698009749e-02
-1.669780784457836065e-02
-8.779436313807953418e-03
-1.820661145373603240e-04
4.746474418166057863e-04
-1.709652834737007687e-03
-8.764971677933608429e-03
-3.965966470565157609e-03
-5.381769793043611472e-04
5.989546705266052262e-03
-1.680316773453482959e-03
-9.581717542818363187e-03
-2.907477431212890373e-03
-4.194344938191985062e-03
-9.326615862498277565e-04
-4.125241626635717251e-03
-6.509265329113889109e-03
1.728971903996281978e-02
2.126673671467579907e-02
9.224836019041032786e-03
4.987738899422056171e-03
-7.028356082061842924e-03
4.191373025750566583e-03
7.912169473197672165e-03
7.699293637034254623e-03
-4.394492371400104958e-04
5.918268976959517591e-03
4.336897719357135639e-03
2.251712829739127564e-03
-2.227633974537623907e-03
-9.149663676277286495e-03
5.315962928631068340e-03
1.225710682882474867e-02
9.115094370329035467e-03
5.935697001873130318e-04
-7.481177448332598789e-03
-1.194702060159996693e-02
-4.194326824403682430e-03
-6.524244049013139257e-03
-1.218006271424521003e-02
-4.626166276900933738e-04
2.033591341799811936e-03
6.006352599092323885e-03
-5.662028125530016442e-03
-8.853275363421675426e-03
-7.372110457113917326e-03
-7.782107384948611095e-03
-7.267274232910403420e-03
-8.077985735704118486e-03
1.946159639032551958e-03
6.886812225018107414e-03
9.429158728429865022e-03
-8.083561485287271697e-04
-1.987982435260021719e-03
7.097920379108585420e-03
2.591457563898613703e-03
-1.455070544986697412e-03
-6.164205528677108026e-03
-4.571176668598575521e-03
3.908115945119028378e-03
5.540567985435118636e-03
-2.326839389182461248e-03
-5.700478030286726394e-03
1.022732930811245944e-02
7.817303208907389056e-03
1.815743406927916581e-03
5.149933455486255252e-03
1.540236025217689431e-03
3.463210576735431534e-03
1.141218291021645070e-02
-8.724877224630112060e-04
1.497034081211101597e-03
-3.300487599066481703e-03
5.447840166792339289e-03
-2.615687579469783142e-03
3.039341701241760063e-03
-1.127648349865173483e-03
1.371615954525945424e-02
1.097344004266820328e-02
1.195350844234499554e-02
-8.566107616497176114e-03
-8.381313404985546445e-03
3.754493837666517120e-03
-2.124765885917645480e-03
-3.963572507686641266e-03
-9.007232426938682757e-03
3.047631408616857662e-03
8.014518700888428882e-04
-4.766825184197132081e-03
-1.190937779210032854e-02
-1.629759238290090506e-02
-1.182230339261092222e-02
-2.744341440678033095e-03
1.900840765281908151e-03
-2.000871881342181080e-03
3.287279217914829132e-03
2.075370666617004645e-03
6.760378608954453750e-03
-3.427466029881170995e-03
-3.067203262759971016e-03
1.534679689029533334e-02
1.382109152470112345e-03
1.005888287695544392e-03
-1.930001654127377897e-03
-1.121409456358718471e-02
-3.089446820107588643e-04
3.878289022062497704e-03
-1.349704000676965610e-03
1.157763760515873042e-02
5.543462187652836715e-03
2.062336706341844073e-02
4.622712858654398627e-03
4.150444270340836184e-03
-4.169162111850088781e-03
9.165831276787550497e-03
4.436211634411213467e-03
1.191611636525996554e-02
-4.229013315140639495e-03
-3.787982267656253565e-03
-6.208267666351907632e-03
-5.320190018321180325e-03
-1.379205931735072443e-02
-3.616810990561103445e-03
-9.730127873516236647e-04
-8.505547906035637595e-03
1.671228822035686346e-03
-1.587003380934631780e-02
-9.119143871049339989e-03
1.197718003194903069e-02
-1.997414137702824277e-03
6.345332504719025657e-03
-1.396146076664703251e-02
-1.080487678593614054e-02
9.172702894184980860e-03
-3.640138435078488222e-03
7.367065647935155948e-03
-9.938627227598445524e-03
-7.727998874691444087e-04
1.449330375943605476e-02
6.383914899208920080e-03
2.314097454005736854e-03
-5.395267261552316729e-03
4.230420338408091840e-03
5.019441766523913273e-04
1.239656451983950358e-02
9.145798748127931255e-03
1.401238528602483102e-02
8.457807000049000212e-03
8.478053668774077067e-03
-2.149016648609114455e-03
-1.149390804265437716e-02
-2.620914059067280810e-03
8.495040128042696814e-03
6.139448579148665264e-03
-5.389245409293641487e-03
-1.196849603545452334e-02
-8.469564230167980767e-04
4.231817790939784718e-03
4.452306830932117876e-04
-7.756764686159267619e-03
-7.621939325858251291e-03
7.146631073960407754e-04
-2.754275758301283350e-03
-9.283018697979206202e-04
-9.274612519403591104e-03
-3.850692761337981551e-04
-5.445028217945957483e-03
-6.726878711767581009e-03
-9.264962831502576712e-03
-6.084162769430634388e-03
3.131830482365149937e-03
5.941374867674820148e-03
-5.689420152832413979e-03
-8.276934514955036626e-03
-6.041552080697731864e-03
4.595599271766115379e-04
6.246844054348443809e-03
1.770985946925762722e-03
-5.793725002311733707e-03
1.347512643540438315e-03
5.836791754929376852e-03
-1.802904008005007386e-03
-3.010910272195799209e-03
-7.036799615490030302e-03
6.703666289092580222e-03
1.055847257646280735e-02
8.975146636311492898e-03
-3.623888792206486631e-03
3.962023702983596962e-03
7.739038770948003521e-03
8.521316974713255554e-03
1.181502496764574861e-03
-3.530192566176981739e-03
6.721970693755408011e-03
1.144898743957400988e-02
6.801224631135083243e-03
-3.534662909472519043e-03
-2.209002766538847862e-03
-4.324048684878345483e-04
-5.754259938834049848e-03
-7.452358816184223578e-03
-1.203356483761652829e-02
-8.318765996604970958e-03
-3.150947806304427168e-03
-5.044736368531033133e-03
-1.738321641231499459e-03
7.498031496723789324e-04
-2.859212952884659931e-03
9.588493151857502284e-06
-7.450153477928156409e-03
-5.102061674831348537e-03
3.642751555443801692e-04
-1.370931620084669955e-03
2.393840362016397272e-03
-9.969816622036886677e-04
-1.984542561312613307e-03
1.787085599564419702e-04
8.352190784410823410e-03
-5.528485146536671335e-03
-7.323317418095998121e-03
-7.041156069908210968e-03
-2.469035702806154919e-03
4.480563408562399097e-03
5.420288872499345878e-03
7.426084216072270650e-05
1.381869283000125570e-02
1.669357964817247408e-02
-7.351432399692048314e-04
-7.228139324253479714e-04
2.682219174499789194e-03
1.677343795104657698e-02
1.332513051889655520e-02
7.020418055814769964e-03
6.527523423406900172e-04
2.893251590608103552e-03
1.329311227665619377e-02
-6.420305434319983906e-03
-6.253990834243494668e-04
-1.370076240362227971e-02
-8.440243502491895367e-03
-5.031770195907891985e-03
4.538452905744616572e-05
-6.726468702712096182e-03
-8.480991320740094430e-04
6.452113291620653612e-04
2.611549782212230220e-03
-5.613434431304131778e-03
-5.108279035548224378e-03
5.107881995416452270e-04
6.928418184758700082e-03
3.247469196644647838e-03
3.204976063415798659e-03
-1.359898573358220286e-02
-8.657407133957073508e-03
1.317252069414576177e-03
-1.060623032063862103e-02
-1.161631145564234746e-02
-1.515143486944864337e-02
3.302447222018167761e-03
3.545801376895585388e-03
-1.319686878304471289e-03
-1.821368390216571154e-03
5.107897099108638095e-03
2.736058444497535547e-03
2.498673833623399343e-03
-1.082280129296087079e-02
-1.010218509847565782e-02
1.736594261967372432e-04
-5.364688445200382905e-03
6.199779799052895779e-04
-6.809167802327875663e-03
-6.063241865294444199e-03
2.715571234367469833e-03
1.115565648942751231e-02
1.428108743609593501e-02
-3.850216896315483694e-03
1.066274824074397998e-03
9.653842821746860814e-03
-1.751568480125809124e-03
9.057226376056159989e-03
3.436173662361929892e-03
1.107464327263485426e-02
1.727675226823821575e-03
5.681215270287753860e-03
-8.423266283886232664e-04
9.778532199238132439e-03
2.677159186553479397e-03
8.455004209106997681e-03
3.274687231400730258e-03
-1.388484487033048165e-02
-2.045232641179561828e-03
8.780343588003169941e-03
1.607921289606606408e-02
-2.682038294239019738e-03
-1.163661668121956927e-02
-4.506737871696753217e-03
-5.712835547292793859e-03
-3.801158098021673037e-03
-1.804126933227628848e-02
1.483224247729564294e-03
4.021583080492940887e-03
9.616412706989208026e-04
-9.818809793026350707e-03
-1.092716221394929299e-02
3.113366473254053357e-03
2.896935691299618032e-03
4.164762045935632706e-03
-1.010608598162648919e-02
-8.660928662934774813e-03
3.635966288999259444e-03
-4.376373055468285589e-03
-1.828408495081923490e-03
-1.081333248116064794e-02
1.225234438015698757e-03
5.116661906386099634e-03
2.540307938620367523e-03
-1.015797085697894842e-02
-7.780560976252542948e-03
-4.303453091593634205e-04
-2.070977344530156028e-04
4.780477836268337555e-03
2.791483200319549995e-03
-3.120366864968249221e-03
9.918390701023904743e-03
6.601399545416386516e-03
2.589351002463380347e-03
-2.933860942317956244e-04
1.082199387093729648e-02
1.073504790402057818e-02
6.817894577719307847e-03
2.688102658700675107e-03
-2.194268177391767161e-03
1.057105463527413525e-02
1.413633400586516986e-02
5.947170926511313738e-03
-5.787896591739949415e-03
-3.605457183344429328e-03
-5.128622521856085470e-03
1.084557737655145182e-03
9.531274759693175724e-04
-7.630205189559369217e-03
-8.782206063316366773e-04
-3.553316541327511402e-03
-2.105588178588868598e-02
-1.973898530894924175e-02
-4.576273498775429438e-03
2.244735526708341311e-03
3.577828960137752201e-03
3.266458700171781526e-03
-5.501173987836172063e-03
-2.799862459139104698e-02
-1.961838329094550692e-03
1.880575596854006104e-04
-3.626455887768581521e-03
1.495196867792980555e-03
5.108148207771334715e-03
4.664501447753321983e-03
8.527003368550278850e-03
-1.149062826550242833e-02
-2.316074331416451137e-03
2.747630997015360066e-04
5.386525391977176058e-03
-1.707907718905804506e-03
-1.094375015567028431e-03
1.380882640303057740e-02
1.313475459595930817e-02
5.419111037002322107e-03
-2.106965851455311345e-03
-3.217453757994259700e-03
1.204028664184386699e-02
1.346133648492786605e-02
7.533821036928345372e-03
-1.101188998130497865e-04
-4.803214676857514576e-03
2.812695589017755182e-03
8.519863799617277689e-03
4.634479487459430835e-03
-8.658570272087662278e-03
-5.220142781790115816e-03
7.281998836761116589e-03
5.755582881237453208e-03
-9.115906334449530579e-03
-1.053830218195017654e-02
-1.331085102124185404e-02
-7.745025064493926692e-04
-3.502231266636124385e-03
2.826480721532576013e-03
-2.950813036426580549e-03
-9.341959654103171307e-03
-3.865937449876899468e-03
-9.607512843227056232e-03
-7.619357931359371783e-03
-9.480673970731240408e-03
2.657311654832239523e-03
1.145752911961450682e-03
-6.965977146231233652e-03
5.398797568966218208e-04
6.330652953945054007e-03
3.321470944108062540e-03
-4.289369776959789382e-03
-4.951292786286837222e-03
9.753443239727793701e-03
8.213821026856860108e-03
6.307400364572224305e-03
2.117325624237609283e-03
-3.964127641966741500e-03
4.620525678402043201e-03
8.659165264085832980e-03
7.270477024311994274e-03
-1.137160262006109424e-03
1.041821350665861345e-02
8.897358152460010938e-03
7.371026659028390160e-03
-4.559003654949211892e-04
-4.837264994034418120e-03
5.839187931472533677e-03
6.366237544206454491e-03
4.288355654518016813e-03
7.958283467121018973e-04
-9.716052440414568725e-03
-1.067972071809275558e-02
-4.996887126552163050e-03
-7.211051782438637758e-03
-9.329594396977836102e-03
2.858025593103219464e-04
3.087653706191184622e-03
-9.407248118143418658e-04
-7.030557253995151079e-03
-1.040928006713381926e-02
-5.656105833908353642e-03
-1.208565387676774350e-03
-8.000912601263732160e-03
-7.869324963528240291e-03
7.545182497383229325e-04
2.097965402124341017e-03
-1.846469372555892274e-04
-1.033364878617890059e-02
-1.212002718684895841e-02
-6.327504909794001708e-03
2.482949616686047634e-03
-3.471301314450198072e-03
3.377050430402706027e-03
1.114951357784241259e-02
1.041144184432929443e-02
1.700148243401902737e-02
2.575378079361811956e-03
5.320742046130505498e-03
1.153663219918801830e-02
7.874521902185516176e-03
4.843461787284453202e-03
-1.360384698252656288e-02
-1.028620355162102040e-02
7.280794698277304189e-03
5.314644919570121750e-04
2.149489360338596722e-03
-4.483059928714394626e-03
8.079974287177327241e-03
4.912582108224594624e-03
5.270691104783065128e-03
-1.400314189322998670e-02
-1.341893332266347327e-02
1.082050031513631660e-02
1.064738312891405636e-02
5.312368057989680370e-03
-2.183703272913561921e-03
-1.042083337459076553e-02
2.286145403673445209e-03
-6.891931575141951871e-03
-2.740024242616989625e-03
-1.386599372320954093e-02
-9.241001279810284741e-03
-6.911303260675655258e-03
2.973534985159953514e-03
-1.410597567231774985e-03
4.439129151997067702e-03
7.579567481348442604e-03
2.463934404208223405e-03
3.330062497834851420e-03
-1.067360735613107070e-02
-2.226001608957084432e-03
7.221948541272060762e-03
2.055999177493994523e-02
1.333438866308161996e-02
8.744090696674755581e-03
1.692889818877540975e-02
1.576476946026417192e-03
-7.504060527104061684e-03
3.244565489730288910e-03
-8.552990322430065184e-03
-3.268734312015963983e-03
-5.595804774508050805e-04
3.070580032853154062e-03
-5.191868332002191888e-03
-9.895120542271818032e-03
2.437548964780211769e-03
3.206606075219109453e-03
-3.258473850766385738e-03
-1.342370825316069327e-02
-4.219951633458618456e-03
1.803912756446035548e-03
-9.727017072047927648e-03
-6.633773704092682522e-03
-6.318249777587880978e-03
1.354726959242352757e-03
-4.998426249350179651e-03
-4.481973720932563854e-04
-1.007699923591234836e-02
-7.968750313868455670e-03
2.582001288453900090e-03
-3.779238673393858772e-03
9.346353267707940837e-04
-5.851875740594369990e-03
1.003403319296278240e-02
8.036033240238327213e-03
6.577180027771661885e-03
-7.331291458306965492e-03
-9.472599774367262970e-03
7.065660433842491095e-03
3.760471646844620874e-03
7.506435368538455499e-03
8.960996760350836698e-03
6.852173004374129128e-03
6.192036584160509616e-03
8.057519952562486321e-03
-4.101870517231875901e-04
-4.047128045727932388e-03
6.309371022732046530e-03
8.710362310852204359e-03
1.770584606739122879e-03
-2.369010449083386316e-03
-5.020468953639833920e-04
-9.556225627638970099e-03
-1.959240830451014492e-03
-3.608504792835920405e-03
1.593991777770809026e-03
1.174182843474047555e-02
3.872265317108047888e-04
7.219606024202462891e-04
-1.538363416954044438e-02
-1.432414183860866719e-02
-1.340207069275523022e-02
-4.621175441048147592e-03
-9.863059605249635542e-03
-4.666700995971162502e-03
1.123560690750896596e-03
6.341012685256164350e-04
8.726741746771043973e-03
-3.575563300252881938e-03
-4.686822681070845764e-03
6.356147772598130796e-03
6.518086956703417201e-03
-2.409259491565451938e-03
4.770744644964353132e-04
7.256097764767571734e-03
1.590746352574190503e-02
1.194638326580088616e-02
3.807939940136284562e-03
-5.553639890972184023e-03
2.903880926631352555e-03
8.007227429701835320e-03
3.026202943657685385e-03
-1.073248121730985272e-03
-6.773949921346555936e-03
-1.973865180490474991e-03
5.014521452872566787e-03
1.991916430157281148e-03
2.395850837621393836e-03
8.069982861907631921e-03
8.583887118868094301e-03
3.658699433247258881e-03
-5.886674472705744066e-03
-1.609941959541805190e-02
-7.783759349751118162e-03
9.995503318793730330e-05
-2.220967961463871099e-03
-8.500528407593077596e-03
-4.053359378880683206e-03
2.477809288557508705e-03
-2.501910229562309684e-03
-5.217911083340409650e-03
-4.171972649222921437e-03
-5.599756895731000661e-03
7.058504496884332458e-03
5.294439164738484749e-03
7.235085443368094449e-04
-1.939659200823923291e-03
-4.715427678958022950e-03
-2.439171357556169095e-03
2.490495078445398303e-03
-6.381375920697929249e-03
8.723115915211243632e-04
7.604234574304369332e-04
5.058659441849855387e-03
3.783918425330323743e-03
2.658043352636973999e-03
1.017513600659325501e-02
9.294577853059926564e-03
8.138102284108439388e-03
-2.518063321892416440e-03
-4.751583367079204034e-03
7.705940634194385908e-03
4.126059273935611671e-03
3.162009014315347866e-03
-7.615050733195183330e-03
-9.222896212432052376e-03
-2.901032523562385723e-03
2.265622007558976136e-03
-4.405327008830561830e-03
-7.424077277610963144e-03
-1.064710124425993776e-03
-7.886750035605571973e-03
-2.041146129659721087e-03
-3.324031904182178643e-03
4.062884429959279231e-03
8.043110157992139353e-03
4.551690895349014276e-03
2.993717225425684969e-03
-5.575508769177256463e-03
-1.201891709454361301e-02
-1.695286197774606429e-02
-1.163931393412404036e-02
-2.738215204195945662e-02
-2.338370804270423209e-02
9.265011661252764430e-04
1.463068145638901640e-02
9.239208807493820563e-03
4.690410242575410171e-03
2.673379359514366227e-03
8.760134839330635526e-03
4.245702487441355144e-03
8.131435385471563748e-03
5.311051679812217596e-03
9.190687325662139084e-03
1.194556920835265768e-02
5.707524988227741236e-03
-6.190111853124291574e-03
-6.530869063579414213e-03
-3.370903246041612178e-04
1.361766556969734587e-02
5.228569416419470706e-04
2.778417750340045345e-03
3.297331634975975145e-03
3.327232332589191710e-03
3.389596191845811735e-03
-3.603112587694579094e-03
-5.302971504894837818e-03
2.620192196863768697e-03
8.100709907034542301e-03
2.553217043356204030e-03
-5.591239977474904421e-03
-9.997899368293816647e-03
-3.076657016951422907e-03
-4.261503932828647478e-04
-2.656191810763153249e-03
-1.063159790300105545e-02
-6.540671641518391866e-03
-7.685753237442471963e-04
1.332624318840680555e-03
-5.507873496506054956e-03
-5.453143250629566285e-03
8.048581484775274575e-04
1.093887065144516502e-03
4.680398217070669276e-04
-7.651803215601049590e-03
-5.203795706960001599e-03
3.180964550198839280e-03
1.450300293803855056e-02
6.501724688999788171e-04
-4.351263312841635589e-03
4.181433104479992391e-03
5.781045974162346557e-03
2.395275475772895568e-03
-1.734821529825569808e-03
3.022637060446808910e-03
1.753740627043620659e-02
1.844294630826670556e-02
1.561690112047647849e-02
1.600951965679553446e-04
-5.894056018062143742e-03
-4.037678187365889571e-03
-4.191870507597228457e-03
6.525941467186435752e-04
-7.030524361431977898e-03
-3.871442775904454514e-03
-1.659885637827318572e-03
-5.177502461837291126e-03
-7.073475846241517040e-03
-6.959136499095519568e-03
-6.976735114954335515e-03
-4.371679386705462633e-04
-1.273951972866299576e-02
-7.180988151216483040e-03
3.638973001840406507e-03
6.202871661481867971e-03
3.472348688031978714e-04
3.036675194195981309e-04
-1.517693170279901804e-02
-4.762267721593493874e-03
1.264869538159324458e-03
-7.711397646284201546e-04
-3.287744988233975985e-03
-6.792141762690440121e-03
1.053293684636552596e-03
-4.350520190472967341e-03
5.110841634723695126e-04
-6.191825613571760867e-03
8.556249746977884207e-03
1.449042593067934037e-02
1.364964850291092158e-02
6.043784855012002133e-03
-4.817343104661087061e-04
2.511404877355405407e-03
1.771364699143634924e-02
1.372090608267989564e-02
-3.748506768509463072e-04
9.150740322351913481e-03
1.366632717299048894e-02
6.395221197724565432e-03
-1.124336189906510741e-02
-5.301129278937610767e-03
9.496319678660436470e-03
1.014078574905558083e-02
-5.373870530406554824e-03
-6.529004545099748036e-03
-5.726775850170118254e-03
-2.848524314188527473e-03
7.490830335630249692e-04
-4.810206169721331637e-03
-1.522641279024544714e-02
-1.570625013498011535e-02
4.176341467438227095e-03
-1.519027885322155047e-03
1.722542239613877868e-03
-1.300512390307090316e-02
-4.645195733602447419e-03
-3.612751638775391072e-03
-5.297780835702925462e-03
-7.205227286235627027e-03
1.106254327514127889e-03
1.449775463797328690e-02
-1.243599740156725586e-03
-2.783158882745384588e-04
-1.254568010603226980e-02
4.190201905255042103e-04
1.029180637876533910e-02
1.068895612137132911e-04
-6.327998075526392041e-03
-1.502030578070803757e-02
-1.097364911794518338e-03
1.631711592242718334e-02
1.143106312000163882e-02
4.887158913365718949e-03
4.611057517194538935e-03
5.623306904639802095e-03
6.098533538710870783e-03
8.944907832209747500e-03
2.108231110858449497e-03
-1.986544885621499557e-03
6.831009626107997779e-03
1.320399843122227468e-02
-6.615699564111177100e-03
-8.400497981564392092e-03
8.446234051216139349e-03
8.630138873825354828e-03
-1.728025496583462939e-03
-4.955302873129341368e-03
-3.449373733269256448e-03
-2.137642598761368973e-03
-2.898248563895367003e-03
-1.979861188906822944e-02
-1.278941524018167852e-02
-1.161459139277121189e-03
-1.152438733541227833e-02
-2.008560695652250594e-03
5.280209869523710964e-05
7.816897187097660016e-03
1.603419158767532826e-02
-6.123254273824263461e-03
-2.246534189780435842e-03
-1.261089228425496533e-02
-1.190260896426659221e-02
-1.519271508830355444e-03
2.347565716344701681e-03
2.219463177074498805e-03
-1.250300977706508831e-04
5.590847207740251568e-03
-3.324436848814504852e-03
-1.988578566508664158e-03
-4.154535371833995017e-03
-1.150385423273139751e-02
2.356603141417057401e-03
8.995379074921427964e-03
4.440321986327822046e-03
9.807024590028634581e-03
1.518232581738221398e-03
-8.080430740697863712e-05
4.693640247036556801e-03
-1.062208857278512664e-02
-4.150484205426963058e-03
1.455230781896410530e-02
2.060001530689137272e-02
3.963379070831718476e-03
3.422911582024845689e-03
4.241106848705822330e-03
1.297069704537212598e-02
-3.643531520434617477e-03
-1.541860158398855596e-04
-6.411210780906895224e-03
6.572741331154430267e-03
5.333082353254914310e-04
-7.244973061365900246e-03
-5.340777979259692110e-03
3.909284786482891683e-03
6.365084358853079216e-04
2.993224529823035329e-03
-1.120072714855713247e-02
-8.990427387121080471e-03
3.924769321293986035e-03
5.325038779775748132e-03
-3.608711630084471267e-03
-4.501426232215777201e-03
-1.331707975459978099e-02
-6.252057658194809520e-04
6.659029580829201045e-03
7.205982933820687109e-03
-4.373674944301741974e-03
-1.435549990965517830e-02
2.044216192867154280e-03
5.035620128626738801e-03
2.023498076086538422e-03
2.380711436154869798e-03
7.311850093706828702e-03
1.043903606909318826e-02
-3.032020754446418387e-03
-9.538228217217614713e-03
-1.460185604079494714e-02
-1.012083914048805822e-02
-1.950069908403295749e-03
-1.847705697919699297e-03
-6.356392932854115774e-03
-1.343359715129943677e-03
5.807156286819492585e-03
3.311239082573413928e-03
7.124771204855107065e-03
-9.076505624056652177e-03
-3.172752072801321432e-03
6.650820879817109788e-03
-5.004053036739286586e-03
-1.157513410913246776e-03
-1.705033997926930223e-03
4.163942059596803524e-03
-4.885185850714457434e-03
-4.029111103224652934e-03
4.226717975627541923e-03
-6.475478983248073028e-03
3.454229908145811656e-04
1.095404108892289452e-02
4.781800351009168892e-04
1.691183697104692296e-03
-9.090831404023891338e-04
4.125027070935760598e-03
6.638878000012560232e-03
-9.050422211560049668e-04
6.275342763187308215e-03
9.622074753399323388e-03
3.885921046934859291e-03
-9.085920055859564304e-03
-6.441851114079077956e-03
3.295906774636370162e-03
7.283076389602072265e-03
3.069000268189570058e-03
-8.483348808936197472e-03
-2.307828819385676633e-02
-1.097306174328749329e-02
-4.054903581509061716e-03
-9.324979521450005304e-03
-2.622666725113187436e-03
-7.196749326274981540e-03
2.424235095625781877e-04
-4.761272706741093153e-03
-7.112093448208317570e-03
-1.841889016503245324e-02
-5.803290657293957988e-03
2.963107460417058192e-03
-1.779717624304649748e-03
-9.242724780452349354e-03
-1.001952164316144422e-02
3.584042834203604588e-03
-1.666499564975776337e-03
1.805925022602739016e-03
4.846578486547403752e-03
3.517681817795492716e-03
2.624892559665165104e-03
8.315045282127203619e-03
6.718981988383804227e-03
-1.274029194496678619e-03
5.774502537506165378e-03
1.662605534605501867e-02
4.069791265489425269e-03
5.240046167782425046e-03
3.157658690988524031e-03
6.268275130300038356e-03
1.212421283885395384e-02
4.795429455964339560e-03
-2.203408808717499667e-03
-4.209775988885389175e-04
8.216439328045554991e-03
-2.979027061691952305e-04
-8.854194178746777055e-04
-4.845833454122983053e-03
6.902489414036705462e-03
1.454155311427240971e-02
1.342929868131648163e-02
4.187307864738254448e-03
-2.987349449189935502e-03
1.193637495830013329e-03
5.469071826879057241e-03
1.119978130550702833e-03
-9.243402287993363053e-03
-1.826303710100007915e-03
2.086742464588620116e-03
-8.671159283708262944e-03
-1.537731516541435139e-02
-5.689419734206946355e-03
-3.356874755126248999e-03
-8.446700475766566463e-04
-2.756713550297384963e-03
-6.479284954682307252e-03
-5.104772107034749595e-03
-1.936401626652595187e-03
-7.116903975459276666e-04
-6.574808363734835348e-03
-6.530216713974856813e-03
-4.391441417189556606e-03
5.221893127413668179e-04
-2.945930565748794416e-03
-4.321135100543743723e-03
-2.001630872546344975e-03
6.849096697777390386e-03
4.856067511793127345e-03
-5.254881290604446198e-03
-7.746263920893114996e-03
9.576545074857223394e-04
2.002514178372577502e-03
5.577747507752833789e-03
-3.428119935923734651e-04
2.882835983709225447e-03
5.311696840669177799e-03
3.170919992778187257e-03
2.166449163710254533e-03
1.928808694226874509e-03
5.033884320108039656e-03
7.354890309788031377e-03
5.761498348837962302e-03
5.123370303431573625e-03
-2.296753818727237384e-03
7.406023337191203204e-03
4.872747889545503419e-03
6.157306332124634629e-04
-4.257618007796171167e-03
8.354762416666883240e-04
3.477732542247091718e-03
8.781287414232397115e-03
-1.149443977358610702e-03
-8.359426761527954941e-03
1.600552942406574530e-03
1.831462960224683467e-03
-2.406287615062896457e-03
1.284201833041287433e-03
-6.085066816303441595e-03
1.043950450771213845e-03
-8.873917691008925690e-03
-8.243306715268516882e-03
-1.807693996504755596e-02
-1.170806665372728372e-02
-6.161434937206056173e-03
-6.552964368922609140e-03
-4.043934212464767031e-03
1.484251055015262111e-03
1.261624215991277720e-02
1.410222998298008013e-02
1.389935270112699350e-02
-3.006122879340045184e-03
-3.591886558816675956e-03
3.605095753532822078e-03
6.280791611482539061e-03
6.620677638992156222e-03
-6.482672111843834628e-04
-3.391387535530809849e-03
8.077581616095508288e-03
8.988239484224835874e-03
-1.250434544637413214e-03
-2.067142831974955186e-03
1.063194735256123291e-02
8.966637487044348820e-03
7.295972534158756684e-03
-8.725255920415952993e-04
-6.024856633401687311e-03
-1.901687365267856755e-03
6.606409010665448278e-03
3.134791925538504831e-03
9.595936943490035453e-04
-6.212057561433614872e-03
-8.990559709905421304e-03
-3.683244688394649025e-03
-1.521682778910182776e-02
-1.649844141933398678e-02
-1.116766143637315523e-03
5.121877033104127452e-03
1.339521385823827515e-03
-4.577994631454473939e-04
2.894377051271934675e-03
1.247755686694007604e-02
-6.722381573937619148e-03
-6.707965465006515693e-04
-9.228947476720150700e-03
-7.968099391997746084e-03
1.299223077900618639e-03
-7.566923470485847902e-03
-1.169885026305605980e-02
-1.774771135366487451e-02
-1.228743193812470436e-03
9.407669095343296206e-03
1.028942662950571574e-02
2.315635469345572739e-03
