0.000000000000000000e+00 1.000000000000000056e-01 -1.600000000000000089e+00 0.000000000000000000e+00 1.428571428571428603e+00
4.409252847143569493e-02 1.440633769299365097e-01 -1.598611779755774176e+00 6.298932638776527648e-02 1.428571428571428603e+00
8.818505694287138985e-02 1.879519833687784969e-01 -1.594452625181515204e+00 1.259786527755305530e-01 1.428571428571428603e+00
1.322775854143070917e-01 2.314917420252423086e-01 -1.587539032913162895e+00 1.889679791632958294e-01 1.428571428571428603e+00
1.763701138857427797e-01 2.745099592581976555e-01 -1.577898424632851793e+00 2.519573055510611059e-01 1.428571428571428603e+00
2.204626423571784677e-01 3.168360100389780443e-01 -1.565569038305100413e+00 3.149466319388263824e-01 1.428571428571428603e+00
2.645551708286141834e-01 3.583020147088633589e-01 -1.550599776511905947e+00 3.779359583265916589e-01 1.428571428571428603e+00
3.086476993000498714e-01 3.987435048474825550e-01 -1.533050012488304414e+00 4.409252847143569354e-01 1.428571428571428603e+00
3.527402277714855594e-01 4.380000756110724591e-01 -1.512989354627720662e+00 5.039146111021222119e-01 1.428571428571428603e+00
3.968327562429212474e-01 4.759160219531961555e-01 -1.490497370391167919e+00 5.669039374898874328e-01 1.428571428571428603e+00
4.409252847143569354e-01 5.123409562044506371e-01 -1.465663270715360511e+00 6.298932638776527648e-01 1.428571428571428603e+00
4.850178131857926234e-01 5.471304045616295353e-01 -1.438585556171490420e+00 6.928825902654180968e-01 1.428571428571428603e+00
5.291103416572283669e-01 5.801463801204617132e-01 -1.409371626278120404e+00 7.558719166531833178e-01 1.428571428571428603e+00
5.732028701286639993e-01 6.112579301790795894e-01 -1.378137353517797425e+00 8.188612430409485388e-01 1.428571428571428603e+00
6.172953986000997428e-01 6.403416556414245342e-01 -1.345006623746977548e+00 8.818505694287138708e-01 1.428571428571428603e+00
6.613879270715353753e-01 6.672822004604553880e-01 -1.310110844822157228e+00 9.448398958164792028e-01 1.428571428571428603e+00
7.054804555429711188e-01 6.919727091798628660e-01 -1.273588425391169565e+00 1.007829222204244424e+00 1.428571428571428603e+00
7.495729840144068623e-01 7.143152507595198486e-01 -1.235584225916934509e+00 1.070818548592009645e+00 1.428571428571428603e+00
7.936655124858424948e-01 7.342212070036310267e-01 -1.196248984111097480e+00 1.133807874979774866e+00 1.428571428571428603e+00
8.377580409572782383e-01 7.516116240509429502e-01 -1.155738717056476572e+00 1.196797201367540309e+00 1.428571428571428603e+00
8.818505694287138708e-01 7.664175255328822267e-01 -1.114214102389712302e+00 1.259786527755305530e+00 1.428571428571428603e+00
9.259430979001496143e-01 7.785801861575312177e-01 -1.071839840998559445e+00 1.322775854143070751e+00 1.428571428571428603e+00
9.700356263715852467e-01 7.880513646343104694e-01 -1.028784003761581411e+00 1.385765180530836194e+00 1.428571428571428603e+00
1.014128154843020990e+00 7.947934950155109979e-01 -9.852173649213056272e-01 1.448754506918601415e+00 1.428571428571428603e+00
1.058220683314456734e+00 7.987798356957489521e-01 -9.413127247349060145e-01 1.511743833306366636e+00 1.428571428571428603e+00
1.102313211785892477e+00 7.999945754783591712e-01 -8.972442240890174947e-01 1.574733159694131857e+00 1.428571428571428603e+00
1.146405740257327999e+00 7.984328962880343772e-01 -8.531866537971523057e-01 1.637722486081897078e+00 1.428571428571428603e+00
1.190498268728763742e+00 7.941009922809658672e-01 -8.093147613192832601e-01 1.700711812469662521e+00 1.428571428571428603e+00
1.234590797200199486e+00 7.870160452766924442e-01 -7.658025576533831202e-01 1.763701138857427742e+00 1.428571428571428603e+00
1.278683325671635229e+00 7.772061566091018614e-01 -7.228226271480227005e-01 1.826690465245192962e+00 1.428571428571428603e+00
1.322775854143070751e+00 7.647102356668851186e-01 -6.805454429735531274e-01 1.889679791632958406e+00 1.428571428571428603e+00
1.366868382614506494e+00 7.495778455655344175e-01 -6.391386909669458660e-01 1.952669118020723626e+00 1.428571428571428603e+00
1.410960911085942238e+00 7.318690065629990249e-01 -5.987666045321524688e-01 2.015658444408488847e+00 1.428571428571428603e+00
1.455053439557377981e+00 7.116539579987218866e-01 -5.595893132340030718e-01 2.078647770796254068e+00 1.428571428571428603e+00
1.499145968028813725e+00 6.890128797002885719e-01 -5.217622076693375632e-01 2.141637097184019289e+00 1.428571428571428603e+00
1.543238496500249246e+00 6.640355739626847553e-01 -4.854353231345140962e-01 2.204626423571784510e+00 1.428571428571428603e+00
1.587331024971684990e+00 6.368211093615422369e-01 -4.507527445338781469e-01 2.267615749959549731e+00 1.428571428571428603e+00
1.631423553443120733e+00 6.074774278131325200e-01 -4.178520348895302661e-01 2.330605076347315396e+00 1.428571428571428603e+00
1.675516081914556477e+00 5.761209164396434712e-01 -3.868636897191216617e-01 2.393594402735080617e+00 1.428571428571428603e+00
1.719608610385991998e+00 5.428759459378662555e-01 -3.579106194457966073e-01 2.456583729122845838e+00 1.428571428571428603e+00
1.763701138857427742e+00 5.078743772822845726e-01 -3.311076618932290438e-01 2.519573055510611059e+00 1.428571428571428603e+00
1.807793667328863485e+00 4.712550387191476453e-01 -3.065611267993609834e-01 2.582562381898376280e+00 1.428571428571428603e+00
1.851886195800299229e+00 4.331631751259515939e-01 -2.843683741554577926e-01 2.645551708286141501e+00 1.428571428571428603e+00
1.895978724271734972e+00 3.937498719203542663e-01 -2.646174280429346437e-01 2.708541034673906722e+00 1.428571428571428603e+00
1.940071252743170493e+00 3.531714558035036200e-01 -2.473866274996087133e-01 2.771530361061672387e+00 1.428571428571428603e+00
1.984163781214606237e+00 3.115888747146346449e-01 -2.327443158001615275e-01 2.834519687449437608e+00 1.428571428571428603e+00
2.028256309686041980e+00 2.691670594562461383e-01 -2.207485693832313967e-01 2.897509013837202829e+00 1.428571428571428603e+00
2.072348838157477502e+00 2.260742695218767306e-01 -2.114469675003056715e-01 2.960498340224968050e+00 1.428571428571428603e+00
2.116441366628913467e+00 1.824814257211466173e-01 -2.048764035000631978e-01 3.023487666612733271e+00 1.428571428571428603e+00
2.160533895100348989e+00 1.385614322491058870e-01 -2.010629384966787780e-01 3.086476993000498492e+00 1.428571428571428603e+00
2.204626423571784954e+00 9.448849088879505975e-02 -2.000216980024902558e-01 3.149466319388263713e+00 1.428571428571428603e+00
2.248718952043220476e+00 5.043741006712538361e-02 -2.017568119350209299e-01 3.212455645776028934e+00 1.428571428571428603e+00
2.292811480514655997e+00 6.582911504601648978e-03 -2.062613982363077358e-01 3.275444972163794155e+00 1.428571428571428603e+00
2.336904008986091963e+00 -3.690106279104826692e-02 -2.135175901695066658e-01 3.338434298551559820e+00 1.428571428571428603e+00
2.380996537457527484e+00 -7.984204043863338263e-02 -2.234966071845102542e-01 3.401423624939325041e+00 1.428571428571428603e+00
2.425089065928963006e+00 -1.220697027682191571e-01 -2.361588690714963024e-01 3.464412951327090262e+00 1.428571428571428603e+00
2.469181594400398971e+00 -1.634165603634847586e-01 -2.514541529496387984e-01 3.527402277714855483e+00 1.428571428571428603e+00
2.513274122871834493e+00 -2.037186173822906066e-01 -2.693217924683066755e-01 3.590391604102620704e+00 1.428571428571428603e+00
2.557366651343270458e+00 -2.428160220205296260e-01 -2.896909184306530882e-01 3.653380930490385925e+00 1.428571428571428603e+00
2.601459179814705980e+00 -2.805537005393005101e-01 -3.124807398851980889e-01 3.716370256878151146e+00 1.428571428571428603e+00
2.645551708286141501e+00 -3.167819723406324339e-01 -3.376008645704973166e-01 3.779359583265916811e+00 1.428571428571428603e+00
2.689644236757577467e+00 -3.513571436521595315e-01 -3.649516574419058301e-01 3.842348909653682032e+00 1.428571428571428603e+00
2.733736765229012988e+00 -3.841420774659898285e-01 -3.944246358583960443e-01 3.905338236041447253e+00 1.428571428571428603e+00
2.777829293700448954e+00 -4.150067374711920998e-01 -4.259028998619812656e-01 3.968327562429212474e+00 1.428571428571428603e+00
2.821921822171884475e+00 -4.438287038224795200e-01 -4.592615958431103818e-01 4.031316888816977695e+00 1.428571428571428603e+00
2.866014350643319997e+00 -4.704936586993743175e-01 -4.943684117529777988e-01 4.094306215204743360e+00 1.428571428571428603e+00
2.910106879114755962e+00 -4.948958397299576539e-01 -5.310841018985648088e-01 4.157295541592508137e+00 1.428571428571428603e+00
2.954199407586191484e+00 -5.169384594807731048e-01 -5.692630392388984273e-01 4.220284867980273802e+00 1.428571428571428603e+00
2.998291936057627449e+00 -5.365340893490377905e-01 -6.087537929919237811e-01 4.283274194368038579e+00 1.428571428571428603e+00
3.042384464529062971e+00 -5.536050063345192562e-01 -6.493997292610141914e-01 4.346263520755804244e+00 1.428571428571428603e+00
3.086476993000498492e+00 -5.680835013156551039e-01 -6.910396322988134887e-01 4.409252847143569021e+00 1.428571428571428603e+00
3.130569521471934458e+00 -5.799121476071921188e-01 -7.335083439442811049e-01 4.472242173531334686e+00 1.428571428571428603e+00
3.174662049943369979e+00 -5.890440287341479619e-01 -7.766374186966944482e-01 4.535231499919099463e+00 1.428571428571428603e+00
3.218754578414805945e+00 -5.954429245186705355e-01 -8.202557918283803762e-01 4.598220826306865128e+00 1.428571428571428603e+00
3.262847106886241466e+00 -5.990834547417063227e-01 -8.641904578861908659e-01 4.661210152694630793e+00 1.428571428571428603e+00
3.306939635357676988e+00 -5.999511798096683890e-01 -9.082671568905689163e-01 4.724199479082395570e+00 1.428571428571428603e+00
3.351032163829112953e+00 -5.980426580268261016e-01 -9.523110655104970457e-01 4.787188805470161235e+00 1.428571428571428603e+00
3.395124692300548475e+00 -5.933654592462522803e-01 -9.961474904728855329e-01 4.850178131857926012e+00 1.428571428571428603e+00
3.439217220771983996e+00 -5.859381348451854210e-01 -1.039602561456114627e+00 4.913167458245691677e+00 1.428571428571428603e+00
3.483309749243419962e+00 -5.757901441438940671e-01 -1.082503920719459778e+00 4.976156784633456454e+00 1.428571428571428603e+00
3.527402277714855483e+00 -5.629617375598916507e-01 -1.124681406733110345e+00 5.039146111021222119e+00 1.428571428571428603e+00
3.571494806186291449e+00 -5.475037969609527488e-01 -1.165967729097252104e+00 5.102135437408987784e+00 1.428571428571428603e+00
3.615587334657726970e+00 -5.294776338501446800e-01 -1.206199132073269009e+00 5.165124763796752561e+00 1.428571428571428603e+00
3.659679863129162491e+00 -5.089547461833416886e-01 -1.245216044095261987e+00 5.228114090184518226e+00 1.428571428571428603e+00
3.703772391600598457e+00 -4.860165347837701599e-01 -1.282863710685698599e+00 5.291103416572283002e+00 1.428571428571428603e+00
3.747864920072033978e+00 -4.607539804783756798e-01 -1.318992808264840555e+00 5.354092742960048668e+00 1.428571428571428603e+00
3.791957448543469944e+00 -4.332672832366093463e-01 -1.353460036419358303e+00 5.417082069347813444e+00 1.428571428571428603e+00
3.836049977014905465e+00 -4.036654647429216425e-01 -1.386128686281006051e+00 5.480071395735579109e+00 1.428571428571428603e+00
3.880142505486340987e+00 -3.720659359793094811e-01 -1.416869182760955859e+00 5.543060722123344775e+00 1.428571428571428603e+00
3.924235033957776952e+00 -3.385940315330238093e-01 -1.445559598489118969e+00 5.606050048511109551e+00 1.428571428571428603e+00
3.968327562429212474e+00 -3.033825124765355818e-01 -1.472086137419984730e+00 5.669039374898875217e+00 1.428571428571428603e+00
4.012420090900648439e+00 -2.665710397915146412e-01 -1.496343586186828833e+00 5.732028701286639993e+00 1.428571428571428603e+00
4.056512619372083961e+00 -2.283056204253917920e-01 -1.518235731414076639e+00 5.795018027674405658e+00 1.428571428571428603e+00
4.100605147843519482e+00 -1.887380281776477042e-01 -1.537675741332602319e+00 5.858007354062170435e+00 1.428571428571428603e+00
4.144697676314955004e+00 -1.480252017127771380e-01 -1.554586510184357673e+00 5.920996680449936100e+00 1.428571428571428603e+00
4.188790204786391413e+00 -1.063286220876332733e-01 -1.568900964050298441e+00 5.983986006837700877e+00 1.428571428571428603e+00
4.232882733257826935e+00 -6.381367226207376731e-02 -1.580562326888591329e+00 6.046975333225466542e+00 1.428571428571428603e+00
4.276975261729262456e+00 -2.064898113332798435e-02 -1.589524345727900911e+00 6.109964659613232207e+00 1.428571428571428603e+00
4.321067790200697978e+00 2.299424530414433121e-02 -1.595751474122564684e+00 6.172953986000996984e+00 1.428571428571428603e+00
4.365160318672133499e+00 6.694290302044775265e-02 -1.599219013142008539e+00 6.235943312388762649e+00 1.428571428571428603e+00
4.409252847143569909e+00 1.110226765403001387e-01 -1.599913209335191766e+00 6.298932638776527426e+00 1.428571428571428603e+00
4.453345375615005430e+00 1.550587303380994153e-01 -1.597831309281517065e+00 6.361921965164293091e+00 1.428571428571428603e+00
4.497437904086440952e+00 1.988764022956789057e-01 -1.592981570511844858e+00 6.424911291552057868e+00 1.428571428571428603e+00
4.541530432557876473e+00 2.423018964722787882e-01 -1.585383228756287011e+00 6.487900617939823533e+00 1.428571428571428603e+00
4.585622961029311995e+00 2.851629724389507792e-01 -1.575066421648694037e+00 6.550889944327588310e+00 1.428571428571428603e+00
4.629715489500748404e+00 3.272896284432783021e-01 -1.562072069190444168e+00 6.613879270715353975e+00 1.428571428571428603e+00
4.673808017972183926e+00 3.685147756947271258e-01 -1.546451711447661470e+00 6.676868597103119640e+00 1.428571428571428603e+00
4.717900546443619447e+00 4.086749010961949757e-01 -1.528267304125603854e+00 6.739857923490884417e+00 1.428571428571428603e+00
4.761993074915054969e+00 4.476107157931314973e-01 -1.507590972831054144e+00 6.802847249878650082e+00 1.428571428571428603e+00
4.806085603386490490e+00 4.851677869678565624e-01 -1.484504726997381674e+00 6.865836576266414859e+00 1.428571428571428603e+00
4.850178131857926012e+00 5.211971503731750444e-01 -1.459100134606956534e+00 6.928825902654180524e+00 1.428571428571428603e+00
4.894270660329362421e+00 5.555559011757551513e-01 -1.431477959001072442e+00 6.991815229041945301e+00 1.428571428571428603e+00
4.938363188800797943e+00 5.881077607657966277e-01 -1.401747759217915945e+00 7.054804555429710966e+00 1.428571428571428603e+00
4.982455717272233464e+00 6.187236172848129545e-01 -1.370027455443784570e+00 7.117793881817476631e+00 1.428571428571428603e+00
5.026548245743668986e+00 6.472820377276206072e-01 -1.336442861301113672e+00 7.180783208205241408e+00 1.428571428571428603e+00
5.070640774215104507e+00 6.736697495873584796e-01 -1.301127184828424932e+00 7.243772534593007073e+00 1.428571428571428603e+00
5.114733302686540917e+00 6.977820901331611703e-01 -1.264220500131485014e+00 7.306761860980771850e+00 1.428571428571428603e+00
5.158825831157976438e+00 7.195234215385115650e-01 -1.225869191801274294e+00 7.369751187368537515e+00 1.428571428571428603e+00
5.202918359629411960e+00 7.388075102137136030e-01 -1.186225374302412483e+00 7.432740513756302292e+00 1.428571428571428603e+00
5.247010888100847481e+00 7.555578688379382957e-01 -1.145446288634928145e+00 7.495729840144067957e+00 1.428571428571428603e+00
5.291103416572283002e+00 7.697080597342133013e-01 -1.103693678662434952e+00 7.558719166531833622e+00 1.428571428571428603e+00
5.335195945043719412e+00 7.812019583840761339e-01 -1.061133149580399504e+00 7.621708492919598399e+00 1.428571428571428603e+00
5.379288473515154934e+00 7.899939760366960773e-01 -1.017933511069039287e+00 7.684697819307364064e+00 1.428571428571428603e+00
5.423381001986590455e+00 7.960492405295216400e-01 -9.742661077361408628e-01 7.747687145695128841e+00 1.428571428571428603e+00
5.467473530458025976e+00 7.993437346032584712e-01 -9.303041395054727491e-01 7.810676472082894506e+00 1.428571428571428603e+00
5.511566058929461498e+00 7.998643911625702430e-01 -8.862219746463898540e-01 7.873665798470659283e+00 1.428571428571428603e+00
5.555658587400897908e+00 7.976091451046688485e-01 -8.421944581693674436e-01 7.936655124858424948e+00 1.428571428571428603e+00
5.599751115872333429e+00 7.925869415102206883e-01 -7.983962183306247962e-01 7.999644451246189725e+00 1.428571428571428603e+00
5.643843644343768950e+00 7.848177001640840311e-01 -7.550009739964624877e-01 8.062633777633955390e+00 1.428571428571428603e+00
5.687936172815204472e+00 7.743322365465992174e-01 -7.121808456145612976e-01 8.125623104021720167e+00 1.428571428571428603e+00
5.732028701286639993e+00 7.611721396088052538e-01 -6.701056725251479662e-01 8.188612430409486720e+00 1.428571428571428603e+00
5.776121229758076403e+00 7.453896068163743394e-01 -6.289423393198310119e-01 8.251601756797251497e+00 1.428571428571428603e+00
5.820213758229511924e+00 7.270472371165279668e-01 -5.888541139199674479e-01 8.314591083185016274e+00 1.428571428571428603e+00
5.864306286700947446e+00 7.062177826491073951e-01 -5.500000000000005995e-01 8.377580409572781051e+00 1.428571428571428603e+00
5.908398815172382967e+00 6.829838601865911851e-01 -5.125341063242585538e-01 8.440569735960547604e+00 1.428571428571428603e+00
5.952491343643818489e+00 6.574376234475959313e-01 -4.766050354986539062e-01 8.503559062348312381e+00 1.428571428571428603e+00
5.996583872115254898e+00 6.296803975835633116e-01 -4.423552945616893162e-01 8.566548388736077158e+00 1.428571428571428603e+00
6.040676400586690420e+00 5.998222772884010956e-01 -4.099207297525873095e-01 8.629537715123843711e+00 1.428571428571428603e+00
6.084768929058125941e+00 5.679816901251059091e-01 -3.794299876984372766e-01 8.692527041511608488e+00 1.428571428571428603e+00
6.128861457529561463e+00 5.342849268013574182e-01 -3.510040051574697673e-01 8.755516367899373265e+00 1.428571428571428603e+00
6.172953986000996984e+00 4.988656402571868265e-01 -3.247555293423288747e-01 8.818505694287138041e+00 1.428571428571428603e+00
6.217046514472433394e+00 4.618643155514976506e-01 -3.007886707258897729e-01 8.881495020674904595e+00 1.428571428571428603e+00
6.261139042943868915e+00 4.234277126500622934e-01 -2.791984901033595090e-01 8.944484347062669372e+00 1.428571428571428603e+00
6.305231571415304437e+00 3.837082843250714248e-01 -2.600706215484990258e-01 9.007473673450434148e+00 1.428571428571428603e+00
6.349324099886739958e+00 3.428635714750672969e-01 -2.434809327594705808e-01 9.070462999838198925e+00 1.428571428571428603e+00
6.393416628358175480e+00 3.010555782636143429e-01 -2.294952241414803806e-01 9.133452326225965479e+00 1.428571428571428603e+00
6.437509156829611889e+00 2.584501295551338007e-01 -2.181689678197674676e-01 9.196441652613730255e+00 1.428571428571428603e+00
6.481601685301047411e+00 2.152162131965142944e-01 -2.095470876180944853e-01 9.259430979001495032e+00 1.428571428571428603e+00
6.525694213772482932e+00 1.715253097532580262e-01 -2.036637808754304668e-01 9.322420305389261586e+00 1.428571428571428603e+00
6.569786742243918454e+00 1.275507123586487046e-01 -2.005423828075564296e-01 9.385409631777026362e+00 1.428571428571428603e+00
6.613879270715353975e+00 8.346683937364189620e-02 -2.001952739515808766e-01 9.448398958164791139e+00 1.428571428571428603e+00
6.657971799186789497e+00 3.944854258372808287e-02 -2.026238310604775439e-01 9.511388284552555916e+00 1.428571428571428603e+00
6.702064327658225906e+00 -4.329586323322254238e-03 -2.078184216424100450e-01 9.574377610940322469e+00 1.428571428571428603e+00
6.746156856129661428e+00 -4.769390824806923890e-02 -2.157584421665029728e-01 9.637366937328087246e+00 1.428571428571428603e+00
6.790249384601096949e+00 -9.047242539173397380e-02 -2.264123997835245650e-01 9.700356263715852023e+00 1.428571428571428603e+00
6.834341913072532471e+00 -1.324954634585552848e-01 -2.397380372373466573e-01 9.763345590103618576e+00 1.428571428571428603e+00
6.878434441543967992e+00 -1.735963446423359480e-01 -2.556825004717379057e-01 9.826334916491383353e+00 1.428571428571428603e+00
6.922526970015404402e+00 -2.136120487278918290e-01 -2.741825482677122672e-01 9.889324242879148130e+00 1.428571428571428603e+00
6.966619498486839923e+00 -2.523838596852271410e-01 -2.951648030799282063e-01 9.952313569266912907e+00 1.428571428571428603e+00
7.010712026958275445e+00 -2.897579951918394237e-01 -3.185460420772441292e-01 1.001530289565467946e+01 1.428571428571428603e+00
7.054804555429710966e+00 -3.255862165862386526e-01 -3.442335272330552254e-01 1.007829222204244424e+01 1.428571428571428603e+00
7.098897083901146488e+00 -3.597264168334136647e-01 -3.721253731561723344e-01 1.014128154843020901e+01 1.428571428571428603e+00
7.142989612372582897e+00 -3.920431841701508269e-01 -4.021109512032837729e-01 1.020427087481797557e+01 1.428571428571428603e+00
7.187082140844018419e+00 -4.224083391946062971e-01 -4.340713282701598730e-01 1.026726020120574034e+01 1.428571428571428603e+00
7.231174669315453940e+00 -4.507014432698550621e-01 -4.678797385212091764e-01 1.033024952759350512e+01 1.428571428571428603e+00
7.275267197786889461e+00 -4.768102762248992432e-01 -5.034020861863298668e-01 1.039323885398126990e+01 1.428571428571428603e+00
7.319359726258324983e+00 -5.006312814584216175e-01 -5.404974774308054508e-01 1.045622818036903645e+01 1.428571428571428603e+00
7.363452254729761393e+00 -5.220699766798408969e-01 -5.790187791886538538e-01 1.051921750675680123e+01 1.428571428571428603e+00
7.407544783201196914e+00 -5.410413286585400439e-01 -6.188132027429209536e-01 1.058220683314456600e+01 1.428571428571428603e+00
7.451637311672632435e+00 -5.574700904948705071e-01 -6.597229097382215635e-01 1.064519615953233256e+01 1.428571428571428603e+00
7.495729840144067957e+00 -5.712911000752063373e-01 -7.015856382218784715e-01 1.070818548592009734e+01 1.428571428571428603e+00
7.539822368615503478e+00 -5.824495385272764336e-01 -7.442353462305796308e-01 1.077117481230786211e+01 1.428571428571428603e+00
7.583914897086939888e+00 -5.909011476506433880e-01 -7.875028703698452315e-01 1.083416413869562689e+01 1.428571428571428603e+00
7.628007425558375409e+00 -5.966124054599319937e-01 -8.312165967741688144e-01 1.089715346508339344e+01 1.428571428571428603e+00
7.672099954029810931e+00 -5.995606591445394873e-01 -8.752031417865622220e-01 1.096014279147115822e+01 1.428571428571428603e+00
7.716192482501246452e+00 -5.997342149174659243e-01 -9.192880396577129964e-01 1.102313211785892300e+01 1.428571428571428603e+00
7.760285010972681974e+00 -5.971323843968897593e-01 -9.632964345370813586e-01 1.108612144424668955e+01 1.428571428571428603e+00
7.804377539444118383e+00 -5.917654873365275625e-01 -1.007053774011272163e+00 1.114911077063445433e+01 1.428571428571428603e+00
7.848470067915553905e+00 -5.836548106939444258e-01 -1.050386501438882458e+00 1.121210009702221910e+01 1.428571428571428603e+00
7.892562596386989426e+00 -5.728325241991679695e-01 -1.093122744335762064e+00 1.127508942340998388e+01 1.428571428571428603e+00
7.936655124858424948e+00 -5.593415527584858493e-01 -1.135092996080335981e+00 1.133807874979775043e+01 1.428571428571428603e+00
7.980747653329860469e+00 -5.432354061995222638e-01 -1.176130788235096203e+00 1.140106807618551521e+01 1.428571428571428603e+00
8.024840181801296879e+00 -5.245779670328759581e-01 -1.216073350817622245e+00 1.146405740257327999e+01 1.428571428571428603e+00
8.068932710272731512e+00 -5.034432370721370065e-01 -1.254762257902247269e+00 1.152704672896104476e+01 1.428571428571428603e+00
8.113025238744167922e+00 -4.799150439172698013e-01 -1.292044055991710128e+00 1.159003605534881132e+01 1.428571428571428603e+00
8.157117767215604331e+00 -4.540867084655543229e-01 -1.327770872666440116e+00 1.165302538173657609e+01 1.428571428571428603e+00
8.201210295687038965e+00 -4.260606747688437945e-01 -1.361801003097382612e+00 1.171601470812434087e+01 1.428571428571428603e+00
8.245302824158475374e+00 -3.959481037052603458e-01 -1.393999472096030035e+00 1.177900403451210742e+01 1.428571428571428603e+00
8.289395352629910008e+00 -3.638684320769661751e-01 -1.424238569472389138e+00 1.184199336089987220e+01 1.428571428571428603e+00
8.333487881101346417e+00 -3.299488988827677938e-01 -1.452398356577475180e+00 1.190498268728763698e+01 1.428571428571428603e+00
8.377580409572782827e+00 -2.943240406445359891e-01 -1.478367142021195901e+00 1.196797201367540175e+01 1.428571428571428603e+00
8.421672938044217460e+00 -2.571351577891384244e-01 -1.502041924678777729e+00 1.203096134006316831e+01 1.428571428571428603e+00
8.465765466515653870e+00 -2.185297542024057516e-01 -1.523328802228610890e+00 1.209395066645093308e+01 1.428571428571428603e+00
8.509857994987088503e+00 -1.786609521780386511e-01 -1.542143343601122041e+00 1.215693999283869786e+01 1.428571428571428603e+00
8.553950523458524913e+00 -1.376868850819881474e-01 -1.558410923861399677e+00 1.221992931922646441e+01 1.428571428571428603e+00
8.598043051929961322e+00 -9.577007014120222927e-02 -1.572067020197322806e+00 1.228291864561422919e+01 1.428571428571428603e+00
8.642135580401395956e+00 -5.307676384446338713e-02 -1.583057467839204868e+00 1.234590797200199397e+01 1.428571428571428603e+00
8.686228108872832365e+00 -9.776302512040410675e-03 -1.591338674895875549e+00 1.240889729838975875e+01 1.428571428571428603e+00
8.730320637344266999e+00 3.395956935033657420e-02 -1.596877795255098542e+00 1.247188662477752530e+01 1.428571428571428603e+00
8.774413165815703408e+00 7.795738024918448528e-02 -1.599652858862536942e+00 1.253487595116529008e+01 1.428571428571428603e+00
8.818505694287139818e+00 1.220426197508148319e-01 -1.599652858862536942e+00 1.259786527755305485e+01 1.428571428571428603e+00
8.862598222758574451e+00 1.660404306496640059e-01 -1.596877795255098320e+00 1.266085460394082141e+01 1.428571428571428603e+00
8.906690751230010861e+00 2.097763025120397418e-01 -1.591338674895875549e+00 1.272384393032858618e+01 1.428571428571428603e+00
8.950783279701445494e+00 2.530767638444627599e-01 -1.583057467839204868e+00 1.278683325671635096e+01 1.428571428571428603e+00
8.994875808172881904e+00 2.957700701412016020e-01 -1.572067020197323028e+00 1.284982258310411574e+01 1.428571428571428603e+00
9.038968336644318313e+00 3.376868850819886303e-01 -1.558410923861399455e+00 1.291281190949188229e+01 1.428571428571428603e+00
9.083060865115752947e+00 3.786609521780380794e-01 -1.542143343601122485e+00 1.297580123587964707e+01 1.428571428571428603e+00
9.127153393587189356e+00 4.185297542024051243e-01 -1.523328802228611334e+00 1.303879056226741184e+01 1.428571428571428603e+00
9.171245922058623989e+00 4.571351577891378248e-01 -1.502041924678778173e+00 1.310177988865517662e+01 1.428571428571428603e+00
9.215338450530060399e+00 4.943240406445353896e-01 -1.478367142021196345e+00 1.316476921504294317e+01 1.428571428571428603e+00
9.259430979001496809e+00 5.299488988827671943e-01 -1.452398356577475624e+00 1.322775854143070795e+01 1.428571428571428603e+00
9.303523507472931442e+00 5.638684320769656866e-01 -1.424238569472389582e+00 1.329074786781847273e+01 1.428571428571428603e+00
9.347616035944367852e+00 5.959481037052607455e-01 -1.393999472096029590e+00 1.335373719420623928e+01 1.428571428571428603e+00
9.391708564415802485e+00 6.260606747688433060e-01 -1.361801003097383056e+00 1.341672652059400406e+01 1.428571428571428603e+00
9.435801092887238894e+00 6.540867084655538344e-01 -1.327770872666440782e+00 1.347971584698176883e+01 1.428571428571428603e+00
9.479893621358673528e+00 6.799150439172693128e-01 -1.292044055991710572e+00 1.354270517336953361e+01 1.428571428571428603e+00
9.523986149830109937e+00 7.034432370721366290e-01 -1.254762257902247935e+00 1.360569449975730016e+01 1.428571428571428603e+00
9.568078678301546347e+00 7.245779670328755806e-01 -1.216073350817622689e+00 1.366868382614506494e+01 1.428571428571428603e+00
9.612171206772980980e+00 7.432354061995218864e-01 -1.176130788235096869e+00 1.373167315253282972e+01 1.428571428571428603e+00
9.656263735244417390e+00 7.593415527584859159e-01 -1.135092996080335537e+00 1.379466247892059627e+01 1.428571428571428603e+00
9.700356263715852023e+00 7.728325241991677030e-01 -1.093122744335762730e+00 1.385765180530836105e+01 1.428571428571428603e+00
9.744448792187288433e+00 7.836548106939441594e-01 -1.050386501438883124e+00 1.392064113169612583e+01 1.428571428571428603e+00
9.788541320658724842e+00 7.917654873365274071e-01 -1.007053774011272829e+00 1.398363045808389060e+01 1.428571428571428603e+00
9.832633849130159476e+00 7.971323843968898260e-01 -9.632964345370808035e-01 1.404661978447165716e+01 1.428571428571428603e+00
9.876726377601595885e+00 7.997342149174658799e-01 -9.192880396577136626e-01 1.410960911085942193e+01 1.428571428571428603e+00
9.920818906073030519e+00 7.995606591445395539e-01 -8.752031417865628882e-01 1.417259843724718671e+01 1.428571428571428603e+00
9.964911434544466928e+00 7.966124054599319493e-01 -8.312165967741682593e-01 1.423558776363495326e+01 1.428571428571428603e+00
1.000900396301590334e+01 7.909011476506434546e-01 -7.875028703698458976e-01 1.429857709002271804e+01 1.428571428571428603e+00
1.005309649148733797e+01 7.824495385272765002e-01 -7.442353462305802969e-01 1.436156641641048282e+01 1.428571428571428603e+00
1.009718901995877438e+01 7.712911000752065149e-01 -7.015856382218791376e-01 1.442455574279824759e+01 1.428571428571428603e+00
1.014128154843020901e+01 7.574700904948702407e-01 -6.597229097382211194e-01 1.448754506918601415e+01 1.428571428571428603e+00
1.018537407690164542e+01 7.410413286585402215e-01 -6.188132027429216198e-01 1.455053439557377892e+01 1.428571428571428603e+00
1.022946660537308183e+01 7.220699766798410746e-01 -5.790187791886542978e-01 1.461352372196154370e+01 1.428571428571428603e+00
1.027355913384451647e+01 7.006312814584212401e-01 -5.404974774308050067e-01 1.467651304834931025e+01 1.428571428571428603e+00
1.031765166231595288e+01 6.768102762248996429e-01 -5.034020861863304219e-01 1.473950237473707503e+01 1.428571428571428603e+00
1.036174419078738751e+01 6.507014432698553508e-01 -4.678797385212096760e-01 1.480249170112483981e+01 1.428571428571428603e+00
1.040583671925882392e+01 6.224083391946066968e-01 -4.340713282701604281e-01 1.486548102751260458e+01 1.428571428571428603e+00
1.044992924773026033e+01 5.920431841701504494e-01 -4.021109512032833844e-01 1.492847035390037114e+01 1.428571428571428603e+00
1.049402177620169496e+01 5.597264168334141754e-01 -3.721253731561727784e-01 1.499145968028813591e+01 1.428571428571428603e+00
1.053811430467313137e+01 5.255862165862391633e-01 -3.442335272330557805e-01 1.505444900667590069e+01 1.428571428571428603e+00
1.058220683314456600e+01 4.897579951918389352e-01 -3.185460420772437962e-01 1.511743833306366724e+01 1.428571428571428603e+00
1.062629936161600241e+01 4.523838596852277627e-01 -2.951648030799285394e-01 1.518042765945143202e+01 1.428571428571428603e+00
1.067039189008743882e+01 4.136120487278924784e-01 -2.741825482677126002e-01 1.524341698583919680e+01 1.428571428571428603e+00
1.071448441855887346e+01 3.735963446423365975e-01 -2.556825004717381278e-01 1.530640631222696157e+01 1.428571428571428603e+00
1.075857694703030987e+01 3.324954634585547963e-01 -2.397380372373464352e-01 1.536939563861472813e+01 1.428571428571428603e+00
1.080266947550174450e+01 2.904724253917346788e-01 -2.264123997835248980e-01 1.543238496500249290e+01 1.428571428571428603e+00
1.084676200397318091e+01 2.476939082480699161e-01 -2.157584421665031948e-01 1.549537429139025768e+01 1.428571428571428603e+00
1.089085453244461732e+01 2.043295863233229315e-01 -2.078184216424101560e-01 1.555836361777802246e+01 1.428571428571428603e+00
1.093494706091605195e+01 1.605514574162726082e-01 -2.026238310604776549e-01 1.562135294416578901e+01 1.428571428571428603e+00
1.097903958938748836e+01 1.165331606263587949e-01 -2.001952739515808766e-01 1.568434227055355379e+01 1.428571428571428603e+00
1.102313211785892300e+01 7.244928764135200039e-02 -2.005423828075564296e-01 1.574733159694131857e+01 1.428571428571428603e+00
1.106722464633035941e+01 2.847469024674144367e-02 -2.036637808754305778e-01 1.581032092332908512e+01 1.428571428571428603e+00
1.111131717480179582e+01 -1.521621319651361715e-02 -2.095470876180943742e-01 1.587331024971684990e+01 1.428571428571428603e+00
1.115540970327323045e+01 -5.845012955513312347e-02 -2.181689678197673565e-01 1.593629957610461467e+01 1.428571428571428603e+00
1.119950223174466686e+01 -1.010555782636136657e-01 -2.294952241414802696e-01 1.599928890249237945e+01 1.428571428571428603e+00
1.124359476021610149e+01 -1.428635714750666474e-01 -2.434809327594703587e-01 1.606227822888014600e+01 1.428571428571428603e+00
1.128768728868753790e+01 -1.837082843250707753e-01 -2.600706215484988038e-01 1.612526755526791078e+01 1.428571428571428603e+00
1.133177981715897431e+01 -2.234277126500616995e-01 -2.791984901033591759e-01 1.618825688165567556e+01 1.428571428571428603e+00
1.137587234563040894e+01 -2.618643155514970289e-01 -3.007886707258895509e-01 1.625124620804344033e+01 1.428571428571428603e+00
1.141996487410184535e+01 -2.988656402571852055e-01 -3.247555293423276535e-01 1.631423553443120511e+01 1.428571428571428603e+00
1.146405740257327999e+01 -3.342849268013579067e-01 -3.510040051574701003e-01 1.637722486081897344e+01 1.428571428571428603e+00
1.150814993104471640e+01 -3.679816901251062866e-01 -3.794299876984376096e-01 1.644021418720673822e+01 1.428571428571428603e+00
1.155224245951615281e+01 -3.998222772884014731e-01 -4.099207297525876981e-01 1.650320351359450299e+01 1.428571428571428603e+00
1.159633498798758744e+01 -4.296803975835629119e-01 -4.423552945616887611e-01 1.656619283998226777e+01 1.428571428571428603e+00
1.164042751645902385e+01 -4.574376234475955316e-01 -4.766050354986533510e-01 1.662918216637003255e+01 1.428571428571428603e+00
1.168452004493045848e+01 -4.829838601865907854e-01 -5.125341063242579986e-01 1.669217149275779732e+01 1.428571428571428603e+00
1.172861257340189489e+01 -5.062177826491063293e-01 -5.499999999999989342e-01 1.675516081914556210e+01 1.428571428571428603e+00
1.177270510187333130e+01 -5.270472371165282333e-01 -5.888541139199678920e-01 1.681815014553333043e+01 1.428571428571428603e+00
1.181679763034476593e+01 -5.453896068163746058e-01 -6.289423393198314560e-01 1.688113947192109521e+01 1.428571428571428603e+00
1.186089015881620234e+01 -5.611721396088054092e-01 -6.701056725251485213e-01 1.694412879830885998e+01 1.428571428571428603e+00
1.190498268728763698e+01 -5.743322365465990398e-01 -7.121808456145606314e-01 1.700711812469662476e+01 1.428571428571428603e+00
1.194907521575907339e+01 -5.848177001640839645e-01 -7.550009739964618216e-01 1.707010745108438954e+01 1.428571428571428603e+00
1.199316774423050980e+01 -5.925869415102205107e-01 -7.983962183306235749e-01 1.713309677747215432e+01 1.428571428571428603e+00
1.203726027270194443e+01 -5.976091451046687819e-01 -8.421944581693661114e-01 1.719608610385991909e+01 1.428571428571428603e+00
1.208135280117338084e+01 -5.998643911625702874e-01 -8.862219746463904091e-01 1.725907543024768742e+01 1.428571428571428603e+00
1.212544532964481547e+01 -5.993437346032585156e-01 -9.303041395054733043e-01 1.732206475663545220e+01 1.428571428571428603e+00
1.216953785811625188e+01 -5.960492405295216845e-01 -9.742661077361407518e-01 1.738505408302321698e+01 1.428571428571428603e+00
1.221363038658768829e+01 -5.899939760366961217e-01 -1.017933511069039287e+00 1.744804340941098175e+01 1.428571428571428603e+00
1.225772291505912293e+01 -5.812019583840762893e-01 -1.061133149580398838e+00 1.751103273579874653e+01 1.428571428571428603e+00
1.230181544353055934e+01 -5.697080597342135677e-01 -1.103693678662434285e+00 1.757402206218651131e+01 1.428571428571428603e+00
1.234590797200199397e+01 -5.555578688379387842e-01 -1.145446288634926812e+00 1.763701138857427608e+01 1.428571428571428603e+00
1.239000050047343038e+01 -5.388075102137134254e-01 -1.186225374302412927e+00 1.770000071496204441e+01 1.428571428571428603e+00
1.243409302894486679e+01 -5.195234215385113874e-01 -1.225869191801274738e+00 1.776299004134980919e+01 1.428571428571428603e+00
1.247818555741630142e+01 -4.977820901331613257e-01 -1.264220500131484792e+00 1.782597936773757397e+01 1.428571428571428603e+00
1.252227808588773783e+01 -4.736697495873585240e-01 -1.301127184828424710e+00 1.788896869412533874e+01 1.428571428571428603e+00
1.256637061435917246e+01 -4.472820377276212067e-01 -1.336442861301113005e+00 1.795195802051310352e+01 1.428571428571428603e+00
1.261046314283060887e+01 -4.187236172848134430e-01 -1.370027455443783904e+00 1.801494734690086830e+01 1.428571428571428603e+00
1.265455567130204528e+01 -3.881077607657975603e-01 -1.401747759217915057e+00 1.807793667328863307e+01 1.428571428571428603e+00
1.269864819977347992e+01 -3.555559011757566390e-01 -1.431477959001071110e+00 1.814092599967639785e+01 1.428571428571428603e+00
1.274274072824491633e+01 -3.211971503731746447e-01 -1.459100134606956978e+00 1.820391532606416618e+01 1.428571428571428603e+00
1.278683325671635096e+01 -2.851677869678564958e-01 -1.484504726997381674e+00 1.826690465245193096e+01 1.428571428571428603e+00
1.283092578518778737e+01 -2.476107157931315694e-01 -1.507590972831053922e+00 1.832989397883969573e+01 1.428571428571428603e+00
1.287501831365922378e+01 -2.086749010961956030e-01 -1.528267304125603854e+00 1.839288330522746051e+01 1.428571428571428603e+00
1.291911084213065841e+01 -1.685147756947278086e-01 -1.546451711447661026e+00 1.845587263161522529e+01 1.428571428571428603e+00
1.296320337060209482e+01 -1.272896284432795122e-01 -1.562072069190443946e+00 1.851886195800299006e+01 1.428571428571428603e+00
1.300729589907352945e+01 -8.516297243895262770e-02 -1.575066421648693371e+00 1.858185128439075484e+01 1.428571428571428603e+00
1.305138842754496586e+01 -4.230189647227822203e-02 -1.585383228756287011e+00 1.864484061077852317e+01 1.428571428571428603e+00
1.309548095601640227e+01 1.123597704321049884e-03 -1.592981570511844858e+00 1.870782993716628795e+01 1.428571428571428603e+00
1.313957348448783691e+01 4.494126966190051947e-02 -1.597831309281517065e+00 1.877081926355405272e+01 1.428571428571428603e+00
1.318366601295927332e+01 8.897732345969919243e-02 -1.599913209335191766e+00 1.883380858994181750e+01 1.428571428571428603e+00
1.322775854143070795e+01 1.330570969795515646e-01 -1.599219013142008761e+00 1.889679791632958228e+01 1.428571428571428603e+00
1.327185106990214436e+01 1.770057546958543893e-01 -1.595751474122564684e+00 1.895978724271734706e+01 1.428571428571428603e+00
1.331594359837357899e+01 2.206489811333267048e-01 -1.589524345727901133e+00 1.902277656910511183e+01 1.428571428571428603e+00
1.336003612684501540e+01 2.638136722620743058e-01 -1.580562326888591329e+00 1.908576589549288016e+01 1.428571428571428603e+00
1.340412865531645181e+01 3.063286220876332289e-01 -1.568900964050298441e+00 1.914875522188064494e+01 1.428571428571428603e+00
1.344822118378788645e+01 3.480252017127771214e-01 -1.554586510184357673e+00 1.921174454826840972e+01 1.428571428571428603e+00
1.349231371225932286e+01 3.887380281776471325e-01 -1.537675741332602541e+00 1.927473387465617449e+01 1.428571428571428603e+00
1.353640624073075749e+01 4.283056204253912203e-01 -1.518235731414077083e+00 1.933772320104393927e+01 1.428571428571428603e+00
1.358049876920219390e+01 4.665710397915135976e-01 -1.496343586186829500e+00 1.940071252743170405e+01 1.428571428571428603e+00
1.362459129767363031e+01 5.033825124765345382e-01 -1.472086137419985397e+00 1.946370185381946882e+01 1.428571428571428603e+00
1.366868382614506494e+01 5.385940315330243200e-01 -1.445559598489118747e+00 1.952669118020723715e+01 1.428571428571428603e+00
1.371277635461650135e+01 5.720659359793098808e-01 -1.416869182760955415e+00 1.958968050659500193e+01 1.428571428571428603e+00
1.375686888308793598e+01 6.036654647429214871e-01 -1.386128686281006051e+00 1.965266983298276671e+01 1.428571428571428603e+00
1.380096141155937239e+01 6.332672832366088578e-01 -1.353460036419358747e+00 1.971565915937053148e+01 1.428571428571428603e+00
1.384505394003080880e+01 6.607539804783753024e-01 -1.318992808264840999e+00 1.977864848575829626e+01 1.428571428571428603e+00
1.388914646850224344e+01 6.860165347837693384e-01 -1.282863710685699710e+00 1.984163781214606104e+01 1.428571428571428603e+00
1.393323899697367985e+01 7.089547461833409780e-01 -1.245216044095263097e+00 1.990462713853382581e+01 1.428571428571428603e+00
1.397733152544511448e+01 7.294776338501448576e-01 -1.206199132073268343e+00 1.996761646492159414e+01 1.428571428571428603e+00
1.402142405391655089e+01 7.475037969609529265e-01 -1.165967729097251659e+00 2.003060579130935892e+01 1.428571428571428603e+00
1.406551658238798730e+01 7.629617375598916063e-01 -1.124681406733110345e+00 2.009359511769712370e+01 1.428571428571428603e+00
1.410960911085942193e+01 7.757901441438939116e-01 -1.082503920719460444e+00 2.015658444408488847e+01 1.428571428571428603e+00
1.415370163933085834e+01 7.859381348451851546e-01 -1.039602561456115293e+00 2.021957377047265325e+01 1.428571428571428603e+00
1.419779416780229298e+01 7.933654592462520139e-01 -9.961474904728867541e-01 2.028256309686041803e+01 1.428571428571428603e+00
1.424188669627372938e+01 7.980426580268259462e-01 -9.523110655104983779e-01 2.034555242324818281e+01 1.428571428571428603e+00
1.428597922474516579e+01 7.999511798096683446e-01 -9.082671568905683612e-01 2.040854174963595113e+01 1.428571428571428603e+00
1.433007175321660043e+01 7.990834547417061673e-01 -8.641904578861903108e-01 2.047153107602371591e+01 1.428571428571428603e+00
1.437416428168803684e+01 7.954429245186704911e-01 -8.202557918283804872e-01 2.053452040241148069e+01 1.428571428571428603e+00
1.441825681015947147e+01 7.890440287341480285e-01 -7.766374186966951143e-01 2.059750972879924547e+01 1.428571428571428603e+00
1.446234933863090788e+01 7.799121476071921855e-01 -7.335083439442817710e-01 2.066049905518701024e+01 1.428571428571428603e+00
1.450644186710234429e+01 7.680835013156553925e-01 -6.910396322988148210e-01 2.072348838157477502e+01 1.428571428571428603e+00
1.455053439557377892e+01 7.536050063345196559e-01 -6.493997292610154126e-01 2.078647770796253980e+01 1.428571428571428603e+00
1.459462692404521533e+01 7.365340893490375240e-01 -6.087537929919232260e-01 2.084946703435030813e+01 1.428571428571428603e+00
1.463871945251664997e+01 7.169384594807727273e-01 -5.692630392388979832e-01 2.091245636073807290e+01 1.428571428571428603e+00
1.468281198098808638e+01 6.948958397299576095e-01 -5.310841018985648088e-01 2.097544568712583768e+01 1.428571428571428603e+00
1.472690450945952279e+01 6.704936586993743841e-01 -4.943684117529778543e-01 2.103843501351360246e+01 1.428571428571428603e+00
1.477099703793095742e+01 6.438287038224798087e-01 -4.592615958431108258e-01 2.110142433990136723e+01 1.428571428571428603e+00
1.481508956640239383e+01 6.150067374711927215e-01 -4.259028998619819872e-01 2.116441366628913201e+01 1.428571428571428603e+00
1.485918209487382846e+01 5.841420774659907833e-01 -3.944246358583970435e-01 2.122740299267689679e+01 1.428571428571428603e+00
1.490327462334526487e+01 5.513571436521588209e-01 -3.649516574419052750e-01 2.129039231906466512e+01 1.428571428571428603e+00
1.494736715181670128e+01 5.167819723406320565e-01 -3.376008645704969835e-01 2.135338164545242989e+01 1.428571428571428603e+00
1.499145968028813591e+01 4.805537005393005767e-01 -3.124807398851980889e-01 2.141637097184019467e+01 1.428571428571428603e+00
1.503555220875957232e+01 4.428160220205299424e-01 -2.896909184306534213e-01 2.147936029822795945e+01 1.428571428571428603e+00
1.507964473723100696e+01 4.037186173822912005e-01 -2.693217924683068976e-01 2.154234962461572422e+01 1.428571428571428603e+00
1.512373726570244337e+01 3.634165603634856856e-01 -2.514541529496391314e-01 2.160533895100348900e+01 1.428571428571428603e+00
1.516782979417387978e+01 3.220697027682203895e-01 -2.361588690714967465e-01 2.166832827739125378e+01 1.428571428571428603e+00
1.521192232264531441e+01 2.798420404386325888e-01 -2.234966071845100322e-01 2.173131760377902211e+01 1.428571428571428603e+00
1.525601485111675082e+01 2.369010627910477507e-01 -2.135175901695065548e-01 2.179430693016678688e+01 1.428571428571428603e+00
1.530010737958818545e+01 1.934170884953984315e-01 -2.062613982363077358e-01 2.185729625655455166e+01 1.428571428571428603e+00
1.534419990805962186e+01 1.495625899328750230e-01 -2.017568119350210409e-01 2.192028558294231644e+01 1.428571428571428603e+00
1.538829243653105827e+01 1.055115091112056452e-01 -2.000216980024902558e-01 2.198327490933008121e+01 1.428571428571428603e+00
1.543238496500249290e+01 6.143856775089510253e-02 -2.010629384966786670e-01 2.204626423571784599e+01 1.428571428571428603e+00
1.547647749347392931e+01 1.751857427885471219e-02 -2.048764035000630868e-01 2.210925356210561077e+01 1.428571428571428603e+00
1.552057002194536395e+01 -2.607426952187757996e-02 -2.114469675003057825e-01 2.217224288849337910e+01 1.428571428571428603e+00
1.556466255041680036e+01 -6.916705945624665453e-02 -2.207485693832316187e-01 2.223523221488114388e+01 1.428571428571428603e+00
1.560875507888823677e+01 -1.115888747146348836e-01 -2.327443158001615275e-01 2.229822154126890865e+01 1.428571428571428603e+00
1.565284760735967140e+01 -1.531714558035036367e-01 -2.473866274996086023e-01 2.236121086765667343e+01 1.428571428571428603e+00
1.569694013583110781e+01 -1.937498719203536723e-01 -2.646174280429344217e-01 2.242420019404443821e+01 1.428571428571428603e+00
1.574103266430254244e+01 -2.331631751259506669e-01 -2.843683741554573485e-01 2.248718952043220298e+01 1.428571428571428603e+00
1.578512519277397885e+01 -2.712550387191465795e-01 -3.065611267993604283e-01 2.255017884681996776e+01 1.428571428571428603e+00
1.582921772124541526e+01 -3.078743772822831737e-01 -3.311076618932281557e-01 2.261316817320773254e+01 1.428571428571428603e+00
1.587331024971684990e+01 -3.428759459378667440e-01 -3.579106194457968293e-01 2.267615749959550087e+01 1.428571428571428603e+00
1.591740277818828631e+01 -3.761209164396436266e-01 -3.868636897191217727e-01 2.273914682598326564e+01 1.428571428571428603e+00
1.596149530665972094e+01 -4.074774278131325644e-01 -4.178520348895302106e-01 2.280213615237103042e+01 1.428571428571428603e+00
1.600558783513115557e+01 -4.368211093615418372e-01 -4.507527445338775918e-01 2.286512547875879520e+01 1.428571428571428603e+00
1.604968036360259376e+01 -4.640355739626842446e-01 -4.854353231345133191e-01 2.292811480514655997e+01 1.428571428571428603e+00
1.609377289207402839e+01 -4.890128797002879502e-01 -5.217622076693364530e-01 2.299110413153432475e+01 1.428571428571428603e+00
1.613786542054546302e+01 -5.116539579987211539e-01 -5.595893132340017395e-01 2.305409345792208953e+01 1.428571428571428603e+00
1.618195794901690121e+01 -5.318690065629994024e-01 -5.987666045321531350e-01 2.311708278430985786e+01 1.428571428571428603e+00
1.622605047748833584e+01 -5.495778455655345729e-01 -6.391386909669460881e-01 2.318007211069762263e+01 1.428571428571428603e+00
1.627014300595977048e+01 -5.647102356668850520e-01 -6.805454429735531274e-01 2.324306143708538741e+01 1.428571428571428603e+00
1.631423553443120866e+01 -5.772061566091016838e-01 -7.228226271480222564e-01 2.330605076347315219e+01 1.428571428571428603e+00
1.635832806290264330e+01 -5.870160452766923775e-01 -7.658025576533823431e-01 2.336904008986091696e+01 1.428571428571428603e+00
1.640242059137407793e+01 -5.941009922809656896e-01 -8.093147613192821499e-01 2.343202941624868174e+01 1.428571428571428603e+00
1.644651311984551256e+01 -5.984328962880344216e-01 -8.531866537971506403e-01 2.349501874263644652e+01 1.428571428571428603e+00
1.649060564831695075e+01 -5.999945754783592156e-01 -8.972442240890180498e-01 2.355800806902421485e+01 1.428571428571428603e+00
1.653469817678838538e+01 -5.987798356957488854e-01 -9.413127247349062365e-01 2.362099739541197962e+01 1.428571428571428603e+00
1.657879070525982002e+01 -5.947934950155111533e-01 -9.852173649213056272e-01 2.368398672179974440e+01 1.428571428571428603e+00
1.662288323373125820e+01 -5.880513646343106249e-01 -1.028784003761581189e+00 2.374697604818750918e+01 1.428571428571428603e+00
1.666697576220269283e+01 -5.785801861575314842e-01 -1.071839840998558557e+00 2.380996537457527396e+01 1.428571428571428603e+00
1.671106829067412747e+01 -5.664175255328826042e-01 -1.114214102389711192e+00 2.387295470096303873e+01 1.428571428571428603e+00
1.675516081914556565e+01 -5.516116240509435498e-01 -1.155738717056475018e+00 2.393594402735080351e+01 1.428571428571428603e+00
1.679925334761700029e+01 -5.342212070036308491e-01 -1.196248984111098146e+00 2.399893335373857184e+01 1.428571428571428603e+00
1.684334587608843492e+01 -5.143152507595197820e-01 -1.235584225916934731e+00 2.406192268012633662e+01 1.428571428571428603e+00
1.688743840455986955e+01 -4.919727091798629104e-01 -1.273588425391169343e+00 2.412491200651410139e+01 1.428571428571428603e+00
1.693153093303130774e+01 -4.672822004604556545e-01 -1.310110844822157006e+00 2.418790133290186617e+01 1.428571428571428603e+00
1.697562346150274237e+01 -4.403416556414250227e-01 -1.345006623746976882e+00 2.425089065928963095e+01 1.428571428571428603e+00
1.701971598997417701e+01 -4.112579301790804109e-01 -1.378137353517796537e+00 2.431387998567739572e+01 1.428571428571428603e+00
1.706380851844561519e+01 -3.801463801204627568e-01 -1.409371626278119294e+00 2.437686931206516050e+01 1.428571428571428603e+00
1.710790104691704983e+01 -3.471304045616289136e-01 -1.438585556171490643e+00 2.443985863845292883e+01 1.428571428571428603e+00
1.715199357538848446e+01 -3.123409562044503485e-01 -1.465663270715360733e+00 2.450284796484069361e+01 1.428571428571428603e+00
1.719608610385992264e+01 -2.759160219531961999e-01 -1.490497370391167919e+00 2.456583729122845838e+01 1.428571428571428603e+00
1.724017863233135728e+01 -2.380000756110727533e-01 -1.512989354627720218e+00 2.462882661761622316e+01 1.428571428571428603e+00
1.728427116080279191e+01 -1.987435048474831822e-01 -1.533050012488303970e+00 2.469181594400398794e+01 1.428571428571428603e+00
1.732836368927422654e+01 -1.583020147088643748e-01 -1.550599776511905503e+00 2.475480527039175271e+01 1.428571428571428603e+00
1.737245621774566473e+01 -1.168360100389793932e-01 -1.565569038305099969e+00 2.481779459677951749e+01 1.428571428571428603e+00
1.741654874621709936e+01 -7.450995925819697829e-02 -1.577898424632851793e+00 2.488078392316728582e+01 1.428571428571428603e+00
1.746064127468853400e+01 -3.149174202524196442e-02 -1.587539032913162895e+00 2.494377324955505060e+01 1.428571428571428603e+00
1.750473380315997218e+01 1.204801663122154198e-02 -1.594452625181515204e+00 2.500676257594281537e+01 1.428571428571428603e+00
1.754882633163140682e+01 5.593662307006315448e-02 -1.598611779755774176e+00 2.506975190233058015e+01 1.428571428571428603e+00
1.759291886010284145e+01 9.999999999999932554e-02 -1.600000000000000089e+00 2.513274122871834493e+01 1.428571428571428603e+00
