2.000000000000000000e+00 3.000000000000000000e+00 0.000000000000000000e+00 3.429133858267716800e-02
3.000000000000000000e+00 4.000000000000000000e+00 3.429133858267716800e-02 6.858267716535433600e-02
4.000000000000000000e+00 5.000000000000000000e+00 6.858267716535433600e-02 1.028740157480315109e-01
5.000000000000000000e+00 6.000000000000000000e+00 1.028740157480315109e-01 1.371653543307086720e-01
6.000000000000000000e+00 7.000000000000000000e+00 1.371653543307086720e-01 1.714566929133858331e-01
7.000000000000000000e+00 8.000000000000000000e+00 1.714566929133858331e-01 2.057480314960630219e-01
8.000000000000000000e+00 9.000000000000000000e+00 2.057480314960630219e-01 2.400393700787401829e-01
9.000000000000000000e+00 1.000000000000000000e+01 2.400393700787401829e-01 2.743307086614173440e-01
1.000000000000000000e+01 1.100000000000000000e+01 2.743307086614173440e-01 3.086220472440945328e-01
1.100000000000000000e+01 1.200000000000000000e+01 3.086220472440945328e-01 3.429133858267716661e-01
1.200000000000000000e+01 1.300000000000000000e+01 3.429133858267716661e-01 3.772047244094488549e-01
1.300000000000000000e+01 1.400000000000000000e+01 3.772047244094488549e-01 4.114960629921260438e-01
1.400000000000000000e+01 1.500000000000000000e+01 4.114960629921260438e-01 4.457874015748031771e-01
1.500000000000000000e+01 1.600000000000000000e+01 4.457874015748031771e-01 4.800787401574803659e-01
1.600000000000000000e+01 1.700000000000000000e+01 4.800787401574803659e-01 5.143700787401574992e-01
1.700000000000000000e+01 1.800000000000000000e+01 5.143700787401574992e-01 5.486614173228346880e-01
1.800000000000000000e+01 1.900000000000000000e+01 5.486614173228346880e-01 5.829527559055118768e-01
1.900000000000000000e+01 2.000000000000000000e+01 5.829527559055118768e-01 6.172440944881890657e-01
2.000000000000000000e+01 2.100000000000000000e+01 6.172440944881890657e-01 6.515354330708661434e-01
2.100000000000000000e+01 2.200000000000000000e+01 6.515354330708661434e-01 6.858267716535433323e-01
2.200000000000000000e+01 2.300000000000000000e+01 6.858267716535433323e-01 7.201181102362205211e-01
2.300000000000000000e+01 2.400000000000000000e+01 7.201181102362205211e-01 7.544094488188977099e-01
2.400000000000000000e+01 2.500000000000000000e+01 7.544094488188977099e-01 7.887007874015748987e-01
2.500000000000000000e+01 2.600000000000000000e+01 7.887007874015748987e-01 8.229921259842520875e-01
2.600000000000000000e+01 2.700000000000000000e+01 8.229921259842520875e-01 8.572834645669291653e-01
2.700000000000000000e+01 2.800000000000000000e+01 8.572834645669291653e-01 8.915748031496063541e-01
2.800000000000000000e+01 2.900000000000000000e+01 8.915748031496063541e-01 9.258661417322835430e-01
2.900000000000000000e+01 3.000000000000000000e+01 9.258661417322835430e-01 9.601574803149607318e-01
3.000000000000000000e+01 3.100000000000000000e+01 9.601574803149607318e-01 9.944488188976379206e-01
3.100000000000000000e+01 3.200000000000000000e+01 9.944488188976379206e-01 1.028740157480314998e+00
3.200000000000000000e+01 3.300000000000000000e+01 1.028740157480314998e+00 1.063031496062992298e+00
3.300000000000000000e+01 3.400000000000000000e+01 1.063031496062992298e+00 1.097322834645669376e+00
3.400000000000000000e+01 3.500000000000000000e+01 1.097322834645669376e+00 1.131614173228346454e+00
3.500000000000000000e+01 3.600000000000000000e+01 1.131614173228346454e+00 1.165905511811023754e+00
3.600000000000000000e+01 3.700000000000000000e+01 1.165905511811023754e+00 1.200196850393700831e+00
3.700000000000000000e+01 3.800000000000000000e+01 1.200196850393700831e+00 1.234488188976378131e+00
3.800000000000000000e+01 3.900000000000000000e+01 1.234488188976378131e+00 1.268779527559055209e+00
3.900000000000000000e+01 4.000000000000000000e+01 1.268779527559055209e+00 1.303070866141732287e+00
4.000000000000000000e+01 4.100000000000000000e+01 1.303070866141732287e+00 1.337362204724409587e+00
4.100000000000000000e+01 4.200000000000000000e+01 1.337362204724409587e+00 1.371653543307086665e+00
4.200000000000000000e+01 4.300000000000000000e+01 1.371653543307086665e+00 1.405944881889763964e+00
4.300000000000000000e+01 4.400000000000000000e+01 1.405944881889763964e+00 1.440236220472441042e+00
4.400000000000000000e+01 4.500000000000000000e+01 1.440236220472441042e+00 1.474527559055118120e+00
4.500000000000000000e+01 4.600000000000000000e+01 1.474527559055118120e+00 1.508818897637795420e+00
4.600000000000000000e+01 4.700000000000000000e+01 1.508818897637795420e+00 1.543110236220472498e+00
4.700000000000000000e+01 4.800000000000000000e+01 1.543110236220472498e+00 1.577401574803149797e+00
4.800000000000000000e+01 4.900000000000000000e+01 1.577401574803149797e+00 1.611692913385826875e+00
4.900000000000000000e+01 5.000000000000000000e+01 1.611692913385826875e+00 1.645984251968504175e+00
5.000000000000000000e+01 5.100000000000000000e+01 1.645984251968504175e+00 1.680275590551181253e+00
5.100000000000000000e+01 5.200000000000000000e+01 1.680275590551181253e+00 1.714566929133858331e+00
5.200000000000000000e+01 5.300000000000000000e+01 1.714566929133858331e+00 1.748858267716535630e+00
5.300000000000000000e+01 5.400000000000000000e+01 1.748858267716535630e+00 1.783149606299212708e+00
5.400000000000000000e+01 5.500000000000000000e+01 1.783149606299212708e+00 1.817440944881890008e+00
5.500000000000000000e+01 5.600000000000000000e+01 1.817440944881890008e+00 1.851732283464567086e+00
5.600000000000000000e+01 5.700000000000000000e+01 1.851732283464567086e+00 1.886023622047244164e+00
5.700000000000000000e+01 5.800000000000000000e+01 1.886023622047244164e+00 1.920314960629921464e+00
5.800000000000000000e+01 5.900000000000000000e+01 1.920314960629921464e+00 1.954606299212598541e+00
5.900000000000000000e+01 6.000000000000000000e+01 1.954606299212598541e+00 1.988897637795275841e+00
6.000000000000000000e+01 6.100000000000000000e+01 1.988897637795275841e+00 2.023188976377952919e+00
6.100000000000000000e+01 6.200000000000000000e+01 2.023188976377952919e+00 2.057480314960629997e+00
6.200000000000000000e+01 6.300000000000000000e+01 2.057480314960629997e+00 2.091771653543307075e+00
6.300000000000000000e+01 6.400000000000000000e+01 2.091771653543307075e+00 2.126062992125984596e+00
6.400000000000000000e+01 6.500000000000000000e+01 2.126062992125984596e+00 2.160354330708661674e+00
6.500000000000000000e+01 6.600000000000000000e+01 2.160354330708661674e+00 2.194645669291338752e+00
6.600000000000000000e+01 6.700000000000000000e+01 2.194645669291338752e+00 2.228937007874015830e+00
6.700000000000000000e+01 6.800000000000000000e+01 2.228937007874015830e+00 2.263228346456692908e+00
6.800000000000000000e+01 6.900000000000000000e+01 2.263228346456692908e+00 2.297519685039370430e+00
6.900000000000000000e+01 7.000000000000000000e+01 2.297519685039370430e+00 2.331811023622047507e+00
7.000000000000000000e+01 7.100000000000000000e+01 2.331811023622047507e+00 2.366102362204724585e+00
7.100000000000000000e+01 7.200000000000000000e+01 2.366102362204724585e+00 2.400393700787401663e+00
7.200000000000000000e+01 7.300000000000000000e+01 2.400393700787401663e+00 2.434685039370078741e+00
7.300000000000000000e+01 7.400000000000000000e+01 2.434685039370078741e+00 2.468976377952756263e+00
7.400000000000000000e+01 7.500000000000000000e+01 2.468976377952756263e+00 2.503267716535433340e+00
7.500000000000000000e+01 7.600000000000000000e+01 2.503267716535433340e+00 2.537559055118110418e+00
7.600000000000000000e+01 7.700000000000000000e+01 2.537559055118110418e+00 2.571850393700787496e+00
7.700000000000000000e+01 7.800000000000000000e+01 2.571850393700787496e+00 2.606141732283464574e+00
7.800000000000000000e+01 7.900000000000000000e+01 2.606141732283464574e+00 2.640433070866142096e+00
7.900000000000000000e+01 8.000000000000000000e+01 2.640433070866142096e+00 2.674724409448819173e+00
8.000000000000000000e+01 8.100000000000000000e+01 2.674724409448819173e+00 2.709015748031496251e+00
8.100000000000000000e+01 8.200000000000000000e+01 2.709015748031496251e+00 2.743307086614173329e+00
8.200000000000000000e+01 8.300000000000000000e+01 2.743307086614173329e+00 2.777598425196850407e+00
8.300000000000000000e+01 8.400000000000000000e+01 2.777598425196850407e+00 2.811889763779527929e+00
8.400000000000000000e+01 8.500000000000000000e+01 2.811889763779527929e+00 2.846181102362205007e+00
8.500000000000000000e+01 8.600000000000000000e+01 2.846181102362205007e+00 2.880472440944882084e+00
8.600000000000000000e+01 8.700000000000000000e+01 2.880472440944882084e+00 2.914763779527559162e+00
8.700000000000000000e+01 8.800000000000000000e+01 2.914763779527559162e+00 2.949055118110236240e+00
8.800000000000000000e+01 8.900000000000000000e+01 2.949055118110236240e+00 2.983346456692913762e+00
8.900000000000000000e+01 9.000000000000000000e+01 2.983346456692913762e+00 3.017637795275590840e+00
9.000000000000000000e+01 9.100000000000000000e+01 3.017637795275590840e+00 3.051929133858267917e+00
9.100000000000000000e+01 9.200000000000000000e+01 3.051929133858267917e+00 3.086220472440944995e+00
9.200000000000000000e+01 9.300000000000000000e+01 3.086220472440944995e+00 3.120511811023622073e+00
9.300000000000000000e+01 9.400000000000000000e+01 3.120511811023622073e+00 3.154803149606299595e+00
9.400000000000000000e+01 9.500000000000000000e+01 3.154803149606299595e+00 3.189094488188976673e+00
9.500000000000000000e+01 9.600000000000000000e+01 3.189094488188976673e+00 3.223385826771653750e+00
9.600000000000000000e+01 9.700000000000000000e+01 3.223385826771653750e+00 3.257677165354330828e+00
9.700000000000000000e+01 9.800000000000000000e+01 3.257677165354330828e+00 3.291968503937008350e+00
9.800000000000000000e+01 9.900000000000000000e+01 3.291968503937008350e+00 3.326259842519685428e+00
9.900000000000000000e+01 1.000000000000000000e+02 3.326259842519685428e+00 3.360551181102362506e+00
1.000000000000000000e+02 1.010000000000000000e+02 3.360551181102362506e+00 3.394842519685039584e+00
1.010000000000000000e+02 1.020000000000000000e+02 3.394842519685039584e+00 3.429133858267716661e+00
1.020000000000000000e+02 1.030000000000000000e+02 3.429133858267716661e+00 3.463425196850394183e+00
1.030000000000000000e+02 1.040000000000000000e+02 3.463425196850394183e+00 3.497716535433071261e+00
1.040000000000000000e+02 1.050000000000000000e+02 3.497716535433071261e+00 3.532007874015748339e+00
1.050000000000000000e+02 1.060000000000000000e+02 3.532007874015748339e+00 3.566299212598425417e+00
1.060000000000000000e+02 1.070000000000000000e+02 3.566299212598425417e+00 3.600590551181102494e+00
1.070000000000000000e+02 1.080000000000000000e+02 3.600590551181102494e+00 3.634881889763780016e+00
1.080000000000000000e+02 1.090000000000000000e+02 3.634881889763780016e+00 3.669173228346457094e+00
1.090000000000000000e+02 1.100000000000000000e+02 3.669173228346457094e+00 3.703464566929134172e+00
1.100000000000000000e+02 1.110000000000000000e+02 3.703464566929134172e+00 3.737755905511811250e+00
1.110000000000000000e+02 1.120000000000000000e+02 3.737755905511811250e+00 3.772047244094488327e+00
1.120000000000000000e+02 1.130000000000000000e+02 3.772047244094488327e+00 3.806338582677165849e+00
1.130000000000000000e+02 1.140000000000000000e+02 3.806338582677165849e+00 3.840629921259842927e+00
1.140000000000000000e+02 1.150000000000000000e+02 3.840629921259842927e+00 3.874921259842520005e+00
1.150000000000000000e+02 1.160000000000000000e+02 3.874921259842520005e+00 3.909212598425197083e+00
1.160000000000000000e+02 1.170000000000000000e+02 3.909212598425197083e+00 3.943503937007874161e+00
1.170000000000000000e+02 1.180000000000000000e+02 3.943503937007874161e+00 3.977795275590551682e+00
1.180000000000000000e+02 1.190000000000000000e+02 3.977795275590551682e+00 4.012086614173228760e+00
1.190000000000000000e+02 1.200000000000000000e+02 4.012086614173228760e+00 4.046377952755905838e+00
1.200000000000000000e+02 1.210000000000000000e+02 4.046377952755905838e+00 4.080669291338582916e+00
1.210000000000000000e+02 1.220000000000000000e+02 4.080669291338582916e+00 4.114960629921259994e+00
1.220000000000000000e+02 1.230000000000000000e+02 4.114960629921259994e+00 4.149251968503937071e+00
1.230000000000000000e+02 1.240000000000000000e+02 4.149251968503937071e+00 4.183543307086614149e+00
1.240000000000000000e+02 1.250000000000000000e+02 4.183543307086614149e+00 4.217834645669291227e+00
1.250000000000000000e+02 1.260000000000000000e+02 4.217834645669291227e+00 4.252125984251969193e+00
1.260000000000000000e+02 1.270000000000000000e+02 4.252125984251969193e+00 4.286417322834646271e+00
1.270000000000000000e+02 1.280000000000000000e+02 4.286417322834646271e+00 4.320708661417323349e+00
1.280000000000000000e+02 1.290000000000000000e+02 4.320708661417323349e+00 4.355000000000000426e+00
1.290000000000000000e+02 1.300000000000000000e+02 4.355000000000000426e+00 4.389291338582677504e+00
1.300000000000000000e+02 1.310000000000000000e+02 4.389291338582677504e+00 4.423582677165354582e+00
1.310000000000000000e+02 1.320000000000000000e+02 4.423582677165354582e+00 4.457874015748031660e+00
1.320000000000000000e+02 1.330000000000000000e+02 4.457874015748031660e+00 4.492165354330708738e+00
1.330000000000000000e+02 1.340000000000000000e+02 4.492165354330708738e+00 4.526456692913385815e+00
1.340000000000000000e+02 1.350000000000000000e+02 4.526456692913385815e+00 4.560748031496063781e+00
1.350000000000000000e+02 1.360000000000000000e+02 4.560748031496063781e+00 4.595039370078740859e+00
1.360000000000000000e+02 1.370000000000000000e+02 4.595039370078740859e+00 4.629330708661417937e+00
1.370000000000000000e+02 1.380000000000000000e+02 4.629330708661417937e+00 4.663622047244095015e+00
1.380000000000000000e+02 1.390000000000000000e+02 4.663622047244095015e+00 4.697913385826772092e+00
1.390000000000000000e+02 1.400000000000000000e+02 4.697913385826772092e+00 4.732204724409449170e+00
1.400000000000000000e+02 1.410000000000000000e+02 4.732204724409449170e+00 4.766496062992126248e+00
1.410000000000000000e+02 1.420000000000000000e+02 4.766496062992126248e+00 4.800787401574803326e+00
1.420000000000000000e+02 1.430000000000000000e+02 4.800787401574803326e+00 4.835078740157480404e+00
1.430000000000000000e+02 1.440000000000000000e+02 4.835078740157480404e+00 4.869370078740157481e+00
1.440000000000000000e+02 1.450000000000000000e+02 4.869370078740157481e+00 4.903661417322835447e+00
1.450000000000000000e+02 1.460000000000000000e+02 4.903661417322835447e+00 4.937952755905512525e+00
1.460000000000000000e+02 1.470000000000000000e+02 4.937952755905512525e+00 4.972244094488189603e+00
1.470000000000000000e+02 1.480000000000000000e+02 4.972244094488189603e+00 5.006535433070866681e+00
1.480000000000000000e+02 1.490000000000000000e+02 5.006535433070866681e+00 5.040826771653543759e+00
1.490000000000000000e+02 1.500000000000000000e+02 5.040826771653543759e+00 5.075118110236220836e+00
1.500000000000000000e+02 1.510000000000000000e+02 5.075118110236220836e+00 5.109409448818897914e+00
1.510000000000000000e+02 1.520000000000000000e+02 5.109409448818897914e+00 5.143700787401574992e+00
1.520000000000000000e+02 1.530000000000000000e+02 5.143700787401574992e+00 5.177992125984252070e+00
1.530000000000000000e+02 1.540000000000000000e+02 5.177992125984252070e+00 5.212283464566929148e+00
1.540000000000000000e+02 1.550000000000000000e+02 5.212283464566929148e+00 5.246574803149607114e+00
1.550000000000000000e+02 1.560000000000000000e+02 5.246574803149607114e+00 5.280866141732284191e+00
1.560000000000000000e+02 1.570000000000000000e+02 5.280866141732284191e+00 5.315157480314961269e+00
1.570000000000000000e+02 1.580000000000000000e+02 5.315157480314961269e+00 5.349448818897638347e+00
1.580000000000000000e+02 1.590000000000000000e+02 5.349448818897638347e+00 5.383740157480315425e+00
1.590000000000000000e+02 1.600000000000000000e+02 5.383740157480315425e+00 5.418031496062992503e+00
1.600000000000000000e+02 1.610000000000000000e+02 5.418031496062992503e+00 5.452322834645669580e+00
1.610000000000000000e+02 1.620000000000000000e+02 5.452322834645669580e+00 5.486614173228346658e+00
1.620000000000000000e+02 1.630000000000000000e+02 5.486614173228346658e+00 5.520905511811023736e+00
1.630000000000000000e+02 1.640000000000000000e+02 5.520905511811023736e+00 5.555196850393700814e+00
1.640000000000000000e+02 1.650000000000000000e+02 5.555196850393700814e+00 5.589488188976378780e+00
1.650000000000000000e+02 1.660000000000000000e+02 5.589488188976378780e+00 5.623779527559055857e+00
1.660000000000000000e+02 1.670000000000000000e+02 5.623779527559055857e+00 5.658070866141732935e+00
1.670000000000000000e+02 1.680000000000000000e+02 5.658070866141732935e+00 5.692362204724410013e+00
1.680000000000000000e+02 1.690000000000000000e+02 5.692362204724410013e+00 5.726653543307087091e+00
1.690000000000000000e+02 1.700000000000000000e+02 5.726653543307087091e+00 5.760944881889764169e+00
1.700000000000000000e+02 1.710000000000000000e+02 5.760944881889764169e+00 5.795236220472441246e+00
1.710000000000000000e+02 1.720000000000000000e+02 5.795236220472441246e+00 5.829527559055118324e+00
1.720000000000000000e+02 1.730000000000000000e+02 5.829527559055118324e+00 5.863818897637795402e+00
1.730000000000000000e+02 1.740000000000000000e+02 5.863818897637795402e+00 5.898110236220472480e+00
1.740000000000000000e+02 1.750000000000000000e+02 5.898110236220472480e+00 5.932401574803150446e+00
1.750000000000000000e+02 1.760000000000000000e+02 5.932401574803150446e+00 5.966692913385827524e+00
1.760000000000000000e+02 1.770000000000000000e+02 5.966692913385827524e+00 6.000984251968504601e+00
1.770000000000000000e+02 1.780000000000000000e+02 6.000984251968504601e+00 6.035275590551181679e+00
1.780000000000000000e+02 1.790000000000000000e+02 6.035275590551181679e+00 6.069566929133858757e+00
1.790000000000000000e+02 1.800000000000000000e+02 6.069566929133858757e+00 6.103858267716535835e+00
1.800000000000000000e+02 1.810000000000000000e+02 6.103858267716535835e+00 6.138149606299212913e+00
1.810000000000000000e+02 1.820000000000000000e+02 6.138149606299212913e+00 6.172440944881889990e+00
1.820000000000000000e+02 1.830000000000000000e+02 6.172440944881889990e+00 6.206732283464567068e+00
1.830000000000000000e+02 1.840000000000000000e+02 6.206732283464567068e+00 6.241023622047244146e+00
1.840000000000000000e+02 1.850000000000000000e+02 6.241023622047244146e+00 6.275314960629922112e+00
1.850000000000000000e+02 1.860000000000000000e+02 6.275314960629922112e+00 6.309606299212599190e+00
1.860000000000000000e+02 1.870000000000000000e+02 6.309606299212599190e+00 6.343897637795276268e+00
1.870000000000000000e+02 1.880000000000000000e+02 6.343897637795276268e+00 6.378188976377953345e+00
1.880000000000000000e+02 1.890000000000000000e+02 6.378188976377953345e+00 6.412480314960630423e+00
1.890000000000000000e+02 1.900000000000000000e+02 6.412480314960630423e+00 6.446771653543307501e+00
1.900000000000000000e+02 1.910000000000000000e+02 6.446771653543307501e+00 6.481062992125984579e+00
1.910000000000000000e+02 1.920000000000000000e+02 6.481062992125984579e+00 6.515354330708661657e+00
1.920000000000000000e+02 1.930000000000000000e+02 6.515354330708661657e+00 6.549645669291338734e+00
1.930000000000000000e+02 1.940000000000000000e+02 6.549645669291338734e+00 6.583937007874016700e+00
1.940000000000000000e+02 1.950000000000000000e+02 6.583937007874016700e+00 6.618228346456693778e+00
1.950000000000000000e+02 1.960000000000000000e+02 6.618228346456693778e+00 6.652519685039370856e+00
1.960000000000000000e+02 1.970000000000000000e+02 6.652519685039370856e+00 6.686811023622047934e+00
1.970000000000000000e+02 1.980000000000000000e+02 6.686811023622047934e+00 6.721102362204725011e+00
1.980000000000000000e+02 1.990000000000000000e+02 6.721102362204725011e+00 6.755393700787402089e+00
1.990000000000000000e+02 2.000000000000000000e+02 6.755393700787402089e+00 6.789685039370079167e+00
2.000000000000000000e+02 2.010000000000000000e+02 6.789685039370079167e+00 6.823976377952756245e+00
2.010000000000000000e+02 2.020000000000000000e+02 6.823976377952756245e+00 6.858267716535433323e+00
2.020000000000000000e+02 2.030000000000000000e+02 6.858267716535433323e+00 6.892559055118110400e+00
2.030000000000000000e+02 2.040000000000000000e+02 6.892559055118110400e+00 6.926850393700788366e+00
2.040000000000000000e+02 2.050000000000000000e+02 6.926850393700788366e+00 6.961141732283465444e+00
2.050000000000000000e+02 2.060000000000000000e+02 6.961141732283465444e+00 6.995433070866142522e+00
2.060000000000000000e+02 2.070000000000000000e+02 6.995433070866142522e+00 7.029724409448819600e+00
2.070000000000000000e+02 2.080000000000000000e+02 7.029724409448819600e+00 7.064015748031496678e+00
2.080000000000000000e+02 2.090000000000000000e+02 7.064015748031496678e+00 7.098307086614173755e+00
2.090000000000000000e+02 2.100000000000000000e+02 7.098307086614173755e+00 7.132598425196850833e+00
2.100000000000000000e+02 2.110000000000000000e+02 7.132598425196850833e+00 7.166889763779527911e+00
2.110000000000000000e+02 2.120000000000000000e+02 7.166889763779527911e+00 7.201181102362204989e+00
2.120000000000000000e+02 2.130000000000000000e+02 7.201181102362204989e+00 7.235472440944882067e+00
2.130000000000000000e+02 2.140000000000000000e+02 7.235472440944882067e+00 7.269763779527560033e+00
2.140000000000000000e+02 2.150000000000000000e+02 7.269763779527560033e+00 7.304055118110237110e+00
2.150000000000000000e+02 2.160000000000000000e+02 7.304055118110237110e+00 7.338346456692914188e+00
2.160000000000000000e+02 2.170000000000000000e+02 7.338346456692914188e+00 7.372637795275591266e+00
2.170000000000000000e+02 2.180000000000000000e+02 7.372637795275591266e+00 7.406929133858268344e+00
2.180000000000000000e+02 2.190000000000000000e+02 7.406929133858268344e+00 7.441220472440945422e+00
2.190000000000000000e+02 2.200000000000000000e+02 7.441220472440945422e+00 7.475511811023622499e+00
2.200000000000000000e+02 2.210000000000000000e+02 7.475511811023622499e+00 7.509803149606299577e+00
2.210000000000000000e+02 2.220000000000000000e+02 7.509803149606299577e+00 7.544094488188976655e+00
2.220000000000000000e+02 2.230000000000000000e+02 7.544094488188976655e+00 7.578385826771653733e+00
2.230000000000000000e+02 2.240000000000000000e+02 7.578385826771653733e+00 7.612677165354331699e+00
2.240000000000000000e+02 2.250000000000000000e+02 7.612677165354331699e+00 7.646968503937008776e+00
2.250000000000000000e+02 2.260000000000000000e+02 7.646968503937008776e+00 7.681259842519685854e+00
2.260000000000000000e+02 2.270000000000000000e+02 7.681259842519685854e+00 7.715551181102362932e+00
2.270000000000000000e+02 2.280000000000000000e+02 7.715551181102362932e+00 7.749842519685040010e+00
2.280000000000000000e+02 2.290000000000000000e+02 7.749842519685040010e+00 7.784133858267717088e+00
2.290000000000000000e+02 2.300000000000000000e+02 7.784133858267717088e+00 7.818425196850394165e+00
2.300000000000000000e+02 2.310000000000000000e+02 7.818425196850394165e+00 7.852716535433071243e+00
2.310000000000000000e+02 2.320000000000000000e+02 7.852716535433071243e+00 7.887007874015748321e+00
2.320000000000000000e+02 2.330000000000000000e+02 7.887007874015748321e+00 7.921299212598425399e+00
2.330000000000000000e+02 2.340000000000000000e+02 7.921299212598425399e+00 7.955590551181103365e+00
2.340000000000000000e+02 2.350000000000000000e+02 7.955590551181103365e+00 7.989881889763780443e+00
2.350000000000000000e+02 2.360000000000000000e+02 7.989881889763780443e+00 8.024173228346457520e+00
2.360000000000000000e+02 2.370000000000000000e+02 8.024173228346457520e+00 8.058464566929133710e+00
2.370000000000000000e+02 2.380000000000000000e+02 8.058464566929133710e+00 8.092755905511811676e+00
2.380000000000000000e+02 2.390000000000000000e+02 8.092755905511811676e+00 8.127047244094489642e+00
2.390000000000000000e+02 2.400000000000000000e+02 8.127047244094489642e+00 8.161338582677165832e+00
2.400000000000000000e+02 2.410000000000000000e+02 8.161338582677165832e+00 8.195629921259843798e+00
2.410000000000000000e+02 2.420000000000000000e+02 8.195629921259843798e+00 8.229921259842519987e+00
2.420000000000000000e+02 2.430000000000000000e+02 8.229921259842519987e+00 8.264212598425197953e+00
2.430000000000000000e+02 2.440000000000000000e+02 8.264212598425197953e+00 8.298503937007874143e+00
2.440000000000000000e+02 2.450000000000000000e+02 8.298503937007874143e+00 8.332795275590552109e+00
2.450000000000000000e+02 2.460000000000000000e+02 8.332795275590552109e+00 8.367086614173228298e+00
2.460000000000000000e+02 2.470000000000000000e+02 8.367086614173228298e+00 8.401377952755906264e+00
2.470000000000000000e+02 2.480000000000000000e+02 8.401377952755906264e+00 8.435669291338582454e+00
2.480000000000000000e+02 2.490000000000000000e+02 8.435669291338582454e+00 8.469960629921260420e+00
2.490000000000000000e+02 2.500000000000000000e+02 8.469960629921260420e+00 8.504251968503938386e+00
2.500000000000000000e+02 2.510000000000000000e+02 8.504251968503938386e+00 8.538543307086614575e+00
2.510000000000000000e+02 2.520000000000000000e+02 8.538543307086614575e+00 8.572834645669292541e+00
2.520000000000000000e+02 2.530000000000000000e+02 8.572834645669292541e+00 8.607125984251968731e+00
2.530000000000000000e+02 2.540000000000000000e+02 8.607125984251968731e+00 8.641417322834646697e+00
2.540000000000000000e+02 2.550000000000000000e+02 8.641417322834646697e+00 8.675708661417322887e+00
2.550000000000000000e+02 2.560000000000000000e+02 8.675708661417322887e+00 8.710000000000000853e+00
2.560000000000000000e+02 0.000000000000000000e+00 8.710000000000000853e+00 0.000000000000000000e+00
