1.707610986880000015e+00 7.503661180230000206e-03 6.404386523040000334e+00 4.295581327049999842e-01 4.809389846630000021e-01 -2.191755243590000068e-01
1.716450039841366682e+00 7.691841615861848107e-03 6.410430180957257029e+00 4.811191708922687993e-01 4.790391316937960831e-01 -1.947849300473999956e-01
1.726276650043708782e+00 8.081562658874446789e-03 6.418843436253353296e+00 5.317064113537108838e-01 4.761771433827560185e-01 -1.769464528910199841e-01
1.737040149067535788e+00 8.732410511592856098e-03 6.431699879156902000e+00 5.812049241523421506e-01 4.721051767772560526e-01 -1.555280726986200124e-01
1.748626847407740215e+00 9.772495719264270506e-03 6.455812020714654764e+00 6.295982935590436202e-01 4.687464005789160337e-01 -1.391365545591799757e-01
1.760990074719363641e+00 1.140555790125778908e-02 6.487225337829064742e+00 6.770217568468478442e-01 4.668243052672760851e-01 -1.152815063561799802e-01
1.774527544663421663e+00 1.361925493303752129e-02 6.489479178028936701e+00 7.236534182006107985e-01 4.664329959195860908e-01 -8.965414882157997367e-02
1.790031959514714499e+00 1.569086173666600637e-02 6.423319828111220708e+00 7.694032718644470137e-01 4.629896632588260119e-01 -6.757160664697996200e-02
1.807124543032469832e+00 1.671641270649469602e-02 6.330500077784332547e+00 8.141094448203787248e-01 4.596899099531659982e-01 -4.242119303277996911e-02
1.824999046129730296e+00 1.665475862634243839e-02 6.255273573926152686e+00 8.578682033099853665e-01 4.578623811913279384e-01 -6.448974410779965277e-03
1.843764267386432065e+00 1.560235072396627849e-02 6.183016965432343248e+00 9.008577960787659267e-01 4.578491103335607382e-01 2.415814537782003460e-02
1.863222613595289845e+00 1.345485894523801122e-02 6.115104978599680052e+00 9.431056748588404481e-01 4.566368652532687977e-01 4.855380743502003826e-02
1.883160271881826997e+00 1.015404320213222043e-02 6.052252249749166424e+00 9.846605852420275973e-01 4.575214653303268375e-01 6.296676813862003841e-02
1.903417017727559779e+00 5.716517486365677719e-03 5.994802881330415723e+00 1.025655527946420786e+00 4.588691461482488076e-01 8.860023356082002977e-02
1.923872054831495815e+00 2.962302247618993876e-04 5.946370567288526310e+00 1.066131843595031325e+00 4.607867991574248756e-01 1.170890763308200383e-01
1.944448036434287985e+00 -5.955170821567042777e-03 5.907901129005647789e+00 1.106130486042519845e+00 4.631225179081048249e-01 1.431161287300200258e-01
1.965076084014582447e+00 -1.295341268569401988e-02 5.877733999369557871e+00 1.145650356449546159e+00 4.650198372841468086e-01 1.567508967345400128e-01
1.985711314832462770e+00 -2.059141893214479907e-02 5.855494053258646581e+00 1.184589049041465891e+00 4.654086038237408851e-01 1.770202335751400180e-01
2.006373703469019443e+00 -2.862951641889001364e-02 5.843254550660117452e+00 1.222940553565116106e+00 4.673983855135348531e-01 2.002097001121400377e-01
2.027098465500534186e+00 -3.685262452364538449e-02 5.840805130869640038e+00 1.260939953945241054e+00 4.724992171192349266e-01 2.176141333621800233e-01
2.047911813309457596e+00 -4.511941273476697406e-02 5.845996902086993074e+00 1.298818934140201886e+00 4.791286142217949240e-01 2.281667192003200562e-01
2.068835279625710566e+00 -5.332397860627335201e-02 5.856741241791303842e+00 1.336534759688726925e+00 4.834674027853348988e-01 2.341850013258800767e-01
2.089905491060971343e+00 -6.130399500103168170e-02 5.873206464666598237e+00 1.373966912981789967e+00 4.879312648572349254e-01 2.453523722035000909e-01
2.111162222702144042e+00 -6.889794276750056679e-02 5.894646255167852900e+00 1.411121129392321150e+00 4.925197782026349280e-01 2.478854505571600753e-01
2.132621650141137248e+00 -7.604070409999794111e-02 5.918798600085661832e+00 1.447954874693144989e+00 4.960540067408749643e-01 2.484945563715720840e-01
2.154304503058231735e+00 -8.264653883127950906e-02 5.944945895383255241e+00 1.484326180051032340e+00 4.977422431298170191e-01 2.482031896101400681e-01
2.176232426120393360e+00 -8.862055401818776101e-02 5.972904434938282492e+00 1.520114040255008403e+00 4.987393218485610125e-01 2.485495830411720564e-01
2.198438182845448896e+00 -9.379822620454403292e-02 6.004069154415873300e+00 1.555295499430050743e+00 5.000383599252050670e-01 2.548322237343720320e-01
2.220970653436985742e+00 -9.790693628604571486e-02 6.040883672939651561e+00 1.589956518769256144e+00 5.030845364927251095e-01 2.658973750938120606e-01
2.243882762260256403e+00 -1.006376538310044116e-01 6.084620836970467295e+00 1.624140972339277456e+00 5.054792914634652634e-01 2.775621974981919982e-01
2.267221071734101923e+00 -1.017119444168271269e-01 6.134838173722164001e+00 1.657604047261384217e+00 5.030896552814253520e-01 2.868728706478720358e-01
2.291024121566204830e+00 -1.008856233046638295e-01 6.190622790345885029e+00 1.690147569318178222e+00 5.007538650327452157e-01 2.950607915818120874e-01
2.315325584531206626e+00 -9.786485312922904578e-02 6.252792480655370078e+00 1.721773656130502372e+00 4.981126831382251541e-01 3.076004572259321557e-01
2.340154291628540495e+00 -9.233844212309424981e-02 6.321637085786625754e+00 1.752566838317415332e+00 4.973248368229671867e-01 3.168717711948321192e-01
2.365549557316743101e+00 -8.413570011301614582e-02 6.394691566932846349e+00 1.782610426642508683e+00 4.960121726920792007e-01 3.205038529125920910e-01
2.391560543990860932e+00 -7.314804336556444964e-02 6.470542586091433179e+00 1.811841274751720299e+00 4.933475686157792195e-01 3.252487084082320568e-01
2.418223961083184381e+00 -5.920564246480944370e-02 6.550498172248322426e+00 1.840271653879870017e+00 4.920922282849351514e-01 3.339622103538519848e-01
2.445572145395610519e+00 -4.215860135394557812e-02 6.634790454031719520e+00 1.867978704927851785e+00 4.909191399441911741e-01 3.401676264891319024e-01
2.473702124964194837e+00 -2.198894181742147222e-02 6.721760466248642985e+00 1.895025618513691112e+00 4.906865752235151645e-01 3.430110574978518234e-01
2.502689822527405905e+00 1.294294853027120815e-03 6.810842024925341853e+00 1.921290934379914273e+00 4.864322374448551978e-01 3.522159855924118510e-01
2.532598079435118166e+00 2.784707482782844412e-02 6.905715191455161772e+00 1.946570165002188491e+00 4.812221756023552510e-01 3.678343295043319250e-01
2.561169958012919690e+00 5.756738414368817863e-02 7.047462795708995920e+00 1.970936200951892259e+00 4.782358583265352570e-01 3.804525170223719832e-01
2.575531391672026160e+00 9.274444561842221102e-02 7.332150263669976908e+00 1.994538221608117334e+00 4.759234722128752870e-01 3.881609775259120543e-01
2.580508764333056870e+00 1.320240920584775379e-01 7.599333742275299564e+00 2.017522047957477582e+00 4.759158061046820376e-01 3.938317230353920451e-01
2.580637339306120381e+00 1.454938157467448867e-01 7.682332714693499653e+00 2.025054814970838724e+00 4.748232926152686773e-01 3.949449238580453603e-01
2.580637339306120381e+00 1.454938157467448867e-01 7.682332714693499653e+00 2.025054814970838724e+00 4.748232926152686773e-01 3.949449238580453603e-01
2.580637339306120381e+00 1.454938157467448867e-01 7.682332714693499653e+00 2.025054814970838724e+00 4.748232926152686773e-01 3.949449238580453603e-01
2.580637339306120381e+00 1.454938157467448867e-01 7.682332714693499653e+00 2.025054814970838724e+00 4.748232926152686773e-01 3.949449238580453603e-01
2.580637339306120381e+00 1.454938157467448867e-01 7.682332714693499653e+00 2.025054814970838724e+00 4.748232926152686773e-01 3.949449238580453603e-01
2.580637339306120381e+00 1.454938157467448867e-01 7.682332714693499653e+00 2.025054814970838724e+00 4.748232926152686773e-01 3.949449238580453603e-01
2.580637339306120381e+00 1.454938157467448867e-01 7.682332714693499653e+00 2.025054814970838724e+00 4.748232926152686773e-01 3.949449238580453603e-01
2.580637339306120381e+00 1.454938157467448867e-01 7.682332714693499653e+00 2.025054814970838724e+00 4.748232926152686773e-01 3.949449238580453603e-01
2.580637339306120381e+00 1.454938157467448867e-01 7.682332714693499653e+00 2.025054814970838724e+00 4.748232926152686773e-01 3.949449238580453603e-01
2.580637339306120381e+00 1.454938157467448867e-01 7.682332714693499653e+00 2.025054814970838724e+00 4.748232926152686773e-01 3.949449238580453603e-01
2.580637339306120381e+00 1.454938157467448867e-01 7.682332714693499653e+00 2.025054814970838724e+00 4.748232926152686773e-01 3.949449238580453603e-01
2.580637339306120381e+00 1.454938157467448867e-01 7.682332714693499653e+00 2.025054814970838724e+00 4.748232926152686773e-01 3.949449238580453603e-01
2.580637339306120381e+00 1.454938157467448867e-01 7.682332714693499653e+00 2.025054814970838724e+00 4.748232926152686773e-01 3.949449238580453603e-01
2.580637339306120381e+00 1.454938157467448867e-01 7.682332714693499653e+00 2.025054814970838724e+00 4.748232926152686773e-01 3.949449238580453603e-01
2.580637339306120381e+00 1.454938157467448867e-01 7.682332714693499653e+00 2.025054814970838724e+00 4.748232926152686773e-01 3.949449238580453603e-01
2.580637339306120381e+00 1.454938157467448867e-01 7.682332714693499653e+00 2.025054814970838724e+00 4.748232926152686773e-01 3.949449238580453603e-01
2.580637339306120381e+00 1.454938157467448867e-01 7.682332714693499653e+00 2.025054814970838724e+00 4.748232926152686773e-01 3.949449238580453603e-01
2.580637339306120381e+00 1.454938157467448867e-01 7.682332714693499653e+00 2.025054814970838724e+00 4.748232926152686773e-01 3.949449238580453603e-01
2.580637339306120381e+00 1.454938157467448867e-01 7.682332714693499653e+00 2.025054814970838724e+00 4.748232926152686773e-01 3.949449238580453603e-01
2.580637339306120381e+00 1.454938157467448867e-01 7.682332714693499653e+00 2.025054814970838724e+00 4.748232926152686773e-01 3.949449238580453603e-01
2.580637339306120381e+00 1.454938157467448867e-01 7.682332714693499653e+00 2.025054814970838724e+00 4.748232926152686773e-01 3.949449238580453603e-01
2.580637339306120381e+00 1.454938157467448867e-01 7.682332714693499653e+00 2.025054814970838724e+00 4.748232926152686773e-01 3.949449238580453603e-01
2.580637339306120381e+00 1.454938157467448867e-01 7.682332714693499653e+00 2.025054814970838724e+00 4.748232926152686773e-01 3.949449238580453603e-01
2.580637339306120381e+00 1.454938157467448867e-01 7.682332714693499653e+00 2.025054814970838724e+00 4.748232926152686773e-01 3.949449238580453603e-01
2.580637339306120381e+00 1.454938157467448867e-01 7.682332714693499653e+00 2.025054814970838724e+00 4.748232926152686773e-01 3.949449238580453603e-01
2.580637339306120381e+00 1.454938157467448867e-01 7.682332714693499653e+00 2.025054814970838724e+00 4.748232926152686773e-01 3.949449238580453603e-01
2.580637339306120381e+00 1.454938157467448867e-01 7.682332714693499653e+00 2.025054814970838724e+00 4.748232926152686773e-01 3.949449238580453603e-01
2.580637339306120381e+00 1.454938157467448867e-01 7.682332714693499653e+00 2.025054814970838724e+00 4.748232926152686773e-01 3.949449238580453603e-01
2.580637339306120381e+00 1.454938157467448867e-01 7.682332714693499653e+00 2.025054814970838724e+00 4.748232926152686773e-01 3.949449238580453603e-01
2.580637339306120381e+00 1.454938157467448867e-01 7.682332714693499653e+00 2.025054814970838724e+00 4.748232926152686773e-01 3.949449238580453603e-01
2.580637339306120381e+00 1.454938157467448867e-01 7.682332714693499653e+00 2.025054814970838724e+00 4.748232926152686773e-01 3.949449238580453603e-01
2.580637339306120381e+00 1.454938157467448867e-01 7.682332714693499653e+00 2.025054814970838724e+00 4.748232926152686773e-01 3.949449238580453603e-01
2.580637339306120381e+00 1.454938157467448867e-01 7.682332714693499653e+00 2.025054814970838724e+00 4.748232926152686773e-01 3.949449238580453603e-01
2.580637339306120381e+00 1.454938157467448867e-01 7.682332714693499653e+00 2.025054814970838724e+00 4.748232926152686773e-01 3.949449238580453603e-01
2.580637339306120381e+00 1.454938157467448867e-01 7.682332714693499653e+00 2.025054814970838724e+00 4.748232926152686773e-01 3.949449238580453603e-01
2.580637339306120381e+00 1.454938157467448867e-01 7.682332714693499653e+00 2.025054814970838724e+00 4.748232926152686773e-01 3.949449238580453603e-01
2.580637339306120381e+00 1.454938157467448867e-01 7.682332714693499653e+00 2.025054814970838724e+00 4.748232926152686773e-01 3.949449238580453603e-01
2.580637339306120381e+00 1.454938157467448867e-01 7.682332714693499653e+00 2.025054814970838724e+00 4.748232926152686773e-01 3.949449238580453603e-01
2.580637339306120381e+00 1.454938157467448867e-01 7.682332714693499653e+00 2.025054814970838724e+00 4.748232926152686773e-01 3.949449238580453603e-01
2.580637339306120381e+00 1.454938157467448867e-01 7.682332714693499653e+00 2.025054814970838724e+00 4.748232926152686773e-01 3.949449238580453603e-01
2.580637339306120381e+00 1.454938157467448867e-01 7.682332714693499653e+00 2.025054814970838724e+00 4.748232926152686773e-01 3.949449238580453603e-01
2.580637339306120381e+00 1.454938157467448867e-01 7.682332714693499653e+00 2.025054814970838724e+00 4.748232926152686773e-01 3.949449238580453603e-01
2.580637339306120381e+00 1.454938157467448867e-01 7.682332714693499653e+00 2.025054814970838724e+00 4.748232926152686773e-01 3.949449238580453603e-01
2.580637339306120381e+00 1.454938157467448867e-01 7.682332714693499653e+00 2.025054814970838724e+00 4.748232926152686773e-01 3.949449238580453603e-01
2.580637339306120381e+00 1.454938157467448867e-01 7.682332714693499653e+00 2.025054814970838724e+00 4.748232926152686773e-01 3.949449238580453603e-01
2.580637339306120381e+00 1.454938157467448867e-01 7.682332714693499653e+00 2.025054814970838724e+00 4.748232926152686773e-01 3.949449238580453603e-01
2.580637339306120381e+00 1.454938157467448867e-01 7.682332714693499653e+00 2.025054814970838724e+00 4.748232926152686773e-01 3.949449238580453603e-01
2.580637339306120381e+00 1.454938157467448867e-01 7.682332714693499653e+00 2.025054814970838724e+00 4.748232926152686773e-01 3.949449238580453603e-01
2.580637339306120381e+00 1.454938157467448867e-01 7.682332714693499653e+00 2.025054814970838724e+00 4.748232926152686773e-01 3.949449238580453603e-01
2.580637339306120381e+00 1.454938157467448867e-01 7.682332714693499653e+00 2.025054814970838724e+00 4.748232926152686773e-01 3.949449238580453603e-01
2.580637339306120381e+00 1.454938157467448867e-01 7.682332714693499653e+00 2.025054814970838724e+00 4.748232926152686773e-01 3.949449238580453603e-01
2.580637339306120381e+00 1.454938157467448867e-01 7.682332714693499653e+00 2.025054814970838724e+00 4.748232926152686773e-01 3.949449238580453603e-01
2.580637339306120381e+00 1.454938157467448867e-01 7.682332714693499653e+00 2.025054814970838724e+00 4.748232926152686773e-01 3.949449238580453603e-01
2.580637339306120381e+00 1.454938157467448867e-01 7.682332714693499653e+00 2.025054814970838724e+00 4.748232926152686773e-01 3.949449238580453603e-01
2.580637339306120381e+00 1.454938157467448867e-01 7.682332714693499653e+00 2.025054814970838724e+00 4.748232926152686773e-01 3.949449238580453603e-01
2.580637339306120381e+00 1.454938157467448867e-01 7.682332714693499653e+00 2.025054814970838724e+00 4.748232926152686773e-01 3.949449238580453603e-01
2.580637339306120381e+00 1.454938157467448867e-01 7.682332714693499653e+00 2.025054814970838724e+00 4.748232926152686773e-01 3.949449238580453603e-01
2.580637339306120381e+00 1.454938157467448867e-01 7.682332714693499653e+00 2.025054814970838724e+00 4.748232926152686773e-01 3.949449238580453603e-01
2.580637339306120381e+00 1.454938157467448867e-01 7.682332714693499653e+00 2.025054814970838724e+00 4.748232926152686773e-01 3.949449238580453603e-01
2.580637339306120381e+00 1.454938157467448867e-01 7.682332714693499653e+00 2.025054814970838724e+00 4.748232926152686773e-01 3.949449238580453603e-01
2.580637339306120381e+00 1.454938157467448867e-01 7.682332714693499653e+00 2.025054814970838724e+00 4.748232926152686773e-01 3.949449238580453603e-01
2.580637339306120381e+00 1.454938157467448867e-01 7.682332714693499653e+00 2.025054814970838724e+00 4.748232926152686773e-01 3.949449238580453603e-01
2.580637339306120381e+00 1.454938157467448867e-01 7.682332714693499653e+00 2.025054814970838724e+00 4.748232926152686773e-01 3.949449238580453603e-01
2.580637339306120381e+00 1.454938157467448867e-01 7.682332714693499653e+00 2.025054814970838724e+00 4.748232926152686773e-01 3.949449238580453603e-01
2.580637339306120381e+00 1.454938157467448867e-01 7.682332714693499653e+00 2.025054814970838724e+00 4.748232926152686773e-01 3.949449238580453603e-01
2.580637339306120381e+00 1.454938157467448867e-01 7.682332714693499653e+00 2.025054814970838724e+00 4.748232926152686773e-01 3.949449238580453603e-01
2.580637339306120381e+00 1.454938157467448867e-01 7.682332714693499653e+00 2.025054814970838724e+00 4.748232926152686773e-01 3.949449238580453603e-01
2.580637339306120381e+00 1.454938157467448867e-01 7.682332714693499653e+00 2.025054814970838724e+00 4.748232926152686773e-01 3.949449238580453603e-01
2.580637339306120381e+00 1.454938157467448867e-01 7.682332714693499653e+00 2.025054814970838724e+00 4.748232926152686773e-01 3.949449238580453603e-01
2.580637339306120381e+00 1.454938157467448867e-01 7.682332714693499653e+00 2.025054814970838724e+00 4.748232926152686773e-01 3.949449238580453603e-01
2.580637339306120381e+00 1.454938157467448867e-01 7.682332714693499653e+00 2.025054814970838724e+00 4.748232926152686773e-01 3.949449238580453603e-01
2.580637339306120381e+00 1.454938157467448867e-01 7.682332714693499653e+00 2.025054814970838724e+00 4.748232926152686773e-01 3.949449238580453603e-01
2.580637339306120381e+00 1.454938157467448867e-01 7.682332714693499653e+00 2.025054814970838724e+00 4.748232926152686773e-01 3.949449238580453603e-01
2.580637339306120381e+00 1.454938157467448867e-01 7.682332714693499653e+00 2.025054814970838724e+00 4.748232926152686773e-01 3.949449238580453603e-01
2.580637339306120381e+00 1.454938157467448867e-01 7.682332714693499653e+00 2.025054814970838724e+00 4.748232926152686773e-01 3.949449238580453603e-01
2.580637339306120381e+00 1.454938157467448867e-01 7.682332714693499653e+00 2.025054814970838724e+00 4.748232926152686773e-01 3.949449238580453603e-01
2.580637339306120381e+00 1.454938157467448867e-01 7.682332714693499653e+00 2.025054814970838724e+00 4.748232926152686773e-01 3.949449238580453603e-01
2.580637339306120381e+00 1.454938157467448867e-01 7.682332714693499653e+00 2.025054814970838724e+00 4.748232926152686773e-01 3.949449238580453603e-01
2.580637339306120381e+00 1.454938157467448867e-01 7.682332714693499653e+00 2.025054814970838724e+00 4.748232926152686773e-01 3.949449238580453603e-01
2.580637339306120381e+00 1.454938157467448867e-01 7.682332714693499653e+00 2.025054814970838724e+00 4.748232926152686773e-01 3.949449238580453603e-01
2.580637339306120381e+00 1.454938157467448867e-01 7.682332714693499653e+00 2.025054814970838724e+00 4.748232926152686773e-01 3.949449238580453603e-01
2.580637339306120381e+00 1.454938157467448867e-01 7.682332714693499653e+00 2.025054814970838724e+00 4.748232926152686773e-01 3.949449238580453603e-01
2.580637339306120381e+00 1.454938157467448867e-01 7.682332714693499653e+00 2.025054814970838724e+00 4.748232926152686773e-01 3.949449238580453603e-01
2.580637339306120381e+00 1.454938157467448867e-01 7.682332714693499653e+00 2.025054814970838724e+00 4.748232926152686773e-01 3.949449238580453603e-01
2.580637339306120381e+00 1.454938157467448867e-01 7.682332714693499653e+00 2.025054814970838724e+00 4.748232926152686773e-01 3.949449238580453603e-01
2.580637339306120381e+00 1.454938157467448867e-01 7.682332714693499653e+00 2.025054814970838724e+00 4.748232926152686773e-01 3.949449238580453603e-01
2.580637339306120381e+00 1.454938157467448867e-01 7.682332714693499653e+00 2.025054814970838724e+00 4.748232926152686773e-01 3.949449238580453603e-01
2.580637339306120381e+00 1.454938157467448867e-01 7.682332714693499653e+00 2.025054814970838724e+00 4.748232926152686773e-01 3.949449238580453603e-01
2.580637339306120381e+00 1.454938157467448867e-01 7.682332714693499653e+00 2.025054814970838724e+00 4.748232926152686773e-01 3.949449238580453603e-01
2.580637339306120381e+00 1.454938157467448867e-01 7.682332714693499653e+00 2.025054814970838724e+00 4.748232926152686773e-01 3.949449238580453603e-01
2.580637339306120381e+00 1.454938157467448867e-01 7.682332714693499653e+00 2.025054814970838724e+00 4.748232926152686773e-01 3.949449238580453603e-01
2.580637339306120381e+00 1.454938157467448867e-01 7.682332714693499653e+00 2.025054814970838724e+00 4.748232926152686773e-01 3.949449238580453603e-01
2.580637339306120381e+00 1.454938157467448867e-01 7.682332714693499653e+00 2.025054814970838724e+00 4.748232926152686773e-01 3.949449238580453603e-01
2.580637339306120381e+00 1.454938157467448867e-01 7.682332714693499653e+00 2.025054814970838724e+00 4.748232926152686773e-01 3.949449238580453603e-01
2.580637339306120381e+00 1.454938157467448867e-01 7.682332714693499653e+00 2.025054814970838724e+00 4.748232926152686773e-01 3.949449238580453603e-01
2.580637339306120381e+00 1.454938157467448867e-01 7.682332714693499653e+00 2.025054814970838724e+00 4.748232926152686773e-01 3.949449238580453603e-01
2.580637339306120381e+00 1.454938157467448867e-01 7.682332714693499653e+00 2.025054814970838724e+00 4.748232926152686773e-01 3.949449238580453603e-01
2.580637339306120381e+00 1.454938157467448867e-01 7.682332714693499653e+00 2.025054814970838724e+00 4.748232926152686773e-01 3.949449238580453603e-01
2.580637339306120381e+00 1.454938157467448867e-01 7.682332714693499653e+00 2.025054814970838724e+00 4.748232926152686773e-01 3.949449238580453603e-01
2.580637339306120381e+00 1.454938157467448867e-01 7.682332714693499653e+00 2.025054814970838724e+00 4.748232926152686773e-01 3.949449238580453603e-01
2.580637339306120381e+00 1.454938157467448867e-01 7.682332714693499653e+00 2.025054814970838724e+00 4.748232926152686773e-01 3.949449238580453603e-01
2.580637339306120381e+00 1.454938157467448867e-01 7.682332714693499653e+00 2.025054814970838724e+00 4.748232926152686773e-01 3.949449238580453603e-01
2.580637339306120381e+00 1.454938157467448867e-01 7.682332714693499653e+00 2.025054814970838724e+00 4.748232926152686773e-01 3.949449238580453603e-01
2.580637339306120381e+00 1.454938157467448867e-01 7.682332714693499653e+00 2.025054814970838724e+00 4.748232926152686773e-01 3.949449238580453603e-01
2.580637339306120381e+00 1.454938157467448867e-01 7.682332714693499653e+00 2.025054814970838724e+00 4.748232926152686773e-01 3.949449238580453603e-01
2.580637339306120381e+00 1.454938157467448867e-01 7.682332714693499653e+00 2.025054814970838724e+00 4.748232926152686773e-01 3.949449238580453603e-01
