7.979340154949999819e-01 -7.901962286130000124e-04 6.294022043600000060e+00 4.274515130550000097e-01 4.771358495529999799e-01 4.415363275200000215e-02
8.069953712329852591e-01 -4.805736627754580862e-04 6.299565203846206884e+00 4.791668341308446544e-01 4.804571346159199896e-01 3.790720169214000651e-02
8.170863187698910179e-01 -1.058109300287359542e-04 6.305165644718779383e+00 5.305868458473381732e-01 4.848683262535599670e-01 3.382168054962000209e-02
8.282006708205368328e-01 3.521418272680217065e-04 6.311194284795702103e+00 5.817537943533600542e-01 4.889721654267600304e-01 3.097921889425999872e-02
8.403310131838891417e-01 9.134272769337991021e-04 6.317884550422940393e+00 6.325842623177931889e-01 4.921258591307999808e-01 2.862236012584000108e-02
8.534675467355469225e-01 1.594070208989664282e-03 6.325002758796308022e+00 6.829474633993174448e-01 4.941401455578199875e-01 2.526944648802000384e-02
8.676007570941551839e-01 2.386832855844007832e-03 6.331299314293351799e+00 7.328194689188896049e-01 4.970233589238599592e-01 1.826411560568000705e-02
8.827284608379859510e-01 3.250209830785001121e-03 6.334435592255759140e+00 7.823049184887588270e-01 5.010803610172399614e-01 9.545321339660003956e-03
8.988605555703160777e-01 4.062571285329918611e-03 6.330682638366052828e+00 8.314452460686858615e-01 5.049810372028600280e-01 -8.306114240680000094e-03
9.159995592465283165e-01 4.658664846428797572e-03 6.319143374431013704e+00 8.800282121885214526e-01 5.054964885086481452e-01 -2.093362828156000027e-02
9.341082277375691856e-01 4.900576570352310757e-03 6.304200723341985224e+00 9.277539087356025949e-01 5.040655000017041365e-01 -3.900012111783999341e-02
9.531003583857309280e-01 4.791423452834047553e-03 6.297818146116851423e+00 9.745627958550016068e-01 5.034444965570320507e-01 -4.918797228139999700e-02
9.728922721123176576e-01 4.694813282282572255e-03 6.315762772632870892e+00 1.020602472605492084e+00 5.046540950641680290e-01 -5.497057690526000601e-02
9.934285096496459078e-01 5.227493475798361371e-03 6.362984619850356793e+00 1.065969419803546980e+00 5.058305176986639395e-01 -5.940648035030000884e-02
1.014615203367130958e+00 6.929068876240678139e-03 6.425921798476892377e+00 1.110433219082720857e+00 5.027065690812437815e-01 -7.240691803536002114e-02
1.036340217165147015e+00 9.880935498854527543e-03 6.483623182225736414e+00 1.153701391883682259e+00 4.982176498406837295e-01 -9.468439232795999860e-02
1.058454155333871105e+00 1.386102332871304126e-02 6.531676487219796101e+00 1.195871735244067979e+00 4.968971973772936535e-01 -1.263347978199599875e-01
1.080859884711146579e+00 1.863474298502927964e-02 6.568259260511452702e+00 1.237102810801999908e+00 4.954562245363617334e-01 -1.550587584047599943e-01
1.103497946074847968e+00 2.400368611646324854e-02 6.593670481378437920e+00 1.277143057587599495e+00 4.889087501585216988e-01 -1.789932613813599860e-01
1.126330507430746808e+00 2.975519623583405826e-02 6.608501313815823508e+00 1.315834203646605527e+00 4.838174801484017573e-01 -2.015714285701599717e-01
1.149338900171649414e+00 3.571460012521544825e-02 6.614630256486730531e+00 1.353368879925451074e+00 4.804708652923218026e-01 -2.136087125344599824e-01
1.172500759970221740e+00 4.179582588076739130e-02 6.614996448748378555e+00 1.389948624470694227e+00 4.788046335285217614e-01 -2.203868406911200228e-01
1.195806330892709157e+00 4.790590874773064528e-02 6.610981625884472024e+00 1.425739811016833558e+00 4.784696975761217885e-01 -2.251738558523999900e-01
1.219239659519442576e+00 5.401931014996327191e-02 6.605040887025787733e+00 1.460541246526220638e+00 4.721492392375417624e-01 -2.204096022870999649e-01
1.242783129940965958e+00 6.008868927376777302e-02 6.597199943929177302e+00 1.494050672271504565e+00 4.650301644178817528e-01 -2.250562986711199254e-01
1.266460387968201262e+00 6.587215988098805985e-02 6.583968102072345729e+00 1.526237916300756003e+00 4.577612076039817568e-01 -2.360143825518399574e-01
1.290314930910602120e+00 7.107247189202410553e-02 6.563158573834844134e+00 1.557308514839899072e+00 4.545989811322617147e-01 -2.502732012945599327e-01
1.314406709713173749e+00 7.534441567364942582e-02 6.533245330313835808e+00 1.587507420431258698e+00 4.522842082353616955e-01 -2.677781941772999219e-01
1.338804143202341645e+00 7.830282562625079379e-02 6.493314142595124849e+00 1.617185918534219891e+00 4.565679440989817151e-01 -2.858674705726999554e-01
1.363578631739815084e+00 7.953901059394037631e-02 6.442827940168586842e+00 1.646837484548828945e+00 4.651663620136017308e-01 -3.054091673432799414e-01
1.388793583834720513e+00 7.849740667130659932e-02 6.378659958006872799e+00 1.676228796205532445e+00 4.649210885760237111e-01 -3.352720345734799823e-01
1.414473912544605083e+00 7.454232616800203493e-02 6.298979360914185754e+00 1.704712781493914475e+00 4.592770808572637087e-01 -3.607469383390798923e-01
1.440628664686604443e+00 6.738928916659861490e-02 6.210365373862808624e+00 1.732126571824417649e+00 4.542019674446637900e-01 -3.646787257243399583e-01
1.467265341328934269e+00 5.692666236119835188e-02 6.116443487629042330e+00 1.758586277322313540e+00 4.502579255663837210e-01 -3.762810136286400264e-01
1.494282000079517836e+00 4.272842282243096562e-02 6.011068264050163812e+00 1.784045416601150125e+00 4.442125561566637737e-01 -4.010327189390400227e-01
1.521534396800307665e+00 2.452906859075199356e-02 5.895297941461422830e+00 1.808562344200996153e+00 4.408890479030637133e-01 -4.062464310596201056e-01
1.549039413531878795e+00 2.573301271481711304e-03 5.778517413307376671e+00 1.832893178548782531e+00 4.510851774864237385e-01 -3.974392393515401856e-01
1.576995223694056092e+00 -2.271638520466060657e-02 5.667810122177968424e+00 1.857422466511686743e+00 4.563349976313036960e-01 -3.806767768420001863e-01
1.605877496726965781e+00 -5.082146974033031200e-02 5.569145859681918331e+00 1.881840115649718426e+00 4.592006400747237760e-01 -3.584994317338001668e-01
1.636533959975201347e+00 -8.123988201004939125e-02 5.485638420956481021e+00 1.906107424563442843e+00 4.637616368217637453e-01 -3.436438219343801448e-01
1.670472847317066911e+00 -1.135420172607082556e-01 5.420284542183903653e+00 1.930321360660246732e+00 4.693918317714836919e-01 -3.328633003110401112e-01
1.711650664699549074e+00 -1.471488544182387448e-01 5.389986008788532068e+00 1.954495665804226068e+00 4.744847552475837671e-01 -3.172985235883400423e-01
1.711650664699549074e+00 -1.471488544182387448e-01 5.389986008788532068e+00 1.954495665804226068e+00 4.744847552475837671e-01 -3.172985235883400423e-01
