0.054742 0.006055 0 0
0.000000 0.006055 0 0
-0.000000 0.006055 0 0
-0.000000 0.006055 0 0
-0.000000 0.006055 0 0
0.000000 0.006055 0 0
-0.000000 0.006055 0 0
-0.000000 0.006055 0 0
-0.000000 0.006055 0 0
-0.000000 0.006055 0 0
-0.000000 0.006055 0 0
0.000000 0.006055 0 0
-0.000000 0.006055 0 0
0.000000 0.006055 0 0
0.000000 0.008872 0 0
-0.037825 0.014014 0 0
-0.096134 0.024831 0 0
-0.182187 0.036593 0 0
-0.234705 0.047807 0 0
-0.262448 0.054046 0 0
-0.260675 0.057826 0 0
-0.246088 0.060417 0 0
-0.227163 0.062919 0 0
-0.209046 0.065774 0 0
-0.193147 0.068984 0 0
-0.179125 0.072490 0 0
-0.166489 0.076227 0 0
-0.154903 0.080152 0 0
-0.144183 0.084237 0 0
-0.134228 0.088455 0 0
-0.124982 0.092789 0 0
-0.116417 0.097222 0 0
-0.108740 0.100000 0 0
-0.101394 0.100000 0 0
-0.093931 0.100000 0 0
-0.087389 0.100000 0 0
-0.081884 0.100000 0 0
-0.077295 0.100000 0 0
-0.073433 0.100000 0 0
-0.070214 0.100000 0 0
-0.067572 0.100000 0 0
-0.065451 0.100000 0 0
-0.063801 0.100000 0 0
-0.062573 0.100000 0 0
-0.061724 0.100000 0 0
-0.061213 0.100000 0 0
-0.061000 0.100000 0 0
-0.061051 0.100000 0 0